./RotationSim r
-0.1340613205571536
-0.1361098174207959
-0.1401414718093982
-0.1404635504694233
-0.1419193588217747
-0.1418785696001144
-0.1436795384984335
-0.1434733826617076
-0.1418291656996056
-0.1416602366716165
-0.139831337659846
-0.1402067362654515
-0.1379019390836498
-0.1352168145014935
-0.1353182980955757
-0.1313094039485099
-0.1310100202800575
-0.1267534136044558
-0.1233852918264174
-0.1189836907616234
-0.1162271487761418
-0.1150530762848543
-0.1109432995620736
-0.1043635824120672
-0.09888816331324882
-0.09667645539797122
-0.09013589537384201
-0.08514989125763661
-0.07915635350316866
-0.07516093605252859
-0.07019135127579568
-0.06726576638611716
-0.05810646442294933
-0.05029378311916716
-0.04505308981553165
-0.03658579201155753
-0.03194988288131826
-0.02160105247262653
-0.01025757173399462
-0.003433248805571148
0.003573103784398974
0.0157400875164056
0.02159814816795865
0.03167266608200368
0.03726846859575123
0.04693485349514685
0.04777238863036181
0.05809628900381359
0.06604998256392297
0.07210199735635846
0.08085119567390689
0.08684127157056371
0.09656167644150572
0.09878883283509261
0.1054862892236808
0.1121976532842352
0.1156262833523311
0.1181336668463091
0.1185254464406608
0.1287908690744355
0.13155643962729
0.1279443613236784
0.1313692762481526
0.1371311202866288
0.1348904465231013
0.1357957752467707
0.1375071735790498
0.1344559023848126
0.1359239124651669
0.1368947250630927
0.1262846589872817
0.1241304405949638
0.1245940593467301
0.1134727649617938
0.1101440024199123
0.1032938288646717
0.09575591908952591
0.09140034193985257
0.08104111875184528
0.07022939667016374
0.06419114606917289
0.0478699585380118
0.0362359739793902
0.02579442019297243
0.01064530288953001
-0.006484121191697639
-0.01322439834849978
-0.02938073357872506
-0.04161425311144879
-0.05381224111150209
-0.06403245952484728
-0.07462838145711093
-0.08619754636456406
-0.09160761767624477
-0.1010238724098386
-0.1050525952554543
-0.1111598019760247
-0.1185796253011412
-0.1233666219031859
-0.126635440103495
0
-0.01177434006982084
