./RotationSim r
-0.1551907505132592
-0.1570512803619668
-0.1600695461989478
-0.1609382636456038
-0.1604063982498379
-0.1553571058464229
-0.1591042361945674
-0.1587606182795132
-0.1538587902388785
-0.1573871408046834
-0.1555812325404653
-0.1485212895818918
-0.1425657821557161
-0.1428960882864357
-0.1409987187693049
-0.1351328839715363
-0.13067573226454
-0.1266125924216703
-0.1228062595865928
-0.1179497532300637
-0.1114720198234091
-0.1060730977681148
-0.1003224158563038
-0.09597908683863056
-0.09308177526200258
-0.08028783962579528
-0.07629660408763003
-0.06861765782481985
-0.0592681008839283
-0.0570551032314212
-0.04875469961643801
-0.04135623807729784
-0.03196732301905746
-0.02518703888967889
-0.01133115601038956
-0.003673995521758925
0.008682913872731599
0.01382832502176523
0.01974201154012658
0.03777116893315988
0.04609634262040654
0.05140464635952909
0.06689275798443287
0.07510270687464816
0.08182930556604268
0.09613734051626047
0.1008852984489677
0.1221288966426163
0.1245519391604709
0.1246672808360491
0.1407440733386204
0.140798969114025
0.1569373534901722
0.1592386797766138
0.1641485128383907
0.1713164722167886
0.181748825537507
0.1867350573846905
0.1946236763151343
0.1786164126271966
0.1857980373224291
0.1911646211410105
0.1994854876351694
0.194655325156186
0.1929294594401832
0.1918898612119226
0.1901920160782674
0.1837979622462781
0.1776468180133065
0.1786962619486129
0.1644379779998676
0.1654835278616448
0.1564386336782738
0.1384810854756955
0.1314277478502164
0.1204630804463232
0.09366285001184674
0.07902966410936876
0.06907076840636847
0.03473131859323722
0.03608284792432945
0.01790267244354637
-0.003237340244929845
-0.02680769987465605
-0.03762128091849232
-0.05232377616659154
-0.06478018231763186
-0.0787923501286724
-0.09003406123681949
-0.09767205566129505
-0.1029446278240697
-0.1160918567484467
-0.124438647611311
-0.1294062687302072
-0.1327436642329026
-0.1412325006570109
-0.1412189599858457
-0.143431469446303
-0.1494702010903273
-0.1556067939291175
0
0.0002729976591515269
