./RotationSim r
-0.1257301808995796
-0.1285237973024636
-0.1334045019602808
-0.134863792039271
-0.1378187354387629
-0.1380665601995689
-0.1371474243120214
-0.1393753781349071
-0.1390494434127315
-0.1364398480411439
-0.1374679761856129
-0.1370069889149713
-0.1373093244902402
-0.1348745606204498
-0.1314826034469301
-0.1308215362704038
-0.127723056107824
-0.1258546139823017
-0.1217954108837223
-0.1233648970028982
-0.1194662384841743
-0.1143029396513587
-0.1126230529732361
-0.1085582297787241
-0.10659292313545
-0.1028528452310949
-0.09707791651771355
-0.09068424476242982
-0.08799373555500078
-0.08400868636133134
-0.07460598254052182
-0.06655338570935695
-0.06014526120552192
-0.05113663732296391
-0.04717805992339878
-0.03978124367179262
-0.03243516439341818
-0.02901809285023487
-0.01974961567550772
-0.01183785224003318
-0.001602492541414254
0.006026812931233014
0.01555903280747657
0.02392665957003325
0.02765063897863346
0.03822807563047361
0.04715368756857358
0.05269184910112668
0.05357466767329675
0.05942880563526808
0.07170610212954671
0.0775449256156901
0.08662712046442141
0.09154730382226978
0.1053641076186317
0.1103928850142338
0.114117032045465
0.1136976029400909
0.1165465755348051
0.1150418326526609
0.1215920639930815
0.1276823326042697
0.1289644240485156
0.1308042554297931
0.1307420798380846
0.1315716454710904
0.1345230278889846
0.1322668530877832
0.1322782693866069
0.1265117821230347
0.125558316191763
0.1184698705902079
0.1162777645366075
0.116587057287791
0.1090745101457857
0.1121545513299235
0.1019340073668392
0.09486162143072438
0.08656005318283
0.07388105209503901
0.06005238269217807
0.0560852556493548
0.04313621608519413
0.03004143619132311
0.01984724623503845
0.009365854688547972
-0.005719128377512674
-0.02089106901595049
-0.03282754343779654
-0.04435032732616871
-0.05272645613428431
-0.05995472232117575
-0.07148571721109058
-0.08190184541468874
-0.08915937756177383
-0.09918531580565082
-0.1033379551861457
-0.1104000807014205
-0.1156344390235096
-0.1224448800415303
0
-0.01227354444417633
