./RotationSim r
-0.14722295713632
-0.1497753864101234
-0.151516714774766
-0.1513937091261338
-0.1512428121234911
-0.1511904983208209
-0.1497459550839654
-0.1494733208951678
-0.1485702921409222
-0.1498002891089559
-0.1504866375613841
-0.1454749300551313
-0.1420988430747059
-0.1433363468836109
-0.1363474073631495
-0.1332278818940471
-0.1298314062379397
-0.1253205604978738
-0.1242397567548422
-0.1185151822812271
-0.1166040500781484
-0.1114111101002637
-0.1110572934176377
-0.1043366869164314
-0.1008001932668068
-0.09205480670176681
-0.08499308501328171
-0.08055361098135488
-0.07123797657659096
-0.06785950624736127
-0.05883731111075959
-0.05132365828746246
-0.04495772977904079
-0.03486716945751062
-0.02372701812127332
-0.01532550486544277
-0.008110385238915857
0.001171856451624126
0.007147910172804246
0.01767880360166185
0.03053648630792445
0.03850777732884653
0.04315639335085145
0.0513257793652919
0.05763014508798367
0.06499040528845887
0.07805965588106824
0.08775426045802011
0.102321256038219
0.1065179785930321
0.1208086015733138
0.1233188792098484
0.1291105515288738
0.1345264462852711
0.130306518604196
0.1365052430924263
0.136485849404638
0.1464051572083039
0.1488089032689774
0.1550302509823208
0.154937750554439
0.151146372554831
0.1538765396149345
0.1578123200147762
0.1592636850664091
0.1582919295256502
0.1582609023099127
0.1554853185001836
0.1502031556882586
0.1485132648495567
0.1400295327690326
0.1320528084839589
0.1373195868962645
0.1175396103286503
0.1134497243987418
0.09659432439039767
0.1127482990888731
0.08360439720083644
0.0681840404130491
0.05393628764712845
0.04713462251919
0.02773320919656181
0.009099745770577863
-0.008744730755425416
-0.02446919565172304
-0.03719727938293313
-0.05028740427541502
-0.05803629742397856
-0.06889994763946738
-0.07647636962264846
-0.08595754811744979
-0.09830825340642971
-0.1052661145492863
-0.1128069092911935
-0.1215504542174047
-0.1234419518663654
-0.1326494743301298
-0.1370746337759312
-0.13853682964609
-0.1413287021401155
0
-0.007353315082864491
