./RotationSim r
-0.1461732067060031
-0.1533127309976978
-0.1569075642975286
-0.1566428335854765
-0.1566431900154028
-0.1608880644481165
-0.1619792760412991
-0.1578679445724325
-0.15514625012388
-0.1532763501235451
-0.153170590215397
-0.1500867522735143
-0.1486782194927883
-0.1464988653724751
-0.1454650678612998
-0.1390962022926613
-0.1368286058373236
-0.1326011172978781
-0.1249962911111461
-0.1228475508843415
-0.1194399915819425
-0.1175718728727502
-0.1210566480952393
-0.1042600164190851
-0.09802665596865882
-0.09436705709849549
-0.08788079621880446
-0.08111791836507333
-0.07230360573708597
-0.06705894903951168
-0.05812564657165229
-0.04303095673900523
-0.03424896530885114
-0.03000288466614561
-0.0228685020980761
-0.01309712742756328
-0.0007761794327658996
0.009062968637493405
0.0147151335545027
0.02771751825634252
0.03621554147414571
0.03903894396602531
0.05607491524473576
0.06361548575478949
0.07183343199846642
0.07884799084834947
0.08493727928273971
0.09514412312817751
0.1070013847368831
0.1170050535144502
0.1220945547580391
0.1220239091379687
0.130458692742996
0.1356094358682578
0.144878657034194
0.1594393337797702
0.1622570744796552
0.1665590457894514
0.1632890443062318
0.1616955855511652
0.1638892404986728
0.1597362807038823
0.1703665814278007
0.1784953974966579
0.1700148365796633
0.1704149298444585
0.1651370389626703
0.164973187442306
0.1719077630111354
0.1576782219542999
0.1482447697648819
0.1419558257687794
0.1377347757697235
0.1281390576063539
0.1161636181983596
0.09881515635575076
0.09881307727657532
0.08990846897606396
0.07597501380568644
0.062601614209437
0.04373364982557142
0.03259394243477822
0.009896761266795411
-0.006594210256131023
-0.0250512341229514
-0.03151624809743468
-0.05366566766885877
-0.07206591094388716
-0.07901994477752317
-0.08566428840102526
-0.09257975141539625
-0.09852922585611235
-0.1097707929733685
-0.117846986776321
-0.1260189276061927
-0.1363377100436161
-0.1370347508523351
-0.1463059998550994
-0.1442007644977558
-0.1481137116767513
0
-0.005680810713281092
