./RotationSim r
-0.1584033876556876
-0.1608132571118288
-0.1676426164668485
-0.1623880370315223
-0.1667666289566184
-0.1599443660006066
-0.1599503747409378
-0.156773689637452
-0.1653778451364087
-0.1542450989835311
-0.148846794322067
-0.1480171795923073
-0.1423760091628903
-0.1402512361430236
-0.1365547570526494
-0.1285378724090891
-0.1227500792463184
-0.1223109630922863
-0.1162688638150183
-0.1089715397440743
-0.1070581995688858
-0.09989536989553717
-0.09170746018267478
-0.0865183705943197
-0.08153432864253909
-0.07301633920960096
-0.06738656785447142
-0.05770892456796554
-0.05182422787390022
-0.04453525640937049
-0.03901978424140948
-0.02580057957653343
-0.01949199239774849
-0.01017818450686359
0.0004246125686919694
0.01024782917950904
0.01825230799458942
0.0294296955273923
0.04445570699705591
0.04953264407764086
0.05713455510173399
0.06818647403572473
0.07547797641408809
0.08428458673793662
0.09706979399897719
0.1066799053740796
0.1248017131437705
0.1221964323194224
0.1373610517794636
0.1429383634706983
0.1507744527687855
0.1542262674164248
0.1638226791992761
0.1755909825628439
0.1810924884210453
0.1802884215906038
0.1847982149460883
0.1864251773157073
0.1835307202389956
0.193003363203688
0.1980335858846175
0.2018215869510132
0.2107533283506149
0.2154739396748361
0.2094942886821624
0.2042084410116078
0.2051105665168752
0.191707928328487
0.1855032828952027
0.1788156982057173
0.1665189286180447
0.1533846131200863
0.1443279713804258
0.1342481567287326
0.1231010532694414
0.1055116955540811
0.09178895949167214
0.07250388510676987
0.05864340339792428
0.03667620908838282
0.02142931361349638
0.009676450651433967
-0.02363213307332059
-0.03752425521929235
-0.04612212008778077
-0.06039289398561983
-0.07451910682217976
-0.0894843430137173
-0.09648909037316392
-0.1099795983937595
-0.119300361548746
-0.1167951476313338
-0.130997281474427
-0.1351599942199944
-0.1356205911695719
-0.1470693260658272
-0.154426586708742
-0.15378017024502
-0.156042299943932
-0.154638579192831
0
0.004151296910100534
