./RotationSim r
-0.1491887074110212
-0.1566740320687669
-0.1611875453098686
-0.1701164301142289
-0.1778738999502115
-0.1779167036105931
-0.1828656356873647
-0.1863038050106757
-0.1773014044831885
-0.1771212105784355
-0.185722598028637
-0.1886555394986558
-0.1847856175117445
-0.1786536478955041
-0.1810330693413447
-0.1671787424441757
-0.1741632221830681
-0.1721200188631976
-0.1754693039823207
-0.1784979372360362
-0.1597412083172897
-0.1568184082542786
-0.1460770289124421
-0.1404807348828521
-0.1427529146308447
-0.138297677199901
-0.1265213435133202
-0.1229458440481311
-0.112138365437481
-0.116995532420098
-0.09906711313630265
-0.09277894171091362
-0.08329385936241852
-0.08062422765709649
-0.07614499948875469
-0.05984600804982462
-0.0434551660669225
-0.04357124861171214
-0.02576366762196438
-0.02118598401098058
-0.01222588720045256
-0.0104165383475997
0.002670519104035861
0.01353181474583348
0.02418289252902004
0.02606406366043131
0.04133273508037551
0.06317786692200289
0.06641918021841905
0.07959675997505036
0.08816267938690964
0.1030756006144616
0.1097653809771195
0.1079517426673761
0.1278833075882528
0.1281291106853889
0.1504755562133953
0.1536982474198593
0.164185089903854
0.1632875748016315
0.1754675261862048
0.1760838879633921
0.1766759587480957
0.1972001917958977
0.206016316564714
0.202833916147606
0.19409801859144
0.201034804710533
0.1976373707383724
0.1953151361331861
0.186760953869948
0.1791053719069161
0.1671527748702378
0.1777860976702418
0.1702128705336815
0.1757476068448679
0.1647250757326764
0.1684723084956485
0.1479146821938419
0.1270625423840193
0.1155500493806901
0.1039307830978276
0.08813838564966303
0.0746082993119965
0.06204150792956385
0.03865735425338829
0.0253324542744707
0.01274653541457237
-0.006361646612256072
-0.02209891342047484
-0.04211834831971189
-0.05787315519481512
-0.07281778941894052
-0.08292787772445212
-0.09635437540267465
-0.1081497651328286
-0.1175645331402426
-0.1371694626521108
-0.1350896146791628
-0.1542691290515347
0
-0.01453484523493068
