./RotationSim r
-0.1505616719783428
-0.1567891924316238
-0.159043179620667
-0.1592849834442031
-0.1608224548393804
-0.1560591883958099
-0.1561149851602234
-0.155396450978647
-0.1601126555827345
-0.1520267178213781
-0.1521037972710934
-0.1468772971655735
-0.143417010345906
-0.141791797929145
-0.1405501546666913
-0.1454690105794814
-0.1319334791477499
-0.1273895516948213
-0.1246231850338116
-0.1190337484205715
-0.112789279990941
-0.1083272131450083
-0.10326183013571
-0.09517930984673104
-0.09236534563381681
-0.0893520880143697
-0.08376860319832234
-0.0726163123743685
-0.06454566571707586
-0.05350654948976472
-0.04648482420216268
-0.03934984544308556
-0.02690875574240293
-0.02017596835241264
-0.01674119544884041
-0.004102022440719895
0.006322046875994863
0.01796528266387798
0.03319466718549405
0.0344121438279085
0.04524633807872863
0.06079906595918641
0.1142907793227642
0.08021568473179978
0.08654423533353289
0.09419229884087847
0.09967414635390616
0.1153729521949718
0.118947054961122
0.124161993118019
0.1356416744429906
0.1422605785161729
0.1507893393154377
0.1563140067666668
0.1552668785209027
0.1643642164175996
0.1599753873169171
0.1674614509388301
0.1696455729720223
0.1740710715264578
0.1801883777129048
0.1832753844069956
0.1795290689402994
0.1766712372429414
0.1815433213311129
0.1834458690668841
0.1837349247238747
0.1781490470453329
0.1730158650825553
0.1614688769197909
0.152838646498718
0.1527286767867425
0.1523637033472807
0.1378568797688201
0.1252686536510395
0.1110184824415283
0.1007505803177688
0.08675691388845121
0.07014351909334415
0.05599803759928116
0.03094210917467919
0.01559602421486836
0.004331646466962375
-0.01244046939042548
-0.02730715752780409
-0.04284965727502503
-0.05349657637199589
-0.07214449104911808
-0.08578581042768248
-0.08707882354840223
-0.09527470452964944
-0.1072245712194419
-0.113006045890069
-0.121037606744641
-0.1270148022884018
-0.1329139496209831
-0.1371070870343462
-0.1378944053857725
-0.1536658951356365
-0.1494874644432654
0
-0.0011724388774837
