./RotationSim r
-0.1400363918468893
-0.1453577890684216
-0.1469383343981166
-0.1448562262276753
-0.1473162751165163
-0.1502594762415606
-0.1501676758897115
-0.1492386242963805
-0.1475063416924797
-0.1476320302457395
-0.1457420737013656
-0.1455809241715871
-0.1424891461730192
-0.1394945290862115
-0.1400311522337724
-0.1381963723540813
-0.1332995384022789
-0.1305212164370639
-0.1291693961651903
-0.1248214568286342
-0.1226021048241183
-0.1131883462140868
-0.1108650125223738
-0.1054457797557484
-0.101883986489287
-0.09509434901224219
-0.08901640203674351
-0.08270174912643538
-0.07713814699539913
-0.07138057185235236
-0.06118204254193015
-0.05233762984628273
-0.04080562152808773
-0.03704711870844459
-0.03166876070424915
-0.02393659020327714
-0.01537108313674976
-0.005243361529177503
0.007219380358878281
0.0103750444398602
0.01841711910121866
0.026439275423473
0.03556326123849404
0.04080700462564088
0.05226907098335446
0.06502449512177247
0.07477613588719348
0.07987537226767347
0.08683243608333845
0.0940090400086645
0.09928270242178931
0.09946646822741111
0.1126143223112605
0.1240284877213652
0.1295022720042228
0.1353945659135939
0.1345491673958147
0.1340819467405894
0.1415494613868568
0.1373426949715521
0.1429764135086571
0.1506006753476199
0.1453689239052958
0.1449673613441672
0.1502354145028584
0.1487430758337058
0.1483962844717792
0.1473574320516362
0.1392787581202138
0.1392794045728564
0.13825447180793
0.131377308104382
0.1209603748896287
0.1198520525066169
0.1124410373499881
0.1003791962132653
0.09495340871607857
0.08728194155591792
0.07290891565302852
0.06430058234230804
0.04565670045022941
0.03630585233311546
0.01444250887547594
0.007553868528659934
-0.003471426514485895
-0.01875182262480429
-0.03122756692183401
-0.04529736241158814
-0.05471864857178495
-0.06976952536410433
-0.08094043183002657
-0.0889417105334442
-0.09948398851453118
-0.1027759585721891
-0.1099396435721053
-0.1186477877099368
-0.1228540383467219
-0.1264681336180709
-0.1337847034024473
-0.1398849810485238
0
-0.008091506294546637
