./RotationSim r
-0.1183536256708888
-0.1237473964293685
-0.1298740238244981
-0.1306268558972256
-0.1361667084442407
-0.1365088908347468
-0.1370618649480583
-0.1395110480123309
-0.1401312716354728
-0.1368571441166589
-0.1422686082961279
-0.1440634016833057
-0.1388531012783225
-0.13564883347844
-0.1338301680814488
-0.1302950702964816
-0.1282480172287069
-0.1254905703285599
-0.1234396736405397
-0.1263301749380608
-0.1199318315351684
-0.114715544545193
-0.1103202074919514
-0.1103309367363885
-0.1025099571680752
-0.09900850479038686
-0.09473875047061221
-0.09112923602370285
-0.08189786785895073
-0.07797196605560454
-0.07454052415128043
-0.06934972673124545
-0.06196768092464425
-0.05710957670969262
-0.05301408236824984
-0.04590921855964485
-0.03891601953739435
-0.02871318517226244
-0.01931670623059804
-0.01210798041004736
-0.007161017986961941
0.003066263371246537
0.01024433658186523
0.01656127172760423
0.02755616777977422
0.03433414697271731
0.04297881590920539
0.05276692164668175
0.05482854139928486
0.0582095161583276
0.06543387894125068
0.0679777091335699
0.07796244200460853
0.08898023527600253
0.09563285566531536
0.1051017996179119
0.1078889797473963
0.1057087866234427
0.1175692768074539
0.1189763000438529
0.1188819873102118
0.1285285679700456
0.1238926496198702
0.1262905782808371
0.1326934896996929
0.1345810209039246
0.1346693348663774
0.1284948119155725
0.1350468951527726
0.138965098333972
0.1365697231252889
0.1331916059501853
0.1369329905501598
0.1366949327793443
0.1341375467669543
0.1198395860388403
0.1091359100330557
0.09750072261722845
0.093438063486162
0.09170975633201311
0.07661217318158141
0.06228189866542998
0.05363514546344436
0.04586318812626641
0.0358746111487856
0.02151578213774129
0.006933707399263335
-0.006628160850288118
-0.01612320470928688
-0.03202488618204062
-0.03722129549182558
-0.05443603443600004
-0.06457421136279667
-0.07421567459650205
-0.08484319240898774
-0.08972813546229098
-0.1027694560291659
-0.108287965302131
-0.1145550586335997
-0.1204036357894469
0
-0.01171973395886508
