./RotationSim r
-0.1377320591166923
-0.140478176262335
-0.1422823780849445
-0.1440906802607613
-0.1459493583398877
-0.1475000824495083
-0.1464800196160434
-0.1487168677815753
-0.1469898393500111
-0.1466252023706669
-0.1424134126541021
-0.1449332823086171
-0.143265954725456
-0.1401622911472892
-0.1377023039631375
-0.1335738770211723
-0.1296599382459208
-0.1282827544633887
-0.1242885733391164
-0.121375103277421
-0.1173876404106359
-0.1151472560408132
-0.1111847070478933
-0.1075935741268342
-0.1020462681579795
-0.09570160001283888
-0.09103216744330014
-0.08924259672155399
-0.07878086101960398
-0.07339926426099469
-0.06545395682943472
-0.05639836028343443
-0.05063359559754808
-0.04235697533320953
-0.0361701047970653
-0.02772731095603231
-0.01933186676519779
-0.0118765545035423
-0.001431238026055054
0.006995130799656058
0.01496323641567145
0.02376799433785167
0.03194534109031875
0.04033288428501556
0.04555714493586494
0.05555883159108844
0.06042412601243105
0.06484569641301036
0.07654087490247298
0.08296713456381552
0.09161916686079281
0.09652456574222812
0.1032919759815153
0.1092869462102275
0.119889553982164
0.1175585691548405
0.1165546175663972
0.1207544973208432
0.1245639824030734
0.1285754068901155
0.1323329232560812
0.1306482877709798
0.1385549089804212
0.1462599360456093
0.1390321526244229
0.1350695885970361
0.1363459161091092
0.133485793814182
0.1381910286640368
0.1331564454475211
0.132886603316122
0.1263231274294682
0.1236915978184241
0.1196069104509328
0.1127426962578466
0.103901594778738
0.09333646583259994
0.08319787256360928
0.07685129913971359
0.06136568225950793
0.05678799915505094
0.04637807908400603
0.03319752817399478
0.02010872138542037
0.006249616843293497
-0.01103183564831837
-0.02043441681224031
-0.03997858971859179
-0.05111985222284211
-0.06154667732788302
-0.07033743004156535
-0.08208696472473725
-0.09190722105749849
-0.09988467105742084
-0.1086620993522698
-0.115246441755669
-0.1193277598714311
-0.1224251681278948
-0.1257416107732812
-0.1327197164810742
0
-0.0101654816217187
