./RotationSim t
0.5164886393198839
0.4261872763900497
0.4122106413478229
0.06760565570011226
0.428798642582861
0.445012187564973
0.06200878002656594
0.05833400732178454
0.0533648533989155
0.0532681911448646
0.04987852866459592
0.047618184650652
0.04597323554276623
0.04320538020594621
0.04266951850442986
0.04087397348631364
0.03643772371248851
0.03574398209194177
0.0331713809752072
0.03183644601411763
0.03040475761250747
0.02836825416870383
0.02673722298340353
0.02614690323823562
0.02501313221128833
0.02234550812383651
0.02280045737429176
0.0201670703149459
0.01832288113613321
0.01818716783537095
0.01718215745146943
0.01513662120914222
0.01393831750659528
0.01275006568032849
0.01313231623455428
0.01193443959716942
0.009961276026223763
0.01095888970508449
0.009772635385761978
0.008119640631037012
0.006371717723037717
0.006143672344805159
0.00573968285997363
0.004811055613280396
0.003998789457386146
0.003764816181126072
0.002920172121710156
