./RotationSim t
0.5234727179627974
0.5240420778465148
0.5234147827616373
0.5258505085230969
0.5272823557319573
0.5236820622836652
0.5252041134576737
0.5257446321446742
0.5249259933326331
0.5231283273752471
0.523894035693575
0.5205637075652563
0.5224074958350885
0.521311502469487
0.5197426117014723
0.5197192363495535
0.5196653375628921
0.4916099667726175
0.4956445602244247
0.4239103890966772
0.4121947699504666
0.4198695085161387
0.3772531269221959
0.2143883103711423
0.1189011794926848
0.05245116527301977
0.04572676548272845
0.0409813443738501
0.03349758188366692
0.02852151559014926
0.02369305782194006
0.01727885420980215
0.01628804362665337
0.01105581376729269
0.006871107808173842
0.005247931178496978
-0.001096078881115205
0.0005345270072926756
-0.007537676856055249
-0.008039283473772462
-0.01201011101048325
-0.01510757178789392
-0.01589286677825429
-0.01658409927035633
-0.02057929375059655
-0.0228988175686133
-0.02317553017380677
