./RotationSim t
0.06866407165324803
0.06719417262286206
0.06342344625786031
0.06160381716114015
0.05938026978233789
0.05391709785807013
0.05157309262998239
0.04662398179976869
0.04415891824404866
0.04158618760683176
0.03802097421897295
0.03482956738852602
0.03210936864423274
0.02868932073122028
0.02728244701391089
0.02498456889447642
0.02155154585992403
0.01903811036928276
0.01735605443148139
0.01463832749631274
0.01279883489065939
0.01116633995331732
0.008785028566947194
0.007482040414446457
0.005617102936390824
0.004182709245246754
0.002837925492835668
0.0008854766144045502
-0.001210498017676422
-0.001911576830507713
-0.002898616801477905
-0.004652549254440067
-0.005283117110689738
-0.006861368022738886
-0.00700600992463519
-0.0074410724287515
-0.009384682133511195
-0.009858029106658714
-0.01060944589723889
-0.01130867742112225
-0.01216037332826355
-0.01211382806147663
-0.01284079393621699
-0.01241946753555749
-0.01200948376029783
-0.0125372397927798
-0.01363692396995116
