-4 -6 0 0
1.946992 7.327680 -0.409446 0.251083
5.439238 5.302705 -0.337351 -0.187958
6.912630 3.078901 -0.518317 0.122512
-1.241526 -5.905289 -0.384294 0.169651
1.081693 -6.284692 -0.180977 0.181348
3.110198 -6.536706 -0.198444 -0.006863
-4.900678 -4.139758 -0.454425 0.307637
-2.701973 -4.157924 -0.430559 0.150308
-0.659244 -3.990394 -0.414528 0.309437
1.643204 -4.346638 -0.244844 0.284611
3.668006 -4.383261 -0.574105 0.073421
5.693415 -4.373387 -0.172253 0.052457
-6.131239 -2.343344 -0.622159 0.242614
-3.897747 -2.103729 -0.565901 0.293513
-1.802944 -2.243713 -0.615981 0.278819
0.275713 -2.184284 -0.504770 0.229863
2.275779 -2.331195 -0.574224 0.200255
4.310409 -2.415855 -0.640363 0.371549
6.551464 -2.450375 -0.337513 0.194338
-7.241537 0.555506 -0.845015 0.416179
-5.262483 -0.403101 -0.644037 0.061058
-2.927196 -0.259158 -0.653647 0.443803
-0.901580 -0.346216 -0.662892 0.228739
1.247994 -0.428141 -0.410717 0.383819
3.299820 -0.480095 -0.566698 0.340171
5.312654 -0.566480 -0.515752 0.355814
7.514488 -0.614683 -0.229976 0.133959
-6.484134 2.749114 -0.498664 0.501137
-4.055034 1.475299 -0.767221 0.317776
-1.841726 1.581929 -0.804997 0.232647
0.266637 1.345494 -0.690431 0.062891
2.355721 1.484636 -0.649590 -0.380048
4.450912 1.398548 -0.614835 -0.239413
6.440104 1.107523 -0.498379 0.014647
-5.667601 4.987930 -0.837383 -0.344184
-3.452554 3.567286 -1.059800 -0.519219
-1.162476 3.537043 -0.545540 -0.174340
0.848184 3.340785 -0.589960 0.291998
2.878729 3.497635 -0.215300 -0.701962
4.876365 3.382629 -0.596732 -0.350007
-4.066821 6.372893 -0.413668 -0.660764
-2.233979 5.226868 -0.361237 -0.871249
-0.090997 5.464853 -0.560131 -0.579780
1.987347 5.308261 -0.653550 -0.158303
3.840019 6.542541 -0.384668 -0.474577
-2.207950 7.226699 0.315836 0.166028
-0.116801 7.535061 -0.307169 -0.689245
