-4.79909 -17.99909 0 0
-2.69969 -17.99969 0 0
-0.59950 -17.99950 0 0
1.50071 -17.99929 0 0
3.60027 -17.99973 0 0
5.70047 -17.99953 0 0
-10.04929 -15.99929 0 0
-7.94991 -15.99991 0 0
-5.84991 -15.99991 0 0
-3.74917 -15.99917 0 0
-1.64985 -15.99985 0 0
0.45090 -15.99910 0 0
2.55049 -15.99951 0 0
4.65045 -15.99955 0 0
6.75069 -15.99931 0 0
8.85082 -15.99918 0 0
-11.09987 -13.99987 0 0
-8.99997 -13.99997 0 0
-6.89930 -13.99930 0 0
-4.79964 -13.99964 0 0
-2.69912 -13.99912 0 0
-0.59931 -13.99931 0 0
1.50093 -13.99907 0 0
3.60099 -13.99901 0 0
5.70075 -13.99925 0 0
7.80084 -13.99916 0 0
9.90003 -13.99997 0 0
12.00015 -13.99985 0 0
-14.24930 -11.99930 0 0
-12.14930 -11.99930 0 0
-10.04920 -11.99920 0 0
-7.94999 -11.99999 0 0
-5.84972 -11.99972 0 0
-3.74925 -11.99925 0 0
-1.64937 -11.99937 0 0
0.45068 -11.99932 0 0
2.55072 -11.99928 0 0
4.65022 -11.99978 0 0
6.75010 -11.99990 0 0
8.85044 -11.99956 0 0
10.95021 -11.99979 0 0
13.05077 -11.99923 0 0
-15.29925 -9.99925 0 0
-13.19960 -9.99960 0 0
-11.09911 -9.99911 0 0
-8.99927 -9.99927 0 0
-6.89972 -9.99972 0 0
-4.79976 -9.99976 0 0
-2.69934 -9.99934 0 0
-0.59953 -9.99953 0 0
1.50041 -9.99959 0 0
3.60091 -9.99909 0 0
5.70060 -9.99940 0 0
7.80030 -9.99970 0 0
9.90061 -9.99939 0 0
12.00067 -9.99933 0 0
14.10039 -9.99961 0 0
-16.34950 -7.99950 0 0
-14.24930 -7.99930 0 0
-12.14959 -7.99959 0 0
-10.04958 -7.99958 0 0
-7.94979 -7.99979 0 0
-5.84983 -7.99983 0 0
-3.74993 -7.99993 0 0
-1.64929 -7.99929 0 0
0.45088 -7.99912 0 0
2.55068 -7.99932 0 0
4.65066 -7.99934 0 0
6.75084 -7.99916 0 0
8.85082 -7.99918 0 0
10.95070 -7.99930 0 0
13.05072 -7.99928 0 0
15.15055 -7.99945 0 0
-17.39998 -5.99998 0 0
-15.29917 -5.99917 0 0
-13.19985 -5.99985 0 0
-11.09968 -5.99968 0 0
-8.99939 -5.99939 0 0
-6.89927 -5.99927 0 0
-4.79930 -5.99930 0 0
-2.69942 -5.99942 0 0
-0.59902 -5.99902 0 0
1.50075 -5.99925 0 0
3.60012 -5.99988 0 0
5.70070 -5.99930 0 0
7.80041 -5.99959 0 0
9.90061 -5.99939 0 0
12.00035 -5.99965 0 0
14.10003 -5.99997 0 0
16.20079 -5.99921 0 0
-18.44932 -3.99932 0 0
-16.34948 -3.99948 0 0
-14.24925 -3.99925 0 0
-12.14974 -3.99974 0 0
-10.04977 -3.99977 0 0
-7.94921 -3.99921 0 0
-5.84928 -3.99928 0 0
-3.74933 -3.99933 0 0
-1.64995 -3.99995 0 0
0.45012 -3.99988 0 0
2.55045 -3.99955 0 0
4.65026 -3.99974 0 0
6.75065 -3.99935 0 0
8.85050 -3.99950 0 0
10.95029 -3.99971 0 0
13.05033 -3.99967 0 0
15.15093 -3.99907 0 0
17.25037 -3.99963 0 0
-17.39968 -1.99968 0 0
-15.29949 -1.99949 0 0
-13.19910 -1.99910 0 0
-11.09990 -1.99990 0 0
-8.99908 -1.99908 0 0
-6.89902 -1.99902 0 0
-4.79957 -1.99957 0 0
-2.69938 -1.99938 0 0
-0.59933 -1.99933 0 0
1.50004 -1.99996 0 0
3.60069 -1.99931 0 0
5.70068 -1.99932 0 0
7.80067 -1.99933 0 0
9.90056 -1.99944 0 0
12.00006 -1.99994 0 0
14.10001 -1.99999 0 0
16.20089 -1.99911 0 0
18.30014 -1.99986 0 0
-18.44933 0.00067 0 0
-16.34966 0.00034 0 0
-14.24953 0.00047 0 0
-12.14971 0.00029 0 0
-10.04917 0.00083 0 0
-7.94907 0.00093 0 0
-5.84996 0.00004 0 0
-3.74939 0.00061 0 0
-1.64932 0.00068 0 0
0.45088 0.00088 0 0
2.55044 0.00044 0 0
4.65061 0.00061 0 0
6.75057 0.00057 0 0
8.85091 0.00091 0 0
10.95018 0.00018 0 0
13.05085 0.00085 0 0
15.15002 0.00002 0 0
17.25072 0.00072 0 0
-17.39922 2.00078 0 0
-15.29986 2.00014 0 0
-13.19933 2.00067 0 0
-11.09956 2.00044 0 0
-8.99956 2.00044 0 0
-6.89922 2.00078 0 0
-4.79943 2.00057 0 0
-2.69953 2.00047 0 0
-0.59932 2.00068 0 0
1.50022 2.00022 0 0
3.60030 2.00030 0 0
5.70094 2.00094 0 0
7.80077 2.00077 0 0
9.90004 2.00004 0 0
12.00059 2.00059 0 0
14.10081 2.00081 0 0
16.20098 2.00098 0 0
18.30004 2.00004 0 0
-18.44927 4.00073 0 0
-16.34993 4.00007 0 0
-14.24941 4.00059 0 0
-12.14916 4.00084 0 0
-10.04980 4.00020 0 0
-7.94943 4.00057 0 0
-5.84968 4.00032 0 0
-3.74940 4.00060 0 0
-1.64963 4.00037 0 0
0.45080 4.00080 0 0
2.55009 4.00009 0 0
4.65062 4.00062 0 0
6.75002 4.00002 0 0
8.85011 4.00011 0 0
10.95017 4.00017 0 0
13.05090 4.00090 0 0
15.15069 4.00069 0 0
17.25024 4.00024 0 0
-17.39916 6.00084 0 0
-15.29977 6.00023 0 0
-13.19937 6.00063 0 0
-11.09955 6.00045 0 0
-8.99997 6.00003 0 0
-6.89994 6.00006 0 0
-4.79992 6.00008 0 0
-2.70000 6.00000 0 0
-0.59928 6.00072 0 0
1.50023 6.00023 0 0
3.60044 6.00044 0 0
5.70080 6.00080 0 0
7.80053 6.00053 0 0
9.90044 6.00044 0 0
12.00019 6.00019 0 0
14.10056 6.00056 0 0
16.20068 6.00068 0 0
-16.34916 8.00084 0 0
-14.24950 8.00050 0 0
-12.14967 8.00033 0 0
-10.04967 8.00033 0 0
-7.94917 8.00083 0 0
-5.84944 8.00056 0 0
-3.75000 8.00000 0 0
-1.64941 8.00059 0 0
0.45027 8.00027 0 0
2.55019 8.00019 0 0
4.65033 8.00033 0 0
6.75006 8.00006 0 0
8.85022 8.00022 0 0
10.95050 8.00050 0 0
13.05098 8.00098 0 0
15.15030 8.00030 0 0
-15.29938 10.00062 0 0
-13.19925 10.00075 0 0
-11.09973 10.00027 0 0
-8.99944 10.00056 0 0
-6.89913 10.00087 0 0
-4.79964 10.00036 0 0
-2.69907 10.00093 0 0
-0.59939 10.00061 0 0
1.50057 10.00057 0 0
3.60027 10.00027 0 0
5.70018 10.00018 0 0
7.80033 10.00033 0 0
9.90064 10.00064 0 0
12.00077 10.00077 0 0
14.10073 10.00073 0 0
-14.24916 12.00084 0 0
-12.14931 12.00069 0 0
-10.04962 12.00038 0 0
-7.94950 12.00050 0 0
-5.84905 12.00095 0 0
-3.74921 12.00079 0 0
-1.64933 12.00067 0 0
0.45043 12.00043 0 0
2.55017 12.00017 0 0
4.65077 12.00077 0 0
6.75098 12.00098 0 0
8.85035 12.00035 0 0
10.95067 12.00067 0 0
13.05059 12.00059 0 0
-11.09912 14.00088 0 0
-8.99930 14.00070 0 0
-6.89917 14.00083 0 0
-4.79923 14.00077 0 0
-2.69941 14.00059 0 0
-0.59928 14.00072 0 0
1.50066 14.00066 0 0
3.60071 14.00071 0 0
5.70069 14.00069 0 0
7.80013 14.00013 0 0
9.90005 14.00005 0 0
12.00025 14.00025 0 0
-10.04977 16.00023 0 0
-7.94984 16.00016 0 0
-5.84950 16.00050 0 0
-3.74996 16.00004 0 0
-1.64920 16.00080 0 0
0.45061 16.00061 0 0
2.55014 16.00014 0 0
4.65021 16.00021 0 0
6.75092 16.00092 0 0
8.85093 16.00093 0 0
-4.79905 18.00095 0 0
-2.69964 18.00036 0 0
-0.59954 18.00046 0 0
1.50022 18.00022 0 0
3.60019 18.00019 0 0
5.70097 18.00097 0 0
