7.720527377730488
7.722517032818786
7.766288713456094
7.792840110670671
7.769134731501021
7.818858987821673
7.822419320699296
7.844726211812397
7.860112455504035
7.883082611852412
7.904995428904185
7.927538958636184
7.94292198409485
7.974820432541573
7.985503097388204
8.012014649986789
8.035661504295396
8.068397458984652
8.078574085779309
8.120053635424963
8.139777471301265
8.151487631510715
8.178311586951622
8.20195309703009
8.210456244731485
8.238005154558993
8.274877626248744
8.300693851758385
8.305173471134751
8.336459928808816
8.363581180756613
8.379764218502061
8.3971235197148
8.42684488693587
8.438376708238629
8.47437460605139
8.493492771100426
8.510700198066017
8.530521546129499
8.557576696931701
8.576306798281083
8.604533246740925
8.627632685968301
8.648371006279781
8.664891240456091
8.667907607533726
8.687679652604141
