./RotationSim r
0
0
0
0
0
0
0
0
0
0
0
0
0
0
0
0
0
0
0
0
0
0
0
0
0
0
0
0
0
0
0
0
0
0
0
0
0
0
0
0
0
0
0
0
0
0
0
0
0
0
0
0
0
0
0
0
0
0
0
0
0
0
0
0
0
0
0
0
0
0
0
0
0
0
0
0
0
0
0
0
0
0
0
0
0
0
0
0
0
0
0
0
0
0
0
0
0
0
0
0
0
0
0
0
0
0
0
0
0
0
0
0
0
0
0
0
0
0
0
0
0
0
0
0
0
0
0
0
0
0
0
0
0
0
0
0
0
0
0
0
0
0
0
0
0
0
0
0
0
0
0
0
0
0
0
0
0
0
0
0
0
0
0
0
0
0
0
0
0
0
0
0
0
0
0
0
0
0
0
0
0
0
0
0
0
0
0
0
0
0
0
0
0
0
0
0
0
0
0
0
0
0
0
0
0
0
0
0
0
0
0
0
0
0
0
0
0
0
0
0
0
0
0
0
0
0
0
0
0
0
0
0
0
0
0
0
0
0
0
0
0
0
0
0
0
0
0
0
0
0
0
0
0
0
0
0
0
0
0
0
0
0
0
0
0
0
0
0
0
0
0
0
0
0
0
0
0
0
0
0
0
0
0
0
0
0
0
0
0
0
0
0
0
0
0
0
0
0
0
0
0
0
0
0
0
0
0
0
0
0
0
0
0
0
0
0
0
0
0
0
0
0
0
0
0
0
0
0
0
0
0
0
0
0
0
0
0
0
0
0
0
0
0
0
0
0
0
0
0
0
0
0
0
0
0
0
0
0
0
0
0
0
0
0
0
0
0
0
0
0
0
0
0
0
0
0
0
0
0
0
0
0
0
0
0
0
0
0
0
0
0
0
0
0
0
0
0
0
0
0
0
0
0
0
0
0
0
0
0
0
0
0
0
0
0
0
0
0
0
0
0
0
0
0
0
0
0
0
0
0
0
0
0
0
0
0
0
0
0
0
0
0
0
0
0
0
0
0
0
0
0
0
0
0
0
0
0
0
0
0
0
0
0
0
0
0
0
0
0
0
0
0
0
0
0
0
0
0
0
0
0
0
0
0
0
0
0
0
0
0
0
0
0
0
0
0
0
0
0
0
0
0
0
0
0
0
0
0
0
0
0
0
0
0
0
0
0
0
0
0
0
0
0
0
0
0
0
0
0
0
0
0
0
0
0
0
0
0
0
0
0
0
0
51
232
390
530
628
725
755
733
681
630
508
464
277
96
0
0
0
0
0
0
0
0
0
0
0
0
0
0
0
0
0
0
0
0
0
0
0
0
0
0
0
0
0
0
0
0
0
0
0
0
0
0
0
0
0
0
0
0
0
0
0
0
0
0
0
0
0
0
0
0
0
0
0
0
0
0
0
0
0
0
0
0
0
0
0
0
0
0
0
0
0
0
0
0
0
43
283
581
810
1061
1186
1199
1166
1107
1073
1101
1192
1169
1269
1330
1272
1343
1395
1351
1239
1025
807
433
63
0
0
0
0
0
0
0
0
0
0
0
0
0
0
0
0
0
0
0
0
0
0
0
0
0
0
0
0
0
0
0
0
0
0
0
0
0
0
0
0
0
0
0
0
0
0
0
0
0
0
0
0
0
0
0
0
0
0
0
0
0
0
0
0
0
0
0
0
0
0
0
0
0
142
464
752
1110
1060
997
1054
1034
1007
942
913
979
980
943
900
972
1022
925
1127
1078
1237
1207
1355
1385
1381
1536
1620
1275
825
215
0
0
0
0
0
0
0
0
0
0
0
0
0
0
0
0
0
0
0
0
0
0
0
0
0
0
0
0
0
0
0
0
0
0
0
0
0
0
0
0
0
0
0
0
0
0
0
0
0
0
0
0
0
0
0
0
0
0
0
0
0
0
0
0
0
0
0
23
324
814
1020
988
972
911
980
947
902
844
844
852
805
848
843
918
873
931
947
882
886
881
972
988
996
1026
1113
1202
1113
1274
1442
1599
1338
641
52
0
0
0
0
0
0
0
0
0
0
0
0
0
0
0
0
0
0
0
0
0
0
0
0
0
0
0
0
0
0
0
0
0
0
0
0
0
0
0
0
0
0
0
0
0
0
0
0
0
0
0
0
0
0
0
0
0
0
0
0
0
0
59
445
858
925
902
916
858
887
901
787
741
781
796
866
888
845
714
729
640
686
676
681
794
762
774
788
788
832
853
889
948
1045
1073
1152
1358
1457
1586
1656
1017
161
0
0
0
0
0
0
0
0
0
0
0
0
0
0
0
0
0
0
0
0
0
0
0
0
0
0
0
0
0
0
0
0
0
0
0
0
0
0
0
0
0
0
0
0
0
0
0
0
0
0
0
0
0
0
0
0
0
0
61
500
850
974
960
921
848
872
778
773
717
763
747
729
731
592
604
576
633
686
616
582
591
553
567
552
599
530
630
633
652
664
788
765
863
875
921
1026
1222
1453
1568
1639
1144
130
0
0
0
0
0
0
0
0
0
0
0
0
0
0
0
0
0
0
0
0
0
0
0
0
0
0
0
0
0
0
0
0
0
0
0
0
0
0
0
0
0
0
0
0
0
0
0
0
0
0
0
0
0
0
8
412
882
897
962
853
794
715
722
737
767
643
646
630
576
572
529
581
567
490
417
400
387
420
429
471
436
420
475
438
510
497
539
510
587
623
742
730
833
908
934
1080
1238
1462
1640
1847
930
34
0
0
0
0
0
0
0
0
0
0
0
0
0
0
0
0
0
0
0
0
0
0
0
0
0
0
0
0
0
0
0
0
0
0
0
0
0
0
0
0
0
0
0
0
0
0
0
0
0
0
0
180
764
893
900
876
752
777
729
704
644
646
573
572
559
541
498
489
481
361
383
374
393
431
382
358
326
362
367
423
414
412
420
407
428
443
453
453
505
570
594
726
827
814
938
1077
1244
1433
1684
1593
467
0
0
0
0
0
0
0
0
0
0
0
0
0
0
0
0
0
0
0
0
0
0
0
0
0
0
0
0
0
0
0
0
0
0
0
0
0
0
0
0
0
0
0
0
0
0
0
0
18
470
891
852
821
801
728
702
662
669
554
602
575
539
501
479
432
405
371
347
369
361
314
311
300
292
273
298
277
251
257
283
294
332
321
317
358
346
388
396
425
452
528
620
682
723
834
983
1181
1317
1646
1842
1050
43
0
0
0
0
0
0
0
0
0
0
0
0
0
0
0
0
0
0
0
0
0
0
0
0
0
0
0
0
0
0
0
0
0
0
0
0
0
0
0
0
0
0
0
0
0
93
721
893
873
785
759
652
649
619
616
542
564
524
472
434
422
395
364
392
338
339
343
332
314
322
361
309
258
256
261
276
264
296
256
233
261
274
282
294
322
328
348
342
401
374
526
626
696
759
870
1043
1294
1460
1784
1613
237
0
0
0
0
0
0
0
0
0
0
0
0
0
0
0
0
0
0
0
0
0
0
0
0
0
0
0
0
0
0
0
0
0
0
0
0
0
0
0
0
0
0
0
182
802
862
764
724
724
660
615
603
538
504
507
512
425
418
331
408
402
388
376
281
273
287
289
290
274
269
314
325
371
355
299
288
254
277
251
227
254
265
264
270
251
286
313
279
317
351
445
461
566
659
771
827
1130
1339
1721
1966
637
0
0
0
0
0
0
0
0
0
0
0
0
0
0
0
0
0
0
0
0
0
0
0
0
0
0
0
0
0
0
0
0
0
0
0
0
0
0
0
0
0
279
826
812
757
688
663
631
593
487
604
518
499
468
365
388
298
355
386
330
308
266
359
314
299
361
387
390
372
398
342
387
378
381
399
382
357
373
320
299
302
272
271
289
311
281
301
358
316
301
346
424
453
629
699
784
955
1263
1518
2032
898
0
0
0
0
0
0
0
0
0
0
0
0
0
0
0
0
0
0
0
0
0
0
0
0
0
0
0
0
0
0
0
0
0
0
0
0
0
0
0
354
812
790
701
639
647
619
540
536
555
419
437
372
435
338
336
430
376
302
305
324
313
342
427
422
434
409
481
467
551
497
568
510
471
505
469
479
473
403
421
364
300
241
231
272
289
303
288
279
303
323
357
402
400
566
694
761
934
1134
1509
2012
1112
0
0
0
0
0
0
0
0
0
0
0
0
0
0
0
0
0
0
0
0
0
0
0
0
0
0
0
0
0
0
0
0
0
0
0
0
0
378
838
772
647
671
630
636
511
510
474
398
468
411
418
324
389
433
308
332
312
342
437
435
438
425
507
527
617
587
565
614
654
625
627
653
659
634
643
552
615
590
587
554
488
449
280
261
260
266
361
342
293
266
369
431
377
454
639
793
952
1144
1494
1939
1246
0
0
0
0
0
0
0
0
0
0
0
0
0
0
0
0
0
0
0
0
0
0
0
0
0
0
0
0
0
0
0
0
0
0
0
377
827
808
663
646
609
543
440
466
463
447
428
413
371
329
425
445
298
335
335
399
426
419
382
528
541
522
543
496
540
584
621
642
652
671
688
754
691
687
743
725
719
684
624
638
632
492
361
265
283
280
278
307
252
245
318
386
399
441
622
801
916
1148
1633
1882
1080
0
0
0
0
0
0
0
0
0
0
0
0
0
0
0
0
0
0
0
0
0
0
0
0
0
0
0
0
0
0
0
0
0
275
767
762
662
633
552
533
472
447
490
443
486
403
389
364
433
409
338
272
340
366
425
448
501
570
553
537
524
507
618
644
595
572
630
699
621
628
616
708
720
699
662
667
705
741
672
713
720
664
519
358
300
232
300
296
275
305
287
356
362
425
512
736
874
1266
1581
1964
864
0
0
0
0
0
0
0
0
0
0
0
0
0
0
0
0
0
0
0
0
0
0
0
0
0
0
0
0
0
0
0
176
778
733
693
561
648
538
522
434
471
459
441
387
366
372
386
380
314
329
353
473
547
542
519
571
548
468
505
573
569
547
540
551
585
578
580
704
648
573
619
644
668
683
659
697
730
662
667
729
727
734
578
436
297
288
304
284
228
320
328
329
392
509
539
711
863
1243
1810
1980
632
0
0
0
0
0
0
0
0
0
0
0
0
0
0
0
0
0
0
0
0
0
0
0
0
0
0
0
0
0
85
665
688
685
617
572
503
564
395
487
480
408
421
347
331
352
370
401
389
362
504
536
452
488
534
544
559
579
651
639
557
603
664
635
662
646
674
625
550
586
570
599
683
736
811
757
706
653
653
714
679
751
752
672
583
412
299
300
275
234
265
325
334
370
471
627
696
931
1342
1748
1926
308
0
0
0
0
0
0
0
0
0
0
0
0
0
0
0
0
0
0
0
0
0
0
0
0
0
0
0
11
548
692
665
559
559
538
560
414
472
470
391
401
375
346
367
361
363
381
371
459
485
444
548
583
532
555
618
663
591
564
556
590
577
491
586
557
555
600
659
643
587
616
599
614
578
646
736
800
746
700
745
736
752
904
717
580
488
355
280
246
211
281
305
327
372
476
577
727
931
1395
1734
1817
41
0
0
0
0
0
0
0
0
0
0
0
0
0
0
0
0
0
0
0
0
0
0
0
0
0
0
365
692
683
615
573
576
504
476
422
450
390
402
381
298
303
312
378
433
421
420
591
530
573
498
543
584
594
604
468
546
579
582
583
520
631
565
583
494
437
490
495
491
572
611
579
659
629
697
718
727
774
686
760
744
816
891
789
699
549
336
292
305
235
243
281
342
387
501
632
696
995
1552
1972
1218
0
0
0
0
0
0
0
0
0
0
0
0
0
0
0
0
0
0
0
0
0
0
0
0
0
167
728
705
594
585
552
531
421
429
419
411
414
392
310
323
317
407
484
382
402
497
474
600
456
573
601
549
523
481
573
564
536
552
606
647
553
535
531
563
590
548
551
625
511
593
527
517
584
608
615
718
762
716
742
764
796
896
848
780
787
672
369
281
275
250
225
279
363
391
519
640
790
1094
1734
2146
536
0
0
0
0
0
0
0
0
0
0
0
0
0
0
0
0
0
0
0
0
0
0
0
7
569
702
573
615
554
522
453
401
443
486
379
442
320
313
366
418
484
435
437
469
502
608
503
497
596
558
571
528
548
624
517
524
577
480
473
458
498
525
484
496
496
464
429
435
437
445
412
423
437
509
534
638
689
694
702
761
724
802
862
830
765
679
339
276
263
254
200
241
398
429
550
744
842
1162
1818
1888
40
0
0
0
0
0
0
0
0
0
0
0
0
0
0
0
0
0
0
0
0
0
0
273
705
569
576
554
486
532
368
409
473
383
407
357
328
357
379
431
404
423
462
469
511
493
584
614
527
522
567
532
597
517
475
475
502
442
424
531
519
470
420
413
395
388
421
402
414
434
432
418
425
489
465
534
539
600
635
675
809
699
849
830
799
849
623
345
293
269
241
261
239
370
451
560
797
892
1342
2140
1084
0
0
0
0
0
0
0
0
0
0
0
0
0
0
0
0
0
0
0
0
0
37
635
643
568
524
499
481
419
357
455
407
420
362
344
343
337
412
414
424
483
510
534
497
533
614
504
533
579
418
469
398
454
509
462
489
476
493
389
425
456
398
439
386
301
316
284
297
352
403
465
497
472
420
500
487
612
622
629
700
792
780
858
843
922
772
522
371
281
263
260
283
291
397
449
638
881
1138
1656
2208
183
0
0
0
0
0
0
0
0
0
0
0
0
0
0
0
0
0
0
0
0
338
656
573
576
524
522
569
414
434
449
426
351
334
327
389
425
432
390
452
457
525
518
579
597
518
479
601
422
497
433
424
524
454
504
395
373
354
442
479
377
422
496
532
497
505
519
575
453
468
446
416
347
357
437
371
468
484
594
607
665
776
825
911
873
923
727
476
340
260
228
235
259
284
429
504
709
970
1240
1913
1324
0
0
0
0
0
0
0
0
0
0
0
0
0
0
0
0
0
0
0
50
640
638
550
529
523
509
450
407
453
392
358
325
352
310
450
397
424
425
456
504
512
517
549
482
479
555
462
472
466
448
541
476
409
433
456
464
527
503
468
576
572
525
519
532
487
463
497
494
342
464
442
454
397
374
430
386
461
462
553
546
562
766
834
930
837
940
789
433
247
244
201
253
275
371
452
584
744
1091
1643
2287
236
0
0
0
0
0
0
0
0
0
0
0
0
0
0
0
0
0
0
316
669
572
505
514
510
430
429
440
431
391
351
324
371
384
369
376
505
469
474
492
511
535
515
536
507
501
474
415
443
523
457
435
424
442
401
459
483
463
564
574
571
493
502
552
527
551
598
509
527
478
391
432
345
383
394
368
382
404
424
564
610
635
818
802
909
954
925
665
371
235
233
233
334
271
388
548
675
869
1357
1996
1370
0
0
0
0
0
0
0
0
0
0
0
0
0
0
0
0
0
12
642
608
541
459
528
522
390
428
420
399
393
332
372
380
369
333
450
493
452
535
497
505
516
525
455
507
423
385
413
528
424
436
485
437
512
528
544
491
540
480
510
486
517
583
490
517
550
609
549
506
554
546
554
460
353
324
338
401
356
380
416
474
578
681
729
851
899
1019
859
583
324
212
225
248
267
335
457
633
762
1125
1694
2122
110
0
0
0
0
0
0
0
0
0
0
0
0
0
0
0
0
216
620
618
494
485
506
459
376
419
389
348
354
336
343
359
332
374
423
506
523
494
504
517
535
470
450
493
371
475
555
508
500
392
452
531
483
479
506
528
468
531
615
629
571
631
614
720
698
704
601
576
559
547
593
613
584
401
351
318
370
363
352
366
494
581
731
748
946
964
1027
839
458
236
188
223
258
280
403
520
706
985
1437
2018
1003
0
0
0
0
0
0
0
0
0
0
0
0
0
0
0
0
404
626
606
461
496
488
428
448
353
401
326
404
330
392
398
361
388
486
478
510
446
525
544
482
495
442
453
418
414
513
562
422
533
513
536
456
504
569
470
562
643
546
626
598
593
577
638
599
609
606
598
632
612
607
508
691
528
372
344
345
470
404
377
399
503
646
657
804
906
980
937
696
354
208
198
247
318
362
401
634
822
1192
1801
1801
0
0
0
0
0
0
0
0
0
0
0
0
0
0
0
77
553
596
518
478
501
478
399
413
351
358
376
390
341
372
394
324
422
521
540
478
494
490
479
502
435
401
414
351
527
531
457
437
510
504
559
532
587
503
551
553
424
591
652
587
629
591
513
492
670
612
676
612
534
628
649
723
646
561
421
341
357
432
441
374
449
579
616
673
802
959
991
888
477
290
168
262
246
368
379
520
755
990
1589
2196
369
0
0
0
0
0
0
0
0
0
0
0
0
0
0
266
567
588
435
516
518
430
417
388
334
354
402
357
333
403
328
406
475
538
473
462
509
422
479
452
439
399
432
423
614
439
508
479
598
537
489
575
631
594
549
666
485
631
590
597
626
626
570
641
622
557
571
596
619
668
510
604
633
660
616
389
376
438
399
322
408
432
604
737
783
846
970
981
629
313
235
188
213
329
340
410
695
940
1386
1950
1208
0
0
0
0
0
0
0
0
0
0
0
0
0
0
417
642
504
463
476
468
459
443
402
360
343
377
346
350
442
347
452
501
515
391
512
438
470
517
442
382
422
445
454
500
398
443
506
528
475
490
524
646
492
600
575
588
592
588
629
458
517
523
571
531
534
739
727
676
705
601
621
689
797
652
469
453
384
416
427
340
368
493
638
874
776
940
974
851
513
261
169
202
276
376
337
609
821
1191
1797
1862
0
0
0
0
0
0
0
0
0
0
0
0
0
17
506
565
538
441
486
476
421
484
381
315
389
415
329
334
432
306
504
471
474
435
478
525
474
466
354
434
488
424
471
482
509
471
567
504
453
489
665
576
502
553
583
444
577
603
474
386
456
549
593
610
610
535
613
736
687
731
646
590
723
852
691
458
494
381
324
417
425
412
536
783
851
902
995
939
650
342
214
185
246
336
343
465
787
1120
1568
2329
104
0
0
0
0
0
0
0
0
0
0
0
0
150
526
599
497
461
465
455
436
422
376
308
348
368
325
317
386
404
515
464
460
449
476
460
513
410
413
440
550
374
551
577
530
440
534
436
485
481
590
540
474
414
502
552
683
458
563
484
563
551
582
636
414
558
485
548
732
579
663
625
656
713
740
517
474
443
349
266
402
397
498
660
891
924
1004
1047
661
442
236
220
249
277
345
407
691
1029
1439
2107
773
0
0
0
0
0
0
0
0
0
0
0
0
338
527
519
477
438
530
462
420
401
339
319
391
365
314
410
383
454
476
475
445
434
443
518
418
424
431
501
519
476
514
453
526
442
511
472
501
561
557
552
602
492
500
583
451
722
592
469
446
457
540
522
501
567
567
527
519
564
569
619
745
817
804
595
594
473
400
337
312
437
385
552
695
835
1016
1053
853
487
289
206
225
326
328
387
555
916
1228
1872
1282
0
0
0
0
0
0
0
0
0
0
0
0
439
539
487
465
417
483
428
388
422
325
314
329
329
311
413
396
425
452
405
472
423
465
508
439
433
426
472
437
516
545
448
484
465
442
567
480
505
575
595
537
579
509
565
520
466
547
565
530
533
611
534
366
469
390
463
543
548
649
619
705
793
652
818
663
495
513
353
302
356
485
491
585
800
953
1006
1034
550
413
220
251
269
281
355
540
822
1219
1744
1856
0
0
0
0
0
0
0
0
0
0
0
0
557
533
510
410
425
460
404
385
391
345
336
336
399
311
428
471
385
479
408
488
435
450
460
428
446
437
508
437
531
535
453
459
458
441
586
388
594
637
535
508
521
576
469
416
550
455
449
374
561
450
459
486
496
420
481
398
517
584
588
613
675
710
721
664
571
465
468
351
334
370
495
576
732
987
983
990
696
385
259
259
209
255
347
511
738
1098
1640
2216
0
0
0
0
0
0
0
0
0
0
0
24
599
494
492
427
454
440
403
397
358
352
361
398
336
336
435
416
474
452
384
483
449
463
472
418
443
404
450
493
498
476
474
496
482
459
448
404
603
615
527
514
468
559
439
465
542
458
457
332
360
470
492
356
454
458
429
384
391
379
606
635
769
794
681
610
639
511
398
374
331
364
421
582
668
875
1049
893
813
384
293
284
214
302
332
423
662
1061
1554
2424
195
0
0
0
0
0
0
0
0
0
0
104
541
523
505
405
451
407
388
385
338
343
386
352
298
333
410
471
455
485
425
464
441
467
473
413
480
410
509
544
439
409
466
545
519
480
477
493
526
604
556
444
414
562
585
497
496
672
565
527
474
472
451
378
363
413
403
355
388
398
466
568
761
730
804
708
644
592
501
367
387
418
393
546
648
887
1043
998
848
503
273
248
185
287
311
466
619
906
1539
2148
529
0
0
0
0
0
0
0
0
0
0
191
516
542
434
401
451
415
416
373
320
386
340
372
312
332
447
460
461
443
452
385
488
498
452
447
444
483
441
499
468
462
516
498
503
564
504
403
446
505
615
359
471
623
514
596
599
634
604
632
579
418
466
454
515
476
483
419
437
483
509
605
659
776
867
761
676
629
519
312
353
366
484
422
534
861
981
1158
796
606
304
261
237
230
334
403
531
930
1372
2134
856
0
0
0
0
0
0
0
0
0
0
239
549
544
424
448
434
399
404
355
315
388
323
351
343
382
401
396
491
407
451
385
430
522
464
420
494
463
430
503
458
412
439
459
536
549
530
442
412
531
458
350
519
541
468
493
698
617
538
497
552
457
472
621
837
564
502
482
382
327
430
363
533
730
848
812
734
647
444
378
382
408
440
484
624
758
1012
1029
859
605
311
267
200
224
323
372
525
956
1395
2046
1083
0
0
0
0
0
0
0
0
0
0
326
506
536
453
423
458
372
415
326
311
356
420
325
342
364
433
382
478
452
480
431
407
486
457
371
462
441
471
500
467
447
489
395
547
548
526
448
418
591
482
582
525
652
461
489
478
647
586
664
575
543
525
695
701
732
640
512
420
355
371
506
514
684
841
748
793
747
451
339
396
343
415
485
578
761
1011
1057
891
653
343
247
205
214
274
360
471
951
1384
2144
1211
0
0
0
0
0
0
0
0
0
0
340
476
566
405
387
440
373
381
375
343
405
400
298
377
338
421
383
479
466
477
428
400
474
461
421
456
473
451
614
327
449
523
480
470
565
493
477
487
470
511
666
559
445
358
370
461
498
622
617
498
668
679
751
642
619
704
492
390
284
401
508
637
552
769
922
810
673
480
316
303
336
433
469
527
733
1036
1021
1059
594
383
294
200
256
282
347
540
831
1338
2045
1281
0
0
0
0
0
0
0
0
0
0
351
499
494
462
388
401
383
385
350
322
355
367
287
349
358
454
373
478
434
426
429
415
477
418
440
394
448
533
507
371
446
441
490
555
504
487
449
568
544
558
596
452
602
467
436
372
463
528
550
694
658
895
741
685
758
524
460
401
431
496
541
582
618
699
921
704
671
515
304
312
305
460
452
485
719
957
1089
1044
595
374
298
166
228
285
337
552
828
1236
2080
1443
0
0
0
0
0
0
0
0
0
0
324
546
493
441
399
426
355
397
387
336
294
378
313
374
317
479
358
460
433
461
413
416
490
384
438
433
449
524
474
394
415
460
572
499
444
424
414
540
503
569
694
464
603
469
463
410
566
589
536
784
881
811
685
631
530
672
445
379
414
431
457
605
521
713
869
826
581
480
377
325
287
428
490
567
751
896
1073
1091
527
371
321
171
253
277
375
520
803
1338
1980
1443
0
0
0
0
0
0
0
0
0
0
289
506
471
406
379
414
381
362
362
345
307
353
354
336
333
397
402
419
405
484
389
417
496
446
427
513
364
558
507
442
338
433
480
501
481
469
457
499
485
629
618
652
510
531
409
380
399
525
500
694
878
788
759
734
805
696
424
301
461
369
467
497
596
638
774
782
649
527
439
365
309
427
525
505
789
910
1056
1014
564
376
250
228
253
270
366
537
836
1318
2026
1445
0
0
0
0
0
0
0
0
0
0
258
529
537
409
337
358
441
328
403
379
304
371
326
381
317
442
371
421
435
441
448
424
481
390
427
492
366
495
589
440
431
492
462
581
457
548
571
488
594
520
670
505
411
449
436
427
428
532
339
670
541
748
659
823
705
674
535
346
371
494
494
498
533
631
799
662
699
537
412
371
383
413
491
469
786
840
1102
1028
541
380
222
262
199
254
393
508
797
1318
2080
1312
0
0
0
0
0
0
0
0
0
0
263
550
476
454
369
342
423
433
320
404
274
368
321
290
356
415
369
400
422
443
446
484
485
435
371
462
397
474
452
468
399
423
438
470
469
519
473
469
671
482
580
477
510
487
615
362
384
450
551
509
494
590
661
776
680
671
527
395
425
456
539
552
626
659
735
729
688
550
366
382
349
369
458
598
770
1055
1086
1021
534
385
234
214
187
295
393
579
866
1417
2125
1093
0
0
0
0
0
0
0
0
0
0
162
556
464
473
329
360
424
348
323
378
332
373
347
305
351
383
410
332
420
422
498
417
440
420
411
508
382
477
538
455
454
406
494
433
445
561
423
444
614
508
439
496
373
520
529
431
568
414
514
608
618
665
613
578
561
468
341
385
418
332
462
515
540
611
731
839
660
510
413
358
313
414
506
641
786
945
1064
972
530
358
242
216
177
340
420
543
889
1468
2203
883
0
0
0
0
0
0
0
0
0
0
110
501
528
462
414
352
411
402
337
398
377
337
371
298
352
433
392
327
416
413
451
492
422
492
440
361
444
460
449
514
455
381
463
458
390
469
550
479
465
626
494
647
507
510
456
511
407
453
487
639
751
701
596
575
535
453
305
477
447
387
500
571
588
659
784
741
641
532
373
392
301
447
521
687
797
1028
1068
887
546
319
205
209
168
336
457
619
951
1414
2259
592
0
0
0
0
0
0
0
0
0
0
23
534
491
433
384
365
395
393
320
355
398
350
332
305
273
455
338
319
391
441
449
490
468
449
452
391
439
419
500
507
453
358
489
510
417
474
467
564
386
643
525
456
573
481
432
518
402
394
419
583
610
689
691
581
485
486
498
447
507
521
513
678
753
769
905
635
557
504
409
347
372
438
554
631
898
1067
1076
824
506
298
183
202
225
360
449
635
1021
1521
2423
177
0
0
0
0
0
0
0
0
0
0
0
489
489
470
407
323
401
442
322
311
403
323
334
322
346
406
379
366
403
417
394
432
477
420
428
410
397
431
526
399
478
428
436
596
461
471
485
570
414
481
638
527
559
501
541
438
431
494
390
465
569
452
633
510
567
436
481
463
424
497
565
659
625
780
787
651
558
484
394
299
419
418
558
796
906
1012
1016
726
406
286
193
209
251
386
545
671
1154
1553
2374
0
0
0
0
0
0
0
0
0
0
0
0
404
485
455
421
366
376
365
323
401
412
308
355
322
341
364
414
365
335
417
390
455
412
468
442
399
396
352
527
437
504
463
435
441
465
401
623
558
470
476
511
579
590
576
477
523
572
435
543
476
527
531
460
398
437
499
365
452
490
519
639
672
732
747
810
651
448
458
347
357
424
513
605
780
983
1067
958
615
351
257
170
201
208
371
554
727
1246
1754
1970
0
0
0
0
0
0
0
0
0
0
0
0
285
475
486
461
328
315
398
362
372
311
392
355
322
350
315
416
387
350
377
416
407
465
493
427
454
363
349
492
432
502
448
479
515
510
521
500
493
444
431
430
482
542
561
592
520
598
558
464
561
538
451
429
398
539
510
439
577
514
529
677
760
742
751
812
577
427
408
318
361
418
479
710
749
973
1142
853
469
377
244
165
188
262
396
595
821
1233
2023
1501
0
0
0
0
0
0
0
0
0
0
0
0
148
538
501
401
393
360
356
352
300
342
398
349
303
345
332
338
406
338
407
439
404
434
445
435
395
441
340
430
446
490
425
517
511
534
514
511
532
484
481
611
555
469
543
516
587
539
583
670
596
531
468
408
419
566
467
454
459
434
568
896
764
762
722
705
504
440
381
331
375
434
616
752
769
1078
1121
710
387
372
235
187
210
275
466
648
916
1512
2278
839
0
0
0
0
0
0
0
0
0
0
0
0
26
489
539
391
409
332
354
364
321
339
388
396
330
387
350
326
394
344
369
433
410
412
483
502
350
445
455
415
489
490
433
407
489
492
535
597
498
632
423
470
454
573
516
493
636
723
586
631
566
519
537
497
510
520
547
451
637
621
868
697
713
687
663
596
428
429
379
362
374
484
659
769
846
1027
933
633
381
242
234
213
247
312
518
729
1029
1646
2405
178
0
0
0
0
0
0
0
0
0
0
0
0
0
377
500
475
397
344
356
366
330
274
393
403
307
356
340
307
363
351
331
409
442
407
463
445
510
357
431
482
443
474
456
467
443
500
452
501
525
487
474
500
478
383
457
511
539
456
527
534
534
618
596
583
582
576
694
576
607
626
633
641
644
790
656
493
444
438
348
329
422
484
621
774
1031
988
884
482
325
237
221
189
304
361
525
806
1191
1863
2075
0
0
0
0
0
0
0
0
0
0
0
0
0
0
237
513
458
397
373
342
360
351
277
351
378
369
323
394
340
344
367
366
378
430
391
455
434
472
427
380
465
388
505
444
462
397
459
488
366
527
440
480
496
591
521
514
569
487
424
405
492
493
596
540
552
584
555
495
642
551
566
647
665
779
726
570
489
411
346
266
514
402
482
845
871
1051
989
854
405
282
203
193
218
313
423
590
946
1389
2151
1268
0
0
0
0
0
0
0
0
0
0
0
0
0
0
58
491
522
415
449
350
344
335
291
360
387
343
333
367
334
323
380
338
353
435
394
407
429
452
452
429
438
422
388
464
455
475
419
463
458
407
429
416
401
441
433
454
469
455
502
481
508
645
605
499
449
513
498
566
639
619
706
641
653
726
534
586
437
359
308
409
443
487
524
929
998
1058
954
584
319
235
234
163
246
347
456
688
1032
1608
2585
363
0
0
0
0
0
0
0
0
0
0
0
0
0
0
0
411
511
473
424
377
349
320
288
293
369
408
380
323
333
327
434
341
332
445
449
392
420
403
453
451
463
468
371
418
454
524
431
446
407
614
451
440
409
424
380
428
452
525
478
458
533
484
513
524
623
499
611
676
736
735
636
681
733
660
549
396
301
335
388
486
473
517
738
1044
1006
1004
791
415
253
274
194
182
221
399
582
741
1150
1974
2280
0
0
0
0
0
0
0
0
0
0
0
0
0
0
0
0
208
466
478
419
394
360
341
339
286
328
399
391
373
401
287
351
454
274
365
458
404
390
360
411
468
476
460
412
326
442
489
524
425
404
464
508
487
538
441
460
482
443
522
547
487
484
564
526
592
581
581
560
654
649
690
669
601
585
623
409
330
385
378
389
478
554
635
850
1038
1074
1024
547
309
249
217
214
233
309
416
597
977
1453
2295
1105
0
0
0
0
0
0
0
0
0
0
0
0
0
0
0
0
13
501
487
469
382
414
346
353
281
332
306
374
389
368
395
305
397
410
278
384
461
430
427
344
449
414
472
504
433
370
511
465
541
482
403
470
466
527
553
517
466
443
470
390
467
496
496
535
548
585
605
587
658
647
637
609
599
530
362
346
304
373
424
452
525
576
749
981
1057
1007
706
370
276
214
251
248
273
338
508
783
1058
1890
2417
93
0
0
0
0
0
0
0
0
0
0
0
0
0
0
0
0
0
291
525
495
425
358
383
351
326
314
280
304
408
399
352
342
275
417
398
326
420
361
375
370
411
446
443
498
461
400
457
463
459
470
529
446
598
410
480
463
577
502
628
506
480
506
510
571
543
549
500
579
679
620
542
577
481
410
376
383
428
411
406
507
657
680
879
1113
1067
833
475
314
268
186
238
238
282
397
660
858
1422
2171
1456
0
0
0
0
0
0
0
0
0
0
0
0
0
0
0
0
0
0
44
524
501
427
383
392
337
334
336
359
280
378
413
368
360
311
348
391
366
373
422
368
435
385
438
461
504
437
450
427
432
458
425
471
453
480
582
542
551
522
610
618
553
533
448
603
624
599
542
512
563
562
481
392
475
380
368
341
375
435
444
481
552
678
874
954
1061
956
540
380
270
199
215
246
253
365
511
750
1095
1772
2393
231
0
0
0
0
0
0
0
0
0
0
0
0
0
0
0
0
0
0
0
276
532
469
438
373
406
326
336
296
311
278
331
419
343
355
370
351
403
360
380
451
317
377
371
439
487
462
413
379
402
398
444
452
482
444
469
511
508
486
486
631
631
613
596
545
652
600
565
566
522
489
517
498
404
322
346
444
452
488
434
593
654
871
899
1001
994
674
378
283
201
246
214
249
326
483
571
967
1341
2038
1486
0
0
0
0
0
0
0
0
0
0
0
0
0
0
0
0
0
0
0
0
32
523
549
454
419
369
362
300
331
322
323
347
322
357
366
343
392
377
345
420
425
373
379
393
359
487
469
497
438
442
430
371
484
470
522
515
347
430
471
516
570
601
571
551
488
520
479
534
528
506
469
488
446
416
489
453
500
402
446
626
640
854
802
922
989
704
421
315
220
225
212
280
317
421
499
771
1226
1644
2375
224
0
0
0
0
0
0
0
0
0
0
0
0
0
0
0
0
0
0
0
0
0
263
556
527
442
362
357
334
333
344
288
312
336
401
357
378
356
398
425
341
405
404
375
331
360
428
429
489
473
425
452
427
423
479
443
475
577
447
432
405
540
518
548
481
517
514
418
454
455
420
406
383
369
368
388
410
433
551
657
693
718
759
944
1079
887
508
328
241
206
256
252
270
362
429
710
1033
1559
2063
1262
0
0
0
0
0
0
0
0
0
0
0
0
0
0
0
0
0
0
0
0
0
0
6
469
458
472
416
370
347
347
338
335
292
297
362
353
376
342
382
404
436
347
380
405
345
388
381
411
517
490
516
427
348
448
427
439
434
500
506
517
449
399
521
572
576
552
465
461
441
449
439
426
464
434
399
351
447
623
681
697
722
848
1016
1052
957
505
293
259
220
233
210
303
346
406
626
936
1257
1976
2101
60
0
0
0
0
0
0
0
0
0
0
0
0
0
0
0
0
0
0
0
0
0
0
0
116
534
498
449
400
349
328
360
355
327
270
299
320
332
372
335
377
400
384
418
411
378
331
379
408
417
507
527
447
488
441
484
459
460
388
443
425
457
486
521
478
536
503
570
572
480
418
470
426
487
510
488
542
626
672
670
649
882
955
990
963
515
301
268
217
188
231
242
318
405
547
889
1227
1700
2247
614
0
0
0
0
0
0
0
0
0
0
0
0
0
0
0
0
0
0
0
0
0
0
0
0
0
281
503
466
458
402
367
336
339
341
329
307
311
314
302
354
390
377
395
363
409
441
429
343
350
416
433
412
475
405
458
447
501
538
563
543
419
409
406
454
415
429
454
494
454
460
427
454
475
547
599
573
612
701
637
758
885
960
967
854
535
297
226
201
228
215
259
335
367
510
750
1117
1396
2219
1437
0
0
0
0
0
0
0
0
0
0
0
0
0
0
0
0
0
0
0
0
0
0
0
0
0
0
8
461
547
496
407
344
362
365
371
338
304
320
308
315
302
347
377
407
466
370
395
468
422
377
383
371
421
451
486
427
396
426
409
481
535
477
455
421
411
392
423
424
418
440
460
493
567
558
554
517
622
758
779
850
947
926
862
721
502
305
254
260
215
211
256
321
304
533
702
996
1435
1790
2099
65
0
0
0
0
0
0
0
0
0
0
0
0
0
0
0
0
0
0
0
0
0
0
0
0
0
0
0
82
578
500
493
426
363
366
353
329
305
305
333
317
303
281
323
331
359
447
470
407
445
458
397
418
369
446
473
474
414
390
397
380
471
458
412
476
497
440
423
453
435
384
445
496
576
559
592
654
715
829
772
868
822
782
574
494
337
242
234
182
230
291
305
371
503
711
923
1351
1752
2295
378
0
0
0
0
0
0
0
0
0
0
0
0
0
0
0
0
0
0
0
0
0
0
0
0
0
0
0
0
0
134
628
506
410
390
374
356
364
317
302
299
348
298
282
283
325
320
348
355
413
405
462
433
432
390
424
488
491
467
467
421
412
400
440
445
516
459
444
459
473
483
573
573
550
502
582
686
799
773
720
756
758
651
490
415
345
258
239
186
248
247
267
391
511
639
896
1158
1812
2367
734
0
0
0
0
0
0
0
0
0
0
0
0
0
0
0
0
0
0
0
0
0
0
0
0
0
0
0
0
0
0
0
238
625
497
428
424
413
373
371
316
314
325
320
312
274
295
340
345
354
354
380
446
482
477
485
423
419
467
461
517
523
490
476
486
483
416
493
553
583
507
554
532
612
647
776
733
796
699
856
855
687
586
470
382
366
248
188
199
253
279
335
389
472
657
892
1129
1676
2290
1076
0
0
0
0
0
0
0
0
0
0
0
0
0
0
0
0
0
0
0
0
0
0
0
0
0
0
0
0
0
0
0
0
0
313
659
527
416
466
381
408
337
316
344
326
274
342
254
270
321
334
343
335
360
455
420
386
474
484
492
462
470
443
494
578
526
565
592
599
617
530
571
601
605
653
742
662
720
771
810
665
518
398
363
273
242
197
208
229
287
298
318
421
514
657
894
1104
1648
2250
1300
0
0
0
0
0
0
0
0
0
0
0
0
0
0
0
0
0
0
0
0
0
0
0
0
0
0
0
0
0
0
0
0
0
0
0
330
628
537
391
426
395
403
364
345
347
299
286
344
308
248
321
339
354
290
374
382
358
371
433
434
520
561
635
510
547
523
563
635
576
512
588
695
719
759
741
678
749
651
614
459
390
361
360
290
245
272
227
292
291
265
315
479
529
692
914
1178
1491
2222
1283
0
0
0
0
0
0
0
0
0
0
0
0
0
0
0
0
0
0
0
0
0
0
0
0
0
0
0
0
0
0
0
0
0
0
0
0
0
360
612
544
460
436
418
368
393
345
366
320
273
339
355
273
327
339
320
327
329
324
371
354
385
383
433
454
531
587
559
606
537
669
667
717
703
655
608
579
530
447
459
396
337
353
324
292
245
268
295
282
308
338
355
504
556
737
932
1213
1557
2233
1294
0
0
0
0
0
0
0
0
0
0
0
0
0
0
0
0
0
0
0
0
0
0
0
0
0
0
0
0
0
0
0
0
0
0
0
0
0
0
0
315
674
543
484
417
431
389
365
360
396
352
318
303
334
296
327
314
361
309
346
364
305
354
371
337
347
380
346
479
461
518
507
482
488
494
482
427
370
380
356
295
321
290
257
250
208
266
250
301
303
326
393
528
522
711
981
1208
1739
2215
1017
0
0
0
0
0
0
0
0
0
0
0
0
0
0
0
0
0
0
0
0
0
0
0
0
0
0
0
0
0
0
0
0
0
0
0
0
0
0
0
0
0
209
653
577
538
403
455
382
331
377
401
396
353
324
337
303
346
321
353
348
309
317
331
354
368
337
345
319
322
341
359
345
289
319
321
324
317
342
283
261
278
256
290
292
237
260
261
301
300
374
444
537
644
806
1226
1290
1791
2134
709
0
0
0
0
0
0
0
0
0
0
0
0
0
0
0
0
0
0
0
0
0
0
0
0
0
0
0
0
0
0
0
0
0
0
0
0
0
0
0
0
0
0
0
96
584
690
575
386
422
457
374
363
375
381
339
335
347
346
358
288
307
341
333
278
298
308
341
355
390
345
322
340
289
272
256
265
236
244
252
266
245
252
253
252
276
276
322
361
384
436
515
689
732
951
1087
1383
1897
1961
338
0
0
0
0
0
0
0
0
0
0
0
0
0
0
0
0
0
0
0
0
0
0
0
0
0
0
0
0
0
0
0
0
0
0
0
0
0
0
0
0
0
0
0
0
0
16
435
632
584
557
462
432
435
438
398
370
374
367
327
340
337
272
276
333
348
336
346
256
297
273
302
345
348
316
320
327
295
298
312
295
286
269
304
287
283
362
376
384
428
518
668
750
924
1118
1355
1752
2102
1411
55
0
0
0
0
0
0
0
0
0
0
0
0
0
0
0
0
0
0
0
0
0
0
0
0
0
0
0
0
0
0
0
0
0
0
0
0
0
0
0
0
0
0
0
0
0
0
0
0
191
676
691
577
529
460
462
448
447
469
429
422
342
342
332
370
322
337
295
340
388
341
390
337
339
322
301
335
272
312
340
289
326
388
373
440
390
434
386
445
499
649
694
851
1019
1180
1604
1998
1895
620
0
0
0
0
0
0
0
0
0
0
0
0
0
0
0
0
0
0
0
0
0
0
0
0
0
0
0
0
0
0
0
0
0
0
0
0
0
0
0
0
0
0
0
0
0
0
0
0
0
0
0
23
440
717
729
650
589
496
448
504
430
491
462
410
409
367
344
302
308
325
324
342
333
324
394
399
377
386
389
409
377
380
425
395
453
461
515
523
612
579
717
866
994
1186
1460
1838
2032
1018
57
0
0
0
0
0
0
0
0
0
0
0
0
0
0
0
0
0
0
0
0
0
0
0
0
0
0
0
0
0
0
0
0
0
0
0
0
0
0
0
0
0
0
0
0
0
0
0
0
0
0
0
0
0
0
70
488
831
705
606
581
565
552
480
600
552
499
472
424
420
411
312
345
430
397
371
321
388
400
378
395
419
483
467
456
482
505
526
573
683
722
961
1062
1211
1381
1707
2103
1291
196
0
0
0
0
0
0
0
0
0
0
0
0
0
0
0
0
0
0
0
0
0
0
0
0
0
0
0
0
0
0
0
0
0
0
0
0
0
0
0
0
0
0
0
0
0
0
0
0
0
0
0
0
0
0
0
0
0
0
88
532
834
790
650
639
636
591
509
591
654
625
524
559
555
500
463
453
478
501
439
433
462
475
510
506
642
630
685
699
774
858
1042
1216
1339
1347
1855
1943
1265
202
0
0
0
0
0
0
0
0
0
0
0
0
0
0
0
0
0
0
0
0
0
0
0
0
0
0
0
0
0
0
0
0
0
0
0
0
0
0
0
0
0
0
0
0
0
0
0
0
0
0
0
0
0
0
0
0
0
0
0
0
0
0
45
344
730
854
797
793
707
612
638
659
704
653
640
661
645
546
544
515
588
623
581
644
658
596
637
728
800
917
1091
1232
1443
1601
1752
1633
913
110
0
0
0
0
0
0
0
0
0
0
0
0
0
0
0
0
0
0
0
0
0
0
0
0
0
0
0
0
0
0
0
0
0
0
0
0
0
0
0
0
0
0
0
0
0
0
0
0
0
0
0
0
0
0
0
0
0
0
0
0
0
0
0
0
0
0
0
104
471
729
889
890
794
753
814
722
702
751
765
783
763
820
728
790
833
945
940
1006
1079
1231
1352
1589
1709
1736
1492
998
260
0
0
0
0
0
0
0
0
0
0
0
0
0
0
0
0
0
0
0
0
0
0
0
0
0
0
0
0
0
0
0
0
0
0
0
0
0
0
0
0
0
0
0
0
0
0
0
0
0
0
0
0
0
0
0
0
0
0
0
0
0
0
0
0
0
0
0
0
0
0
0
0
0
51
330
620
813
1003
1081
1049
1101
1104
1079
1074
1109
1075
1129
1212
1304
1356
1452
1675
1667
1418
937
599
102
0
0
0
0
0
0
0
0
0
0
0
0
0
0
0
0
0
0
0
0
0
0
0
0
0
0
0
0
0
0
0
0
0
0
0
0
0
0
0
0
0
0
0
0
0
0
0
0
0
0
0
0
0
0
0
0
0
0
0
0
0
0
0
0
0
0
0
0
0
0
0
0
0
0
0
0
0
0
0
0
0
115
260
422
633
689
719
834
948
891
787
726
650
418
150
0
0
0
0
0
0
0
0
0
0
0
0
0
0
0
0
0
0
0
0
0
0
0
0
0
0
0
0
0
0
0
0
0
0
0
0
0
0
0
0
0
0
0
0
0
0
0
0
0
0
0
0
0
0
0
0
0
0
0
0
0
0
0
0
0
0
0
0
0
0
0
0
0
0
0
0
0
0
0
0
0
0
0
0
0
0
0
0
0
0
0
0
0
0
0
0
0
0
0
0
0
0
0
0
0
0
0
0
0
0
0
0
0
0
0
0
0
0
0
0
0
0
0
0
0
0
0
0
0
0
0
0
0
0
0
0
0
0
0
0
0
0
0
0
0
0
0
0
0
0
0
0
0
0
0
0
0
0
0
0
0
0
0
0
0
0
0
0
0
0
0
0
0
0
0
0
0
0
0
0
0
0
0
0
0
0
0
0
0
0
0
0
0
0
0
0
0
0
0
0
0
0
0
0
0
0
0
0
0
0
0
0
0
0
0
0
0
0
0
0
0
0
0
0
0
0
0
0
0
0
0
0
0
0
0
0
0
0
0
0
0
0
0
0
0
0
0
0
0
0
0
0
0
0
0
0
0
0
0
0
0
0
0
0
0
0
0
0
0
0
0
0
0
0
0
0
0
0
0
0
0
0
0
0
0
0
0
0
0
0
0
0
0
0
0
0
0
0
0
0
0
0
0
0
0
0
0
0
0
0
0
0
0
0
0
0
0
0
0
0
0
0
0
0
0
0
0
0
0
0
0
0
0
0
0
0
0
0
0
0
0
0
0
0
0
0
0
0
0
0
0
0
0
0
0
0
0
0
0
0
0
0
0
0
0
0
0
0
0
0
0
0
0
0
0
0
0
0
0
0
0
0
0
0
0
0
0
0
0
0
0
0
0
0
0
0
0
0
0
0
0
0
0
0
0
0
0
0
0
0
0
0
0
0
0
0
0
0
0
0
0
0
0
0
0
0
0
0
0
0
0
0
0
0
0
0
0
0
0
0
0
0
0
0
0
0
0
0
0
0
0
0
0
0
0
0
0
0
0
0
0
0
0
0
0
0
0
0
0
0
0
0
0
0
0
0
0
0
0
0
0
0
0
0
0
0
0
0
0
0
0
0
0
0
0
0
0
0
0
0
0
0
0
0
0
0
0
0
0
0
0
0
0
0
0
0
0
0
0
0
0
0
0
0
0
0
0
0
0
0
0
0
0
0
0
0
0
0
0
0
0
0
0
0.004151296910100534
