./RotationSim r
0
0
0
0
0
0
0
0
0
0
0
0
0
0
0
0
0
0
0
0
0
0
0
0
0
0
0
0
0
0
0
0
0
0
0
0
0
0
0
0
0
0
0
0
0
0
0
0
0
0
0
0
0
0
0
0
0
0
0
0
0
0
0
0
0
0
0
0
0
0
0
0
0
0
0
0
0
0
0
0
0
0
0
0
0
0
0
0
0
0
0
0
0
0
0
0
0
0
0
0
0
0
0
0
0
0
0
0
0
0
0
0
0
0
0
0
0
0
0
0
0
0
0
0
0
0
0
0
0
0
0
0
0
0
0
0
0
0
0
0
0
0
0
0
0
0
0
0
0
0
0
0
0
0
0
0
0
0
0
0
0
0
0
0
0
0
0
0
0
0
0
0
0
0
0
0
0
0
0
0
0
0
0
0
0
0
0
0
0
0
0
0
0
0
0
0
0
0
0
0
0
0
0
0
0
0
0
0
0
0
0
0
0
0
0
0
0
0
0
0
0
0
0
0
0
0
0
0
0
0
0
0
0
0
0
0
0
0
0
0
0
0
0
0
0
0
0
0
0
0
0
0
0
0
0
0
0
0
0
0
0
0
0
0
0
0
0
0
0
0
0
0
0
0
0
0
0
0
0
0
0
0
0
0
0
0
0
0
0
0
0
0
0
0
0
0
0
0
0
0
0
0
0
0
0
0
0
0
0
0
0
0
0
0
0
0
0
0
0
0
0
0
0
0
0
0
0
0
0
0
0
0
0
0
0
0
0
0
0
0
0
0
0
0
0
0
0
0
0
0
0
0
0
0
0
0
0
0
0
0
0
0
0
0
0
0
0
0
0
0
0
0
0
0
0
0
0
0
0
0
0
0
0
0
0
0
0
0
0
0
0
0
0
0
0
0
0
0
0
0
0
0
0
0
0
0
0
0
0
0
0
0
0
0
0
0
0
0
0
0
0
0
0
0
0
0
0
0
0
0
0
0
0
0
0
0
0
0
0
0
0
0
0
0
0
0
0
0
0
0
0
0
0
0
0
0
0
0
0
0
0
0
0
0
0
0
0
0
0
0
0
0
0
0
0
0
0
0
0
0
0
0
0
0
0
0
0
0
0
0
0
0
0
0
0
0
0
0
0
0
0
0
0
0
0
0
0
0
0
0
0
0
0
0
0
0
0
0
0
0
0
0
0
0
0
0
0
0
0
0
0
0
0
0
0
0
0
0
0
0
0
0
0
98
395
610
828
997
1116
1188
1197
1111
1062
887
746
481
103
0
0
0
0
0
0
0
0
0
0
0
0
0
0
0
0
0
0
0
0
0
0
0
0
0
0
0
0
0
0
0
0
0
0
0
0
0
0
0
0
0
0
0
0
0
0
0
0
0
0
0
0
0
0
0
0
0
0
0
0
0
0
0
0
0
0
0
0
0
0
0
0
0
0
0
0
0
0
0
0
0
37
438
978
1504
1703
1927
1917
1903
1952
1939
1922
1912
1945
2044
2115
2185
2216
2278
2503
2247
1900
1327
775
107
0
0
0
0
0
0
0
0
0
0
0
0
0
0
0
0
0
0
0
0
0
0
0
0
0
0
0
0
0
0
0
0
0
0
0
0
0
0
0
0
0
0
0
0
0
0
0
0
0
0
0
0
0
0
0
0
0
0
0
0
0
0
0
0
0
0
0
0
0
0
0
0
0
205
742
1275
1685
1804
1721
1714
1675
1697
1634
1680
1694
1678
1593
1533
1618
1648
1745
1778
1799
1755
1828
1948
1979
2330
2387
2520
2131
1371
378
0
0
0
0
0
0
0
0
0
0
0
0
0
0
0
0
0
0
0
0
0
0
0
0
0
0
0
0
0
0
0
0
0
0
0
0
0
0
0
0
0
0
0
0
0
0
0
0
0
0
0
0
0
0
0
0
0
0
0
0
0
0
0
0
0
0
0
49
638
1113
1713
1683
1733
1567
1561
1489
1423
1399
1249
1267
1070
1027
969
1032
946
890
1016
891
995
1042
1143
1243
1285
1303
1601
1710
1912
2118
2486
2845
2388
1186
78
0
0
0
0
0
0
0
0
0
0
0
0
0
0
0
0
0
0
0
0
0
0
0
0
0
0
0
0
0
0
0
0
0
0
0
0
0
0
0
0
0
0
0
0
0
0
0
0
0
0
0
0
0
0
0
0
0
0
0
0
0
0
125
816
1417
1514
1630
1551
1452
1226
1202
1204
1098
1048
959
841
824
872
805
783
732
717
703
667
697
705
663
662
714
836
870
966
1077
1140
1286
1498
1876
2174
2651
2865
1674
270
0
0
0
0
0
0
0
0
0
0
0
0
0
0
0
0
0
0
0
0
0
0
0
0
0
0
0
0
0
0
0
0
0
0
0
0
0
0
0
0
0
0
0
0
0
0
0
0
0
0
0
0
0
0
0
0
0
0
90
819
1548
1520
1525
1425
1346
1173
1185
1107
1095
849
813
682
716
658
625
586
522
463
426
417
443
450
442
479
423
482
577
593
604
625
702
803
941
1035
1097
1363
1628
2021
2649
3055
1910
195
0
0
0
0
0
0
0
0
0
0
0
0
0
0
0
0
0
0
0
0
0
0
0
0
0
0
0
0
0
0
0
0
0
0
0
0
0
0
0
0
0
0
0
0
0
0
0
0
0
0
0
0
0
0
15
604
1383
1454
1339
1431
1341
1179
1124
948
934
760
646
643
610
557
480
380
358
244
250
261
280
297
308
308
321
366
333
335
317
341
339
340
388
455
554
666
810
929
1072
1181
1605
2042
2492
2965
1640
50
0
0
0
0
0
0
0
0
0
0
0
0
0
0
0
0
0
0
0
0
0
0
0
0
0
0
0
0
0
0
0
0
0
0
0
0
0
0
0
0
0
0
0
0
0
0
0
0
0
0
0
272
1167
1390
1354
1288
1293
1220
1085
947
857
751
574
537
553
429
375
303
270
270
260
269
267
263
262
250
231
180
206
227
208
202
213
276
225
238
258
327
296
372
427
563
742
809
985
1193
1580
2081
2702
2828
779
0
0
0
0
0
0
0
0
0
0
0
0
0
0
0
0
0
0
0
0
0
0
0
0
0
0
0
0
0
0
0
0
0
0
0
0
0
0
0
0
0
0
0
0
0
0
0
0
19
661
1292
1345
1240
1310
1199
1015
884
771
708
547
501
479
399
303
253
263
272
295
272
248
218
224
177
201
179
152
162
150
151
157
165
183
161
182
223
257
231
248
262
255
365
374
519
678
764
976
1252
1618
2220
3085
1999
51
0
0
0
0
0
0
0
0
0
0
0
0
0
0
0
0
0
0
0
0
0
0
0
0
0
0
0
0
0
0
0
0
0
0
0
0
0
0
0
0
0
0
0
0
0
169
1017
1259
1216
1253
1255
1057
970
799
683
586
466
435
396
387
302
296
334
251
213
183
181
158
173
139
132
179
156
195
167
177
188
145
130
156
206
154
142
134
165
207
225
202
221
267
286
387
515
642
820
994
1479
1966
2765
2873
444
0
0
0
0
0
0
0
0
0
0
0
0
0
0
0
0
0
0
0
0
0
0
0
0
0
0
0
0
0
0
0
0
0
0
0
0
0
0
0
0
0
0
0
312
1113
1166
1273
1216
1155
1051
885
697
640
549
420
402
331
350
278
242
228
195
155
194
166
192
203
215
191
193
191
208
252
244
240
223
259
222
218
183
192
183
195
223
171
192
228
193
181
241
220
332
444
532
691
905
1208
1696
2599
3314
1076
0
0
0
0
0
0
0
0
0
0
0
0
0
0
0
0
0
0
0
0
0
0
0
0
0
0
0
0
0
0
0
0
0
0
0
0
0
0
0
0
0
461
1139
1188
1250
1262
963
1013
801
661
584
469
390
393
282
295
243
221
217
211
169
191
159
222
271
281
254
387
408
490
534
543
515
510
472
430
358
323
268
205
186
136
113
133
153
173
192
220
246
188
176
250
343
514
654
792
972
1505
2334
3296
1449
0
0
0
0
0
0
0
0
0
0
0
0
0
0
0
0
0
0
0
0
0
0
0
0
0
0
0
0
0
0
0
0
0
0
0
0
0
0
0
537
1140
1151
1258
1146
953
919
729
659
554
402
374
319
316
239
222
211
183
160
210
248
308
330
413
471
625
796
771
922
983
927
979
1000
1064
982
1021
1006
920
794
766
544
380
292
199
141
150
192
173
132
179
227
181
195
270
435
533
763
867
1396
2147
3246
1803
0
0
0
0
0
0
0
0
0
0
0
0
0
0
0
0
0
0
0
0
0
0
0
0
0
0
0
0
0
0
0
0
0
0
0
0
0
515
1070
1155
1151
1122
938
910
695
623
541
370
346
324
317
227
273
184
198
246
261
323
439
486
762
913
1015
970
1060
1062
1182
1281
1230
1266
1231
1293
1285
1248
1179
1206
1252
1218
1058
921
749
652
392
245
147
145
196
154
144
162
201
184
216
348
464
676
868
1302
2007
3149
2027
0
0
0
0
0
0
0
0
0
0
0
0
0
0
0
0
0
0
0
0
0
0
0
0
0
0
0
0
0
0
0
0
0
0
0
448
1102
1052
1171
1171
973
868
681
648
459
334
320
291
291
219
228
210
219
315
413
542
600
881
942
1010
1099
1094
1205
1259
1182
1136
1101
1116
1176
1198
1258
1344
1376
1348
1261
1319
1376
1376
1399
1228
999
820
683
456
247
180
149
179
154
170
157
197
248
310
447
626
827
1171
2097
3263
1884
0
0
0
0
0
0
0
0
0
0
0
0
0
0
0
0
0
0
0
0
0
0
0
0
0
0
0
0
0
0
0
0
0
347
1055
1076
1206
1135
908
860
629
640
502
326
294
310
292
227
219
257
322
399
504
651
825
890
928
1028
1172
1200
1063
1089
1036
1047
1071
934
1000
979
887
898
1012
970
1175
1211
1325
1349
1364
1436
1471
1502
1472
1137
923
671
360
241
171
174
190
172
124
172
259
266
425
520
711
1345
2079
3370
1617
0
0
0
0
0
0
0
0
0
0
0
0
0
0
0
0
0
0
0
0
0
0
0
0
0
0
0
0
0
0
0
252
943
1015
1201
1068
900
864
589
639
481
337
338
312
287
237
273
323
329
398
588
703
845
881
998
1178
1021
994
976
851
845
866
755
722
798
757
792
792
717
640
555
677
724
826
930
999
1207
1178
1284
1433
1594
1521
1285
962
531
317
234
195
195
152
159
171
220
284
430
554
730
1274
2148
3596
1091
0
0
0
0
0
0
0
0
0
0
0
0
0
0
0
0
0
0
0
0
0
0
0
0
0
0
0
0
0
120
902
1000
1131
1139
910
882
710
613
529
309
304
348
241
253
279
373
367
489
657
780
935
1031
1160
1115
881
910
877
790
746
729
702
729
760
660
629
563
560
617
634
619
648
634
599
559
746
764
945
1025
1119
1233
1450
1547
1539
1236
770
359
237
179
169
164
186
183
187
300
350
575
760
1387
2284
3595
574
0
0
0
0
0
0
0
0
0
0
0
0
0
0
0
0
0
0
0
0
0
0
0
0
0
0
0
19
704
934
1010
1160
888
826
720
585
532
368
321
324
239
295
279
356
390
580
679
911
874
1105
1119
949
816
822
788
725
613
614
608
531
537
418
461
523
482
446
429
433
477
502
591
552
580
542
593
670
814
970
1067
1195
1354
1539
1699
1374
895
432
244
193
153
177
118
155
182
277
405
555
856
1509
2489
3307
88
0
0
0
0
0
0
0
0
0
0
0
0
0
0
0
0
0
0
0
0
0
0
0
0
0
0
465
917
1030
1161
860
940
758
605
580
393
309
275
261
273
284
299
375
611
689
901
921
1110
984
906
729
720
697
674
528
644
624
536
451
402
368
380
297
276
299
314
301
245
283
339
325
397
391
422
486
501
616
767
968
990
1255
1305
1718
1699
1002
487
303
222
140
160
149
188
239
304
352
643
970
1610
3017
2418
0
0
0
0
0
0
0
0
0
0
0
0
0
0
0
0
0
0
0
0
0
0
0
0
0
178
861
960
1013
1013
860
764
638
613
449
335
229
309
277
300
322
442
556
719
875
982
1077
900
827
696
770
621
602
592
595
468
352
305
308
335
401
324
328
298
284
304
225
235
240
248
319
335
292
326
341
396
452
495
581
784
949
1155
1320
1622
1854
1169
582
243
236
212
158
131
207
238
269
405
682
1091
2006
3721
1023
0
0
0
0
0
0
0
0
0
0
0
0
0
0
0
0
0
0
0
0
0
0
0
14
704
960
1001
1034
913
752
640
573
448
352
248
301
321
252
344
465
570
701
926
945
1015
885
739
638
703
588
605
602
396
357
390
310
394
387
279
316
325
332
305
308
309
377
396
377
296
247
258
296
299
344
371
347
342
426
470
732
879
1190
1328
1508
1824
1221
513
228
248
190
162
145
244
241
287
413
783
1336
2538
3496
45
0
0
0
0
0
0
0
0
0
0
0
0
0
0
0
0
0
0
0
0
0
0
369
895
951
1077
897
833
748
603
542
399
315
223
321
265
395
468
597
723
853
932
981
821
749
635
676
643
589
436
416
391
345
344
300
384
392
423
438
502
475
416
407
412
371
360
377
349
277
273
249
251
231
253
332
335
303
397
444
654
896
1094
1169
1507
1760
1345
534
239
218
205
129
174
216
226
305
470
927
1569
3036
2122
0
0
0
0
0
0
0
0
0
0
0
0
0
0
0
0
0
0
0
0
0
51
809
902
993
1006
884
734
676
590
421
363
213
292
249
380
426
548
664
751
925
927
845
663
665
704
644
608
383
435
369
331
266
388
454
423
445
456
453
439
497
496
537
620
553
551
514
418
470
446
417
327
340
329
313
360
364
342
394
408
574
909
993
1149
1655
1711
1309
432
261
222
189
169
183
206
244
353
582
1173
2187
3789
315
0
0
0
0
0
0
0
0
0
0
0
0
0
0
0
0
0
0
0
0
432
855
938
1041
929
787
757
575
382
370
341
272
320
336
419
583
596
726
897
896
847
673
696
657
649
505
361
407
359
319
378
463
445
458
451
516
604
696
805
880
906
887
877
959
861
746
729
715
552
561
491
318
275
284
283
304
244
335
398
360
542
870
1011
1226
1689
1700
1235
397
218
160
142
196
198
196
308
426
756
1484
3005
2477
0
0
0
0
0
0
0
0
0
0
0
0
0
0
0
0
0
0
0
61
822
899
919
946
863
731
642
549
362
382
252
335
324
406
541
553
737
873
855
820
803
679
649
653
524
405
348
455
458
383
384
508
619
610
646
832
925
1011
943
815
1025
1126
1131
1101
1127
1107
1032
894
934
870
759
607
404
369
320
213
240
263
288
367
419
520
863
1024
1368
1675
1717
959
310
195
173
149
180
206
200
328
563
1023
2087
3859
370
0
0
0
0
0
0
0
0
0
0
0
0
0
0
0
0
0
0
411
831
837
974
879
815
735
585
387
360
306
273
337
419
470
586
663
770
829
829
794
739
662
573
522
435
360
478
455
384
452
616
637
669
867
942
1047
915
989
1151
1084
968
938
989
1007
1077
1209
1179
1056
984
971
972
963
872
598
377
372
274
259
242
225
414
407
608
803
1170
1465
1752
1567
728
304
159
166
153
176
189
262
473
825
1423
3024
2369
0
0
0
0
0
0
0
0
0
0
0
0
0
0
0
0
0
27
708
830
1001
888
776
684
669
554
368
317
323
345
363
449
546
620
685
864
722
765
748
705
550
508
466
417
398
416
388
494
624
599
715
823
894
952
997
992
1041
832
813
918
899
827
848
857
905
1022
1255
1063
990
1066
967
934
869
751
536
334
318
301
207
213
369
433
663
917
1207
1629
1792
1259
503
208
155
188
117
165
179
337
552
1106
2120
4033
148
0
0
0
0
0
0
0
0
0
0
0
0
0
0
0
0
280
838
843
933
844
746
689
612
504
343
283
298
285
474
469
635
644
865
665
808
772
819
550
527
507
390
408
396
371
565
624
624
680
821
827
979
959
946
926
806
743
670
687
677
719
811
820
819
849
916
1043
1143
1184
1158
1098
1096
861
749
537
402
344
313
185
252
350
475
699
880
1236
1734
1663
952
313
157
217
151
122
180
232
479
757
1611
3177
1864
0
0
0
0
0
0
0
0
0
0
0
0
0
0
0
0
605
800
935
936
813
728
731
542
372
328
294
329
367
459
543
646
607
797
746
823
847
608
569
405
417
418
414
444
549
551
591
777
884
886
962
912
808
716
636
686
585
502
552
686
686
608
581
728
718
709
843
878
1013
1115
1311
1161
1088
928
683
513
395
340
281
212
276
444
560
799
1110
1533
1734
1475
579
240
158
162
136
157
188
370
580
1173
2403
3441
0
0
0
0
0
0
0
0
0
0
0
0
0
0
0
82
758
773
938
843
739
783
554
565
414
303
302
363
449
512
537
619
763
759
787
728
744
648
445
403
433
456
429
490
568
565
786
786
803
857
987
730
779
702
659
415
402
452
523
451
504
529
523
520
534
536
684
724
885
938
1138
1246
1287
1096
903
677
409
389
270
260
193
315
496
589
914
1209
1656
1912
1011
356
150
229
181
124
178
279
473
879
1846
3845
551
0
0
0
0
0
0
0
0
0
0
0
0
0
0
335
824
790
959
768
735
630
531
498
297
333
296
373
475
580
599
593
753
740
755
744
637
547
402
485
399
435
500
551
646
753
781
894
779
913
646
677
558
443
392
383
349
439
419
474
453
402
354
486
549
592
506
559
681
684
905
1064
1085
1389
1207
904
593
475
313
298
230
258
328
479
773
949
1503
1813
1496
544
203
157
153
147
153
220
418
727
1421
3181
2111
0
0
0
0
0
0
0
0
0
0
0
0
0
0
581
781
851
841
664
809
641
579
451
270
293
340
370
537
496
597
737
736
788
720
806
646
488
357
421
439
533
412
576
747
767
829
853
795
913
838
535
496
477
444
410
529
504
430
390
301
311
282
280
267
340
450
523
569
572
589
833
1081
1024
1327
1297
798
549
399
313
227
203
294
369
631
856
1135
1572
1949
891
350
121
173
199
120
225
296
596
1066
2546
3297
0
0
0
0
0
0
0
0
0
0
0
0
0
29
746
733
884
765
673
752
618
553
402
313
319
380
440
564
509
647
666
757
782
712
740
569
472
382
417
541
413
585
728
832
691
803
754
917
661
626
461
413
398
436
591
592
450
429
386
454
535
383
340
375
252
266
285
477
478
552
848
810
1159
1150
1436
1048
757
436
351
306
227
274
310
421
787
975
1348
1891
1368
420
168
205
179
122
179
246
500
812
2054
3879
216
0
0
0
0
0
0
0
0
0
0
0
0
201
760
754
937
746
739
710
585
565
384
315
314
389
449
496
575
672
705
784
732
645
746
533
376
410
464
532
524
605
709
763
696
872
857
789
604
489
453
485
450
411
434
513
445
382
487
515
552
481
428
536
336
310
214
324
260
422
524
805
937
950
1226
1328
1088
687
364
321
239
205
298
391
592
906
1103
1779
1863
695
213
168
146
172
143
211
410
724
1645
3344
1453
0
0
0
0
0
0
0
0
0
0
0
0
388
763
799
856
687
799
606
570
465
324
336
303
433
478
552
626
621
772
692
711
641
639
491
361
463
521
434
562
734
682
785
692
909
796
595
561
498
504
485
486
450
678
445
498
563
444
618
534
418
467
497
476
324
349
340
214
334
441
613
797
984
983
1240
1408
903
469
273
333
236
234
320
488
776
1075
1523
2008
1013
290
149
216
160
174
180
335
619
1342
2807
2521
0
0
0
0
0
0
0
0
0
0
0
0
493
750
787
795
711
779
576
548
481
317
317
324
428
471
577
607
643
717
686
700
736
612
444
393
469
473
540
640
640
716
746
828
789
711
529
521
625
461
476
540
559
605
641
705
589
743
779
815
635
600
678
599
475
446
343
329
236
234
384
667
779
953
1246
1340
1261
669
329
340
272
185
306
421
633
962
1424
2037
1373
425
166
214
178
161
165
268
541
1016
2452
3360
0
0
0
0
0
0
0
0
0
0
0
0
597
762
772
829
675
760
562
566
413
318
290
353
458
507
582
602
634
772
693
653
708
547
447
449
450
375
618
684
727
608
734
923
759
540
507
531
503
494
536
464
424
576
653
795
1298
971
958
1009
966
975
799
786
681
660
389
261
270
267
358
471
667
814
1031
1459
1342
884
447
396
250
231
246
394
612
761
1304
1849
1672
582
188
152
167
150
156
218
458
860
2129
3728
0
0
0
0
0
0
0
0
0
0
0
51
716
718
813
772
748
694
615
561
430
299
332
338
462
523
684
615
561
766
656
723
616
549
409
513
447
423
616
784
665
588
783
873
705
454
615
515
444
456
548
406
590
726
962
1157
894
857
871
864
1008
976
1303
1065
717
597
412
475
318
202
338
449
549
719
878
1216
1643
1054
608
359
314
183
215
339
502
747
1234
1665
1833
769
217
198
189
200
142
229
388
800
1952
4056
354
0
0
0
0
0
0
0
0
0
0
170
762
710
863
743
699
664
562
521
381
319
325
378
461
509
582
589
679
734
631
724
567
515
421
478
404
503
604
711
702
556
952
767
541
634
658
539
491
475
448
580
819
705
1009
1182
876
918
834
1218
979
955
1445
1354
1054
819
526
364
370
337
192
303
535
690
854
1085
1599
1247
758
358
323
226
203
278
437
630
1126
1561
2076
989
293
216
146
185
162
216
332
669
1633
3615
1145
0
0
0
0
0
0
0
0
0
0
221
719
679
813
746
671
596
621
528
360
320
303
364
486
554
590
547
768
675
780
742
563
583
451
473
430
580
613
725
622
722
739
854
532
722
566
575
378
542
451
786
697
858
904
877
943
982
873
1045
738
824
989
1229
1130
1107
1060
568
508
450
294
290
403
554
778
1008
1564
1289
830
428
327
251
178
274
442
643
955
1505
1980
1204
361
198
157
170
165
191
309
618
1493
3417
1636
0
0
0
0
0
0
0
0
0
0
244
712
734
784
716
677
633
578
508
378
338
308
412
480
563
646
573
681
615
757
703
533
582
548
472
504
554
623
702
637
657
879
684
530
625
537
486
403
473
620
839
737
895
837
758
663
749
590
347
504
710
955
1128
1224
916
1031
974
326
442
296
371
358
526
630
1100
1410
1293
995
520
287
285
234
270
381
537
919
1476
1956
1334
342
205
184
170
169
171
265
608
1351
3070
2112
0
0
0
0
0
0
0
0
0
0
296
805
670
840
722
643
612
552
535
389
321
352
430
485
553
603
567
740
582
719
695
566
501
515
510
515
529
645
703
672
701
745
714
596
593
593
446
359
471
733
767
741
869
846
711
566
466
479
313
494
563
656
1233
1005
1001
1024
883
446
404
309
329
314
397
499
1009
1235
1426
1049
568
264
292
264
299
315
515
943
1324
1913
1499
394
241
179
129
175
185
318
570
1220
2826
2504
0
0
0
0
0
0
0
0
0
0
318
773
730
688
675
676
607
570
510
412
355
338
414
505
541
571
549
679
656
703
744
565
558
537
490
463
526
666
632
764
738
735
697
534
574
521
564
391
620
792
597
965
820
1017
488
487
324
307
115
153
190
393
1169
1071
1236
1132
920
742
526
328
245
326
491
461
880
1407
1535
1155
594
267
303
259
309
344
407
919
1291
1923
1493
448
228
169
140
178
191
317
567
1129
2787
2620
0
0
0
0
0
0
0
0
0
0
330
809
725
714
692
679
598
536
484
420
344
324
440
465
592
594
537
722
666
595
648
615
460
596
521
489
506
647
588
787
675
795
613
537
578
548
574
429
865
903
654
701
599
1002
564
534
402
187
175
187
203
392
587
1083
1488
1000
985
659
422
272
315
256
383
610
815
1296
1546
1118
594
349
290
273
288
294
345
933
1326
1885
1644
501
247
181
125
180
193
277
580
1100
2719
2735
0
0
0
0
0
0
0
0
0
0
305
790
701
698
707
666
567
601
455
444
357
290
379
483
566
566
565
664
687
673
658
586
497
547
548
514
510
634
593
729
680
771
659
481
572
518
482
556
734
763
601
820
833
840
551
319
392
195
48
197
346
498
749
982
1381
1126
848
627
380
262
262
257
435
653
703
1376
1373
1171
716
383
242
310
298
319
392
907
1356
1885
1533
537
250
138
132
171
183
276
526
1158
2734
2615
0
0
0
0
0
0
0
0
0
0
269
759
717
642
685
653
575
512
461
451
389
281
404
458
575
570
599
654
661
675
685
564
447
581
560
502
509
605
627
693
815
787
500
541
590
607
496
646
694
714
671
921
1010
738
439
467
391
192
92
256
415
409
656
1070
1446
1166
915
798
397
313
296
253
476
569
801
1174
1470
1099
753
284
306
274
254
335
443
883
1352
1907
1512
501
244
161
153
151
204
284
520
1201
2807
2446
0
0
0
0
0
0
0
0
0
0
244
753
737
692
658
668
565
554
449
442
404
280
400
485
545
592
568
630
642
714
633
566
518
523
580
459
562
587
702
578
949
706
596
680
564
534
552
581
590
675
716
1243
1197
823
538
340
229
108
191
360
297
427
829
781
1212
1083
885
789
371
398
239
336
467
524
946
1421
1582
934
719
319
305
288
312
280
479
907
1419
1917
1427
493
235
144
138
162
183
285
579
1201
3034
2338
0
0
0
0
0
0
0
0
0
0
197
763
774
636
686
662
581
507
511
443
383
308
372
449
572
525
554
565
694
685
644
552
522
542
600
446
568
597
609
664
815
849
608
615
521
513
454
620
637
692
657
774
966
740
557
322
281
152
129
315
233
359
700
890
1107
1255
799
649
390
358
180
312
480
560
1139
1538
1382
980
539
343
256
282
328
249
470
927
1617
1861
1317
474
235
129
154
193
193
305
679
1279
3276
1848
0
0
0
0
0
0
0
0
0
0
154
752
685
646
698
713
625
490
545
357
457
362
351
450
541
534
537
595
698
647
617
568
571
561
542
553
489
637
443
684
777
823
625
565
529
521
461
633
641
835
705
880
805
716
611
652
446
218
143
205
339
470
685
1000
1214
985
846
580
377
329
225
413
422
664
1121
1390
1242
941
535
380
323
325
256
309
489
985
1661
1782
1229
389
236
144
132
188
201
270
694
1384
3346
1524
0
0
0
0
0
0
0
0
0
0
79
735
705
695
676
626
696
458
608
333
430
386
339
508
549
499
512
522
752
663
603
627
532
568
503
499
505
600
535
618
844
897
653
525
536
532
542
653
546
593
736
772
837
1087
597
581
465
416
336
417
508
619
1243
1464
1137
1046
706
508
381
230
249
458
521
648
1161
1446
1068
911
507
350
337
322
273
296
581
1031
1635
1932
989
333
213
182
127
168
203
338
737
1594
3668
1000
0
0
0
0
0
0
0
0
0
0
16
679
746
664
639
655
686
546
578
421
382
374
333
484
522
530
572
523
657
755
622
617
596
541
539
498
474
576
555
619
872
809
748
577
595
498
591
473
567
616
604
826
947
927
814
441
431
436
550
833
953
1005
1325
1262
1121
815
456
395
238
202
523
414
570
837
1356
1418
1180
811
463
364
283
292
328
351
619
1126
1773
1872
838
329
200
187
135
194
216
449
833
1743
4018
261
0
0
0
0
0
0
0
0
0
0
0
566
743
680
671
687
639
557
507
483
364
407
297
424
510
563
574
498
648
717
662
628
537
537
570
548
455
572
567
519
815
730
792
669
619
481
653
513
442
521
705
653
813
814
836
1009
735
876
580
866
1050
1177
1340
1060
839
630
438
314
268
324
340
421
703
1147
1329
1273
1053
657
457
401
227
312
371
407
750
1273
1798
1522
645
286
211
153
165
205
228
474
989
1901
3918
0
0
0
0
0
0
0
0
0
0
0
0
498
650
685
623
731
648
603
481
520
339
398
293
408
496
576
497
549
644
617
773
589
577
617
583
564
440
540
670
607
647
830
831
644
737
393
552
480
593
507
649
593
602
752
948
881
901
1089
978
944
973
1174
1482
779
655
393
298
224
276
353
363
583
818
1297
1255
1183
894
566
450
317
227
376
275
479
865
1492
1930
1320
497
228
180
130
155
200
315
521
1114
2182
3421
0
0
0
0
0
0
0
0
0
0
0
0
379
730
639
625
688
668
555
500
517
408
393
364
396
531
523
503
570
580
626
740
595
572
600
561
538
475
532
563
596
640
716
694
680
674
673
453
662
568
469
494
680
650
768
935
846
967
1236
1110
854
976
895
634
621
636
363
278
391
409
352
516
763
927
1290
1326
1074
723
450
313
334
246
295
288
558
1033
1617
2016
1056
390
194
229
115
135
230
316
672
1290
2724
2700
0
0
0
0
0
0
0
0
0
0
0
0
194
759
667
672
616
699
558
597
474
474
348
379
339
530
529
552
579
576
575
710
619
578
616
567
473
619
489
526
599
639
608
757
620
628
697
663
689
583
526
537
511
582
590
774
948
760
852
911
864
766
793
623
531
403
336
410
423
347
450
587
730
1098
1394
1168
919
603
452
316
281
277
307
389
676
1237
1622
1748
794
334
191
193
122
174
232
390
735
1413
3389
1545
0
0
0
0
0
0
0
0
0
0
0
0
26
737
668
688
634
767
502
572
494
473
379
368
329
468
633
518
556
620
598
615
717
627
524
652
510
556
514
596
550
585
685
742
709
699
633
607
680
589
594
417
502
590
558
470
709
804
666
690
644
688
654
589
515
340
259
299
327
416
575
652
949
1246
1403
1078
728
535
412
331
230
232
361
464
872
1381
1877
1462
577
251
216
176
108
201
284
433
913
1747
4108
257
0
0
0
0
0
0
0
0
0
0
0
0
0
538
732
672
596
798
555
520
522
438
437
336
345
377
601
499
543
544
628
557
657
703
585
603
517
530
508
506
494
575
613
785
697
708
759
568
685
595
650
429
455
546
543
471
528
574
644
631
655
604
529
546
386
348
449
440
406
456
734
826
1211
1262
1227
877
595
478
277
293
223
275
340
621
1069
1642
1876
1118
395
246
221
142
133
214
300
571
993
2310
3454
0
0
0
0
0
0
0
0
0
0
0
0
0
0
341
779
645
647
610
676
471
598
444
479
306
359
349
538
592
524
565
627
624
639
673
625
590
584
526
535
518
561
525
640
643
827
594
622
777
560
648
758
654
559
542
456
519
459
437
467
413
445
391
346
367
353
469
394
369
506
730
914
960
1197
1275
929
646
539
351
268
243
238
361
456
899
1236
1791
1620
721
364
163
187
121
159
205
337
699
1295
3079
2357
0
0
0
0
0
0
0
0
0
0
0
0
0
0
93
786
664
599
586
740
509
552
471
412
467
329
391
427
591
507
572
583
557
558
677
656
661
619
556
507
659
428
539
494
580
779
764
579
674
705
578
718
646
711
593
492
551
473
335
391
459
393
421
346
380
508
406
360
505
693
903
1046
1275
1343
1066
670
613
455
220
236
294
331
467
692
1014
1649
1865
1166
549
235
211
176
119
189
257
414
842
1599
4104
600
0
0
0
0
0
0
0
0
0
0
0
0
0
0
0
522
738
611
634
680
624
515
578
450
446
354
338
386
533
564
516
558
528
491
668
609
663
547
650
491
602
574
467
504
473
677
798
796
629
651
640
544
621
684
661
718
460
508
427
439
432
439
400
321
401
417
392
496
769
977
959
1313
1278
882
834
503
497
249
265
317
327
398
524
787
1246
1785
1588
794
409
169
218
183
147
209
280
634
1106
2398
3503
0
0
0
0
0
0
0
0
0
0
0
0
0
0
0
0
280
774
704
587
636
754
532
576
447
432
408
297
348
433
586
550
597
516
527
567
607
640
625
706
529
527
591
593
477
508
612
580
732
842
797
761
728
507
634
677
631
706
645
586
546
448
563
451
427
511
450
531
821
1037
1255
1285
1312
1030
785
573
534
339
247
272
314
388
493
636
1098
1588
1946
1183
485
240
173
235
116
177
249
396
803
1319
3230
1934
0
0
0
0
0
0
0
0
0
0
0
0
0
0
0
0
17
728
725
581
655
737
550
482
553
451
400
375
292
378
500
601
519
585
536
550
614
613
727
491
685
552
618
517
555
493
491
637
572
731
812
636
721
635
566
584
523
634
661
720
598
527
471
453
532
667
791
944
1133
1258
1204
1208
879
709
545
563
399
276
295
248
349
474
668
967
1353
1938
1469
693
358
184
215
163
132
211
330
507
972
2035
4026
166
0
0
0
0
0
0
0
0
0
0
0
0
0
0
0
0
0
389
798
591
600
626
675
527
539
493
425
423
327
358
432
609
579
593
525
526
648
521
713
610
539
675
526
621
488
534
571
544
661
643
744
758
787
676
678
611
709
556
605
726
722
794
1024
917
925
1000
1137
1192
1261
1156
1068
860
668
477
537
420
261
256
260
368
338
573
862
1159
1757
1806
790
517
236
173
210
173
161
223
396
681
1395
2782
2632
0
0
0
0
0
0
0
0
0
0
0
0
0
0
0
0
0
0
41
797
779
533
611
699
536
529
521
497
368
423
352
389
436
584
567
576
535
563
598
549
803
552
634
685
635
570
527
513
430
554
670
664
786
776
873
743
698
817
788
783
655
727
885
746
986
1084
1210
1285
1198
1119
1006
721
592
476
505
379
208
247
344
400
365
519
922
1059
1694
1874
1055
558
352
182
218
182
178
186
283
523
995
1963
3979
445
0
0
0
0
0
0
0
0
0
0
0
0
0
0
0
0
0
0
0
464
821
626
592
652
671
517
535
510
368
364
363
326
478
510
617
635
525
595
644
579
580
641
518
641
724
615
550
584
493
583
572
727
653
761
726
888
806
806
756
810
835
886
1024
977
915
988
893
787
681
665
623
582
505
402
366
304
354
401
374
321
500
784
1198
1452
1783
1341
614
445
229
195
193
161
163
199
376
768
1362
2909
2690
0
0
0
0
0
0
0
0
0
0
0
0
0
0
0
0
0
0
0
0
66
756
734
597
665
685
544
572
530
485
376
430
374
325
443
597
541
617
491
604
677
624
726
601
569
657
649
609
551
548
466
533
561
631
715
804
662
746
754
797
788
820
926
883
976
1020
891
825
841
709
621
508
429
430
408
309
358
315
413
369
469
645
1178
1331
1762
1497
732
475
277
178
169
222
160
215
305
566
1056
2023
4021
317
0
0
0
0
0
0
0
0
0
0
0
0
0
0
0
0
0
0
0
0
0
367
836
618
616
728
640
573
523
496
428
383
429
335
373
516
565
625
574
525
625
602
588
762
576
627
614
649
534
597
540
474
568
538
630
619
668
684
673
789
835
755
866
877
831
792
772
621
550
579
482
457
353
314
319
319
402
381
465
521
725
1183
1337
1754
1604
766
464
334
167
198
263
153
236
205
474
860
1477
3332
2212
0
0
0
0
0
0
0
0
0
0
0
0
0
0
0
0
0
0
0
0
0
0
10
752
744
571
670
672
619
531
493
505
412
445
332
425
351
509
585
618
566
508
651
628
617
691
631
640
623
531
528
539
550
492
466
564
637
666
699
789
795
817
800
696
707
653
514
521
577
516
462
427
371
410
294
306
376
424
491
484
719
1016
1404
1794
1621
865
458
317
203
206
248
227
225
224
362
657
1202
2369
3641
70
0
0
0
0
0
0
0
0
0
0
0
0
0
0
0
0
0
0
0
0
0
0
0
210
898
688
587
699
636
559
528
453
474
407
422
334
391
373
576
581
678
610
596
655
592
644
618
641
627
701
595
517
484
523
545
528
471
541
586
616
580
640
546
498
538
472
461
538
462
403
347
288
364
310
325
399
442
506
569
775
1142
1547
1760
1720
850
484
347
233
177
216
209
182
221
270
551
1065
1963
3893
1058
0
0
0
0
0
0
0
0
0
0
0
0
0
0
0
0
0
0
0
0
0
0
0
0
0
521
830
675
601
672
642
579
580
543
455
434
398
353
372
409
561
539
588
601
566
654
597
776
586
575
569
671
632
533
554
411
466
491
454
454
349
407
410
366
434
439
475
443
348
299
369
447
418
343
345
370
439
517
654
909
1286
1676
1828
1573
745
361
351
241
161
224
206
202
202
265
510
894
1648
3252
2473
0
0
0
0
0
0
0
0
0
0
0
0
0
0
0
0
0
0
0
0
0
0
0
0
0
0
16
777
803
593
602
632
637
529
550
491
448
425
401
306
353
450
510
613
587
647
653
583
653
613
616
599
514
657
644
546
543
453
410
444
472
485
397
369
390
363
407
417
370
432
354
350
277
299
288
372
537
698
835
1129
1286
1726
1774
1267
642
363
294
226
172
180
223
214
178
264
403
709
1381
2655
3462
76
0
0
0
0
0
0
0
0
0
0
0
0
0
0
0
0
0
0
0
0
0
0
0
0
0
0
0
133
920
753
690
613
634
589
548
496
518
423
422
353
324
349
466
554
607
614
681
632
644
633
653
637
605
587
506
627
607
554
520
517
514
464
488
480
407
395
444
436
437
378
407
398
398
440
545
644
845
920
1116
1553
1637
1519
1087
551
315
344
260
201
182
219
207
170
281
356
664
1298
2278
3762
520
0
0
0
0
0
0
0
0
0
0
0
0
0
0
0
0
0
0
0
0
0
0
0
0
0
0
0
0
0
271
979
796
684
632
683
586
590
512
485
403
409
350
317
358
393
449
594
595
700
725
759
673
637
591
619
678
589
484
619
673
622
547
561
514
523
439
390
398
346
373
447
450
494
622
686
806
914
1157
1283
1554
1580
1263
884
417
343
318
206
180
195
176
174
180
278
402
654
1099
2017
3770
1158
0
0
0
0
0
0
0
0
0
0
0
0
0
0
0
0
0
0
0
0
0
0
0
0
0
0
0
0
0
0
0
409
945
750
661
602
648
609
564
517
506
422
436
345
368
361
414
437
458
586
780
841
805
730
696
690
648
664
642
606
500
588
664
647
576
556
646
659
636
568
604
529
701
765
827
903
1081
1396
1656
1740
1471
947
663
377
321
273
203
185
201
197
201
217
312
372
605
1005
1950
3508
1888
0
0
0
0
0
0
0
0
0
0
0
0
0
0
0
0
0
0
0
0
0
0
0
0
0
0
0
0
0
0
0
0
0
569
985
769
714
666
578
572
565
483
495
395
432
338
354
333
386
465
437
485
595
778
800
825
834
878
771
650
715
738
681
649
648
696
782
679
757
802
891
887
935
953
1005
1203
1423
1731
1674
1336
929
666
451
303
314
286
215
209
185
195
245
270
255
418
643
1004
1866
3619
2170
0
0
0
0
0
0
0
0
0
0
0
0
0
0
0
0
0
0
0
0
0
0
0
0
0
0
0
0
0
0
0
0
0
0
0
554
1112
846
677
687
601
574
603
503
449
414
490
415
372
313
415
484
460
476
540
595
757
847
970
1029
1111
969
1009
920
990
965
936
968
1036
988
1080
1183
1247
1215
1480
1605
1548
1490
1203
855
600
410
318
334
287
263
264
174
169
257
238
245
330
495
660
1097
2044
3559
2263
0
0
0
0
0
0
0
0
0
0
0
0
0
0
0
0
0
0
0
0
0
0
0
0
0
0
0
0
0
0
0
0
0
0
0
0
0
550
1054
821
642
721
560
542
540
533
474
412
398
409
338
343
354
409
391
453
503
530
573
671
820
910
1053
1059
1135
1119
1036
1116
1219
1220
1224
1204
1221
1270
1280
1312
1100
921
700
585
462
361
343
311
299
243
210
160
222
247
266
287
400
483
747
1280
2152
3502
2103
0
0
0
0
0
0
0
0
0
0
0
0
0
0
0
0
0
0
0
0
0
0
0
0
0
0
0
0
0
0
0
0
0
0
0
0
0
0
0
456
1177
953
704
705
630
598
586
526
519
433
410
385
327
326
367
422
357
380
500
508
501
475
549
616
702
741
867
868
839
837
870
877
912
844
833
731
626
515
409
409
286
283
283
347
245
193
217
173
257
283
251
312
389
571
831
1301
2322
3599
1780
0
0
0
0
0
0
0
0
0
0
0
0
0
0
0
0
0
0
0
0
0
0
0
0
0
0
0
0
0
0
0
0
0
0
0
0
0
0
0
0
0
346
1219
1067
798
705
660
671
601
550
509
471
469
448
337
283
298
341
322
310
397
436
452
445
512
508
559
524
545
630
609
576
462
473
440
408
428
401
409
342
338
335
289
209
167
220
173
245
266
280
318
406
456
690
999
1587
2589
3686
1299
0
0
0
0
0
0
0
0
0
0
0
0
0
0
0
0
0
0
0
0
0
0
0
0
0
0
0
0
0
0
0
0
0
0
0
0
0
0
0
0
0
0
0
184
1045
1223
910
770
669
649
594
556
511
491
475
419
355
356
295
295
318
314
288
318
377
329
382
418
449
389
357
370
422
395
416
368
393
319
316
299
316
230
231
238
236
259
265
306
289
273
369
418
503
846
1185
1912
2959
3393
609
0
0
0
0
0
0
0
0
0
0
0
0
0
0
0
0
0
0
0
0
0
0
0
0
0
0
0
0
0
0
0
0
0
0
0
0
0
0
0
0
0
0
0
0
0
29
768
1412
1117
916
704
677
593
550
511
487
571
474
407
414
363
308
326
310
286
251
274
243
247
247
250
326
323
342
312
324
289
259
254
251
204
222
257
245
249
244
254
283
279
386
457
553
730
1025
1564
2327
3552
2295
76
0
0
0
0
0
0
0
0
0
0
0
0
0
0
0
0
0
0
0
0
0
0
0
0
0
0
0
0
0
0
0
0
0
0
0
0
0
0
0
0
0
0
0
0
0
0
0
0
296
1327
1339
1056
886
709
655
576
530
496
557
546
472
426
406
406
323
305
348
316
281
306
330
292
232
235
242
243
207
241
237
186
246
253
280
290
270
278
315
406
411
499
578
709
918
1279
2064
2993
3298
969
0
0
0
0
0
0
0
0
0
0
0
0
0
0
0
0
0
0
0
0
0
0
0
0
0
0
0
0
0
0
0
0
0
0
0
0
0
0
0
0
0
0
0
0
0
0
0
0
0
0
0
19
750
1575
1360
1081
877
767
646
544
569
538
512
466
504
455
470
376
312
314
342
249
230
248
272
293
307
295
275
257
251
271
260
284
278
228
270
290
414
510
569
685
967
1321
1899
2717
3359
1878
64
0
0
0
0
0
0
0
0
0
0
0
0
0
0
0
0
0
0
0
0
0
0
0
0
0
0
0
0
0
0
0
0
0
0
0
0
0
0
0
0
0
0
0
0
0
0
0
0
0
0
0
0
0
0
123
954
1618
1404
1215
1036
830
665
583
554
552
517
475
438
391
437
415
370
404
421
357
394
351
312
297
308
264
308
311
289
301
335
385
488
607
729
867
1108
1401
1923
2653
3389
2228
301
0
0
0
0
0
0
0
0
0
0
0
0
0
0
0
0
0
0
0
0
0
0
0
0
0
0
0
0
0
0
0
0
0
0
0
0
0
0
0
0
0
0
0
0
0
0
0
0
0
0
0
0
0
0
0
0
0
0
154
1021
1748
1576
1275
1204
1030
823
797
682
648
562
533
524
508
482
460
428
402
368
337
415
447
472
475
505
506
542
579
633
758
835
1013
1217
1608
2140
2764
3350
2195
367
0
0
0
0
0
0
0
0
0
0
0
0
0
0
0
0
0
0
0
0
0
0
0
0
0
0
0
0
0
0
0
0
0
0
0
0
0
0
0
0
0
0
0
0
0
0
0
0
0
0
0
0
0
0
0
0
0
0
0
0
0
0
81
877
1727
1982
1723
1535
1158
1046
932
857
876
761
689
707
678
635
593
669
573
645
600
673
652
778
814
830
905
1065
1227
1588
2033
2583
3351
2960
1675
146
0
0
0
0
0
0
0
0
0
0
0
0
0
0
0
0
0
0
0
0
0
0
0
0
0
0
0
0
0
0
0
0
0
0
0
0
0
0
0
0
0
0
0
0
0
0
0
0
0
0
0
0
0
0
0
0
0
0
0
0
0
0
0
0
0
0
0
319
1060
1722
2335
1970
1735
1570
1326
1237
1220
1090
1197
1128
1056
1047
1010
1061
1135
1137
1244
1276
1449
1671
1934
2281
2907
3444
2920
1925
501
0
0
0
0
0
0
0
0
0
0
0
0
0
0
0
0
0
0
0
0
0
0
0
0
0
0
0
0
0
0
0
0
0
0
0
0
0
0
0
0
0
0
0
0
0
0
0
0
0
0
0
0
0
0
0
0
0
0
0
0
0
0
0
0
0
0
0
0
0
0
0
0
0
132
815
1540
2113
2515
2545
2475
2226
2141
1989
2053
2084
2047
2153
2225
2420
2531
2767
3191
3117
2698
2107
1215
184
0
0
0
0
0
0
0
0
0
0
0
0
0
0
0
0
0
0
0
0
0
0
0
0
0
0
0
0
0
0
0
0
0
0
0
0
0
0
0
0
0
0
0
0
0
0
0
0
0
0
0
0
0
0
0
0
0
0
0
0
0
0
0
0
0
0
0
0
0
0
0
0
0
0
0
0
0
0
0
0
0
178
581
1031
1328
1562
1674
1833
1883
1820
1744
1572
1257
869
225
0
0
0
0
0
0
0
0
0
0
0
0
0
0
0
0
0
0
0
0
0
0
0
0
0
0
0
0
0
0
0
0
0
0
0
0
0
0
0
0
0
0
0
0
0
0
0
0
0
0
0
0
0
0
0
0
0
0
0
0
0
0
0
0
0
0
0
0
0
0
0
0
0
0
0
0
0
0
0
0
0
0
0
0
0
0
0
0
0
0
0
0
0
0
0
0
0
0
0
0
0
0
0
0
0
0
0
0
0
0
0
0
0
0
0
0
0
0
0
0
0
0
0
0
0
0
0
0
0
0
0
0
0
0
0
0
0
0
0
0
0
0
0
0
0
0
0
0
0
0
0
0
0
0
0
0
0
0
0
0
0
0
0
0
0
0
0
0
0
0
0
0
0
0
0
0
0
0
0
0
0
0
0
0
0
0
0
0
0
0
0
0
0
0
0
0
0
0
0
0
0
0
0
0
0
0
0
0
0
0
0
0
0
0
0
0
0
0
0
0
0
0
0
0
0
0
0
0
0
0
0
0
0
0
0
0
0
0
0
0
0
0
0
0
0
0
0
0
0
0
0
0
0
0
0
0
0
0
0
0
0
0
0
0
0
0
0
0
0
0
0
0
0
0
0
0
0
0
0
0
0
0
0
0
0
0
0
0
0
0
0
0
0
0
0
0
0
0
0
0
0
0
0
0
0
0
0
0
0
0
0
0
0
0
0
0
0
0
0
0
0
0
0
0
0
0
0
0
0
0
0
0
0
0
0
0
0
0
0
0
0
0
0
0
0
0
0
0
0
0
0
0
0
0
0
0
0
0
0
0
0
0
0
0
0
0
0
0
0
0
0
0
0
0
0
0
0
0
0
0
0
0
0
0
0
0
0
0
0
0
0
0
0
0
0
0
0
0
0
0
0
0
0
0
0
0
0
0
0
0
0
0
0
0
0
0
0
0
0
0
0
0
0
0
0
0
0
0
0
0
0
0
0
0
0
0
0
0
0
0
0
0
0
0
0
0
0
0
0
0
0
0
0
0
0
0
0
0
0
0
0
0
0
0
0
0
0
0
0
0
0
0
0
0
0
0
0
0
0
0
0
0
0
0
0
0
0
0
0
0
0
0
0
0
0
0
0
0
0
0
0
0
0
0
0
0
0
0
0
0
0
0
0
0
0
0
0
0
0
0
0
0
0
0
0
0
0
0
0
0
0
0
0
0
0
0
0
0
0
0
0
0
0
-0.008091506294546637
