./RotationSim r
0
0
0
0
0
0
0
0
0
0
0
0
0
0
0
0
0
0
0
0
0
0
0
0
0
0
0
0
0
0
0
0
0
0
0
0
0
0
0
0
0
0
0
0
0
0
0
0
0
0
0
0
0
0
0
0
0
0
0
0
0
0
0
0
0
0
0
0
0
0
0
0
0
0
0
0
0
0
0
0
0
0
0
0
0
0
0
0
0
0
0
0
0
0
0
0
0
0
0
0
0
0
0
0
0
0
0
0
0
0
0
0
0
0
0
0
0
0
0
0
0
0
0
0
0
0
0
0
0
0
0
0
0
0
0
0
0
0
0
0
0
0
0
0
0
0
0
0
0
0
0
0
0
0
0
0
0
0
0
0
0
0
0
0
0
0
0
0
0
0
0
0
0
0
0
0
0
0
0
0
0
0
0
0
0
0
0
0
0
0
0
0
0
0
0
0
0
0
0
0
0
0
0
0
0
0
0
0
0
0
0
0
0
0
0
0
0
0
0
0
0
0
0
0
0
0
0
0
0
0
0
0
0
0
0
0
0
0
0
0
0
0
0
0
0
0
0
0
0
0
0
0
0
0
0
0
0
0
0
0
0
0
0
0
0
0
0
0
0
0
0
0
0
0
0
0
0
0
0
0
0
0
0
0
0
0
0
0
0
0
0
0
0
0
0
0
0
0
0
0
0
0
0
0
0
0
0
0
0
0
0
0
0
0
0
0
0
0
0
0
0
0
0
0
0
0
0
0
0
0
0
0
0
0
0
0
0
0
0
0
0
0
0
0
0
0
0
0
0
0
0
0
0
0
0
0
0
0
0
0
0
0
0
0
0
0
0
0
0
0
0
0
0
0
0
0
0
0
0
0
0
0
0
0
0
0
0
0
0
0
0
0
0
0
0
0
0
0
0
0
0
0
0
0
0
0
0
0
0
0
0
0
0
0
0
0
0
0
0
0
0
0
0
0
0
0
0
0
0
0
0
0
0
0
0
0
0
0
0
0
0
0
0
0
0
0
0
0
0
0
0
0
0
0
0
0
0
0
0
0
0
0
0
0
0
0
0
0
0
0
0
0
0
0
0
0
0
0
0
0
0
0
0
0
0
0
0
0
0
0
0
0
0
0
0
0
0
0
0
0
0
0
0
0
0
0
0
0
0
0
0
0
0
0
0
0
0
0
0
0
0
0
0
0
0
0
0
0
0
0
0
0
0
0
0
0
0
0
0
0
0
0
0
60
185
283
332
386
435
499
512
524
485
417
283
237
67
0
0
0
0
0
0
0
0
0
0
0
0
0
0
0
0
0
0
0
0
0
0
0
0
0
0
0
0
0
0
0
0
0
0
0
0
0
0
0
0
0
0
0
0
0
0
0
0
0
0
0
0
0
0
0
0
0
0
0
0
0
0
0
0
0
0
0
0
0
0
0
0
0
0
0
0
0
0
0
0
0
40
251
422
644
810
859
862
949
977
932
964
913
869
917
904
929
923
923
1073
898
769
621
355
68
0
0
0
0
0
0
0
0
0
0
0
0
0
0
0
0
0
0
0
0
0
0
0
0
0
0
0
0
0
0
0
0
0
0
0
0
0
0
0
0
0
0
0
0
0
0
0
0
0
0
0
0
0
0
0
0
0
0
0
0
0
0
0
0
0
0
0
0
0
0
0
0
0
93
335
584
732
862
777
778
803
802
738
798
851
786
828
874
789
802
823
818
950
906
913
954
982
921
1050
1063
884
511
141
0
0
0
0
0
0
0
0
0
0
0
0
0
0
0
0
0
0
0
0
0
0
0
0
0
0
0
0
0
0
0
0
0
0
0
0
0
0
0
0
0
0
0
0
0
0
0
0
0
0
0
0
0
0
0
0
0
0
0
0
0
0
0
0
0
0
0
18
271
586
758
706
741
734
703
705
599
654
680
702
685
608
575
606
662
737
672
723
713
727
692
814
835
882
842
950
869
1001
1054
1113
935
501
61
0
0
0
0
0
0
0
0
0
0
0
0
0
0
0
0
0
0
0
0
0
0
0
0
0
0
0
0
0
0
0
0
0
0
0
0
0
0
0
0
0
0
0
0
0
0
0
0
0
0
0
0
0
0
0
0
0
0
0
0
0
0
61
380
664
735
620
693
700
627
628
648
637
565
609
638
622
559
588
553
606
578
552
559
557
583
593
562
632
652
679
766
742
824
875
835
970
980
1094
1090
665
146
0
0
0
0
0
0
0
0
0
0
0
0
0
0
0
0
0
0
0
0
0
0
0
0
0
0
0
0
0
0
0
0
0
0
0
0
0
0
0
0
0
0
0
0
0
0
0
0
0
0
0
0
0
0
0
0
0
0
36
391
632
716
593
628
668
675
665
715
618
592
617
581
553
522
551
549
580
542
507
471
463
502
559
577
591
623
646
676
610
669
682
673
798
774
891
896
982
1112
1124
1179
702
115
0
0
0
0
0
0
0
0
0
0
0
0
0
0
0
0
0
0
0
0
0
0
0
0
0
0
0
0
0
0
0
0
0
0
0
0
0
0
0
0
0
0
0
0
0
0
0
0
0
0
0
0
0
0
9
287
673
648
600
658
673
669
630
627
580
559
542
471
481
480
518
531
509
451
430
469
521
482
492
456
496
505
501
486
449
555
534
502
568
614
650
621
702
725
800
900
1008
1046
1285
1064
604
21
0
0
0
0
0
0
0
0
0
0
0
0
0
0
0
0
0
0
0
0
0
0
0
0
0
0
0
0
0
0
0
0
0
0
0
0
0
0
0
0
0
0
0
0
0
0
0
0
0
0
0
127
530
597
618
624
591
648
582
554
564
497
535
504
501
508
543
511
495
444
432
436
421
408
375
397
381
389
406
382
368
355
418
392
469
454
474
521
516
511
566
654
682
752
864
861
1018
1138
1170
1045
327
0
0
0
0
0
0
0
0
0
0
0
0
0
0
0
0
0
0
0
0
0
0
0
0
0
0
0
0
0
0
0
0
0
0
0
0
0
0
0
0
0
0
0
0
0
0
0
0
18
303
596
663
635
594
495
648
595
545
510
507
530
415
465
492
428
415
418
314
362
374
351
362
339
363
335
321
351
373
336
370
362
346
315
386
358
384
432
433
546
554
503
580
608
767
781
873
977
1034
1203
1320
750
36
0
0
0
0
0
0
0
0
0
0
0
0
0
0
0
0
0
0
0
0
0
0
0
0
0
0
0
0
0
0
0
0
0
0
0
0
0
0
0
0
0
0
0
0
0
66
501
655
579
604
523
597
581
545
498
526
518
500
460
479
435
459
453
392
368
346
313
267
285
291
301
321
343
362
301
319
329
334
388
383
376
366
329
414
414
424
437
415
473
528
598
596
638
707
851
945
1000
1076
1201
996
141
0
0
0
0
0
0
0
0
0
0
0
0
0
0
0
0
0
0
0
0
0
0
0
0
0
0
0
0
0
0
0
0
0
0
0
0
0
0
0
0
0
0
0
156
590
595
613
587
532
569
526
437
457
494
478
440
465
471
412
426
342
312
297
285
284
320
334
315
341
304
258
319
336
322
305
320
330
333
349
351
345
355
338
321
327
318
366
378
464
419
507
552
536
700
731
904
1097
1178
1223
1258
390
0
0
0
0
0
0
0
0
0
0
0
0
0
0
0
0
0
0
0
0
0
0
0
0
0
0
0
0
0
0
0
0
0
0
0
0
0
0
0
0
0
191
591
512
648
580
551
544
477
473
495
464
421
404
432
378
408
381
321
317
329
321
336
299
291
318
324
308
363
338
293
288
275
336
336
288
304
300
250
283
313
274
277
323
327
302
289
357
431
382
450
526
548
607
679
788
982
1146
1216
1404
642
0
0
0
0
0
0
0
0
0
0
0
0
0
0
0
0
0
0
0
0
0
0
0
0
0
0
0
0
0
0
0
0
0
0
0
0
0
0
0
249
588
582
599
589
522
511
460
512
472
446
406
363
425
367
429
347
302
277
274
276
310
301
323
365
357
324
372
291
316
337
363
330
342
389
369
348
326
280
321
315
356
341
321
299
334
350
311
325
356
397
468
478
547
607
650
716
883
1117
1234
1394
780
0
0
0
0
0
0
0
0
0
0
0
0
0
0
0
0
0
0
0
0
0
0
0
0
0
0
0
0
0
0
0
0
0
0
0
0
0
247
577
572
566
618
490
488
411
485
445
429
417
400
411
392
386
290
333
283
311
290
311
343
435
378
352
371
350
405
441
505
484
449
481
498
451
442
484
476
469
445
379
392
368
297
313
280
279
310
286
343
347
375
417
463
506
575
676
715
862
1048
1241
1492
834
0
0
0
0
0
0
0
0
0
0
0
0
0
0
0
0
0
0
0
0
0
0
0
0
0
0
0
0
0
0
0
0
0
0
0
242
541
598
552
528
513
437
404
402
458
431
365
360
403
344
347
264
275
292
297
361
399
412
407
372
375
448
449
459
482
508
534
486
539
517
541
517
478
487
403
453
398
388
398
399
435
392
311
303
281
309
273
293
322
339
393
456
459
544
648
735
888
1017
1225
1472
799
0
0
0
0
0
0
0
0
0
0
0
0
0
0
0
0
0
0
0
0
0
0
0
0
0
0
0
0
0
0
0
0
0
220
529
584
481
564
478
436
481
449
479
390
346
391
389
377
288
242
289
350
351
412
370
364
398
381
391
414
415
450
435
449
535
568
597
569
477
501
567
572
558
562
542
541
521
475
531
459
422
436
410
299
299
292
279
270
292
279
347
433
461
503
588
710
858
1026
1300
1503
657
0
0
0
0
0
0
0
0
0
0
0
0
0
0
0
0
0
0
0
0
0
0
0
0
0
0
0
0
0
0
0
121
539
597
554
514
506
383
454
429
467
423
378
416
365
328
251
273
315
348
353
418
342
416
405
423
396
405
490
493
488
518
544
510
491
498
437
568
577
571
570
588
579
647
562
590
541
517
543
541
517
485
463
342
307
274
271
289
291
297
345
410
478
535
624
639
803
1019
1248
1545
525
0
0
0
0
0
0
0
0
0
0
0
0
0
0
0
0
0
0
0
0
0
0
0
0
0
0
0
0
0
66
459
565
511
522
540
426
401
430
415
364
332
359
271
340
293
294
377
313
409
404
322
380
430
428
381
422
496
459
508
526
583
534
488
560
607
559
528
537
557
530
586
606
619
645
662
603
581
571
544
587
572
501
513
447
377
296
295
234
270
312
379
395
467
511
617
747
891
1045
1313
1522
258
0
0
0
0
0
0
0
0
0
0
0
0
0
0
0
0
0
0
0
0
0
0
0
0
0
0
0
10
379
481
548
533
502
414
396
420
400
426
404
321
311
316
271
288
343
358
359
386
366
397
451
418
419
388
471
491
515
522
601
523
582
564
526
531
522
485
453
493
481
502
519
569
521
588
707
659
646
636
557
523
539
567
458
448
347
314
282
334
266
266
346
344
504
483
631
726
931
1046
1307
1392
53
0
0
0
0
0
0
0
0
0
0
0
0
0
0
0
0
0
0
0
0
0
0
0
0
0
0
274
493
532
529
513
395
405
404
437
403
398
305
308
311
292
338
316
357
348
385
387
412
451
404
440
422
474
522
487
492
515
550
522
492
487
502
480
507
539
457
450
457
495
514
543
514
616
554
560
587
557
652
665
651
624
567
505
458
398
348
271
342
288
301
286
371
437
559
677
794
972
1104
1503
921
0
0
0
0
0
0
0
0
0
0
0
0
0
0
0
0
0
0
0
0
0
0
0
0
0
103
461
506
465
511
496
417
383
404
338
398
302
298
330
343
342
359
337
368
346
363
405
401
448
394
429
537
488
536
539
630
538
493
518
497
514
461
496
469
402
522
528
530
419
433
388
572
478
473
534
523
536
518
599
613
638
676
580
642
552
364
291
282
302
327
323
289
379
436
551
684
837
1044
1242
1628
388
0
0
0
0
0
0
0
0
0
0
0
0
0
0
0
0
0
0
0
0
0
0
0
7
436
505
506
491
461
437
389
360
400
389
310
333
311
328
289
347
306
340
340
374
377
406
468
468
443
474
470
500
517
506
476
412
350
411
393
453
449
419
418
437
451
401
504
444
558
547
420
486
449
490
463
440
482
565
601
576
630
683
633
641
563
395
345
280
270
283
337
338
387
422
624
699
853
1124
1429
1453
39
0
0
0
0
0
0
0
0
0
0
0
0
0
0
0
0
0
0
0
0
0
0
206
487
464
480
448
459
416
420
373
364
360
313
307
355
308
373
387
341
285
315
388
369
461
457
415
424
439
528
531
503
381
391
399
402
329
386
437
342
356
334
419
403
364
349
347
380
408
465
484
543
531
524
531
510
596
538
530
537
657
709
658
672
498
425
365
254
298
291
329
381
400
448
614
817
861
1243
1561
796
0
0
0
0
0
0
0
0
0
0
0
0
0
0
0
0
0
0
0
0
0
35
474
500
507
459
473
459
358
378
408
349
333
328
299
317
322
341
352
348
310
409
369
411
460
388
444
461
488
488
486
384
411
392
352
358
418
440
339
340
406
388
336
404
354
440
375
450
385
383
524
438
473
529
525
539
507
568
650
551
579
707
659
606
600
516
400
331
232
271
255
408
373
425
549
643
836
1062
1364
1508
161
0
0
0
0
0
0
0
0
0
0
0
0
0
0
0
0
0
0
0
0
247
535
421
478
425
482
379
329
349
390
321
333
286
332
308
370
356
335
277
364
451
393
415
475
417
469
485
428
506
450
357
442
383
385
385
423
376
419
410
377
443
392
389
398
361
362
408
418
431
494
468
361
473
484
449
504
487
536
527
553
636
594
658
699
610
524
417
280
238
234
317
384
403
456
625
650
873
1156
1551
955
0
0
0
0
0
0
0
0
0
0
0
0
0
0
0
0
0
0
0
44
484
449
437
457
440
433
370
311
360
381
347
293
264
301
314
384
332
312
383
434
454
366
391
449
465
453
462
477
435
368
395
373
318
434
438
474
405
415
469
385
347
411
458
496
438
440
466
430
466
361
382
345
363
449
410
431
540
529
475
533
580
586
547
656
710
600
515
433
276
229
290
295
392
399
563
643
780
981
1384
1661
169
0
0
0
0
0
0
0
0
0
0
0
0
0
0
0
0
0
0
234
504
407
430
388
434
379
338
356
409
361
327
286
281
284
399
369
310
349
414
447
393
372
436
428
490
434
548
370
370
434
345
323
416
438
389
387
365
424
385
463
482
455
486
473
539
498
430
377
385
418
424
462
362
399
449
426
389
521
525
526
562
701
718
558
616
635
569
415
381
301
218
290
312
346
515
596
650
928
1171
1547
966
0
0
0
0
0
0
0
0
0
0
0
0
0
0
0
0
0
9
457
462
420
440
461
463
353
299
334
363
322
302
291
336
337
319
329
351
376
451
366
356
396
402
452
474
417
414
376
377
403
347
362
502
485
389
459
413
366
390
505
505
539
468
485
370
440
486
479
425
554
505
464
459
460
436
445
364
358
412
495
429
587
718
672
661
810
680
481
384
315
275
290
313
349
414
477
625
792
1064
1344
1554
59
0
0
0
0
0
0
0
0
0
0
0
0
0
0
0
0
159
527
416
438
402
441
355
324
337
336
331
317
264
296
355
374
324
311
347
396
406
400
359
387
421
397
477
417
437
362
366
353
399
439
509
419
426
359
455
504
516
546
453
359
437
442
443
437
398
487
514
419
445
416
465
474
421
406
333
415
449
374
491
540
688
709
684
665
740
604
445
332
296
221
262
337
411
425
584
735
1003
1190
1601
678
0
0
0
0
0
0
0
0
0
0
0
0
0
0
0
0
415
502
415
436
396
436
339
343
358
342
325
272
257
360
342
371
269
349
356
378
472
336
380
501
495
431
430
375
342
363
390
393
472
476
510
489
424
431
378
485
514
492
480
464
366
474
529
496
515
390
414
496
514
455
474
563
468
436
405
354
385
396
440
491
576
654
645
727
724
759
556
387
332
294
266
329
309
432
517
666
903
1083
1352
1328
0
0
0
0
0
0
0
0
0
0
0
0
0
0
0
62
475
463
455
406
358
413
376
336
328
361
349
265
227
389
344
336
351
356
365
454
393
370
396
474
423
387
458
390
411
366
414
472
471
404
479
476
464
439
448
486
518
454
407
441
457
471
521
472
525
401
586
424
496
522
534
551
510
484
408
380
356
419
426
385
537
587
622
666
716
686
742
556
366
239
294
259
350
351
479
545
792
1035
1317
1587
260
0
0
0
0
0
0
0
0
0
0
0
0
0
0
196
439
476
444
367
399
345
347
342
330
350
257
257
294
353
328
292
393
351
372
446
332
457
405
431
449
418
410
433
436
391
431
410
494
540
447
407
462
469
478
465
521
525
467
471
603
445
483
507
561
569
530
482
481
532
532
413
498
487
375
424
403
373
444
389
505
580
635
600
696
716
735
642
447
257
245
252
327
332
433
577
704
927
1107
1483
840
0
0
0
0
0
0
0
0
0
0
0
0
0
0
365
429
423
348
349
415
318
330
361
279
324
286
340
313
366
308
357
372
385
389
394
386
383
439
429
474
416
414
413
410
442
389
419
464
496
393
519
543
404
399
478
509
563
454
536
561
503
501
560
574
547
544
500
491
532
579
577
569
523
529
403
397
373
381
393
468
511
512
586
679
695
732
617
509
292
241
268
293
299
433
515
647
841
1030
1372
1354
0
0
0
0
0
0
0
0
0
0
0
0
0
16
456
431
413
353
420
412
344
380
278
339
309
264
275
373
338
314
363
363
333
431
340
414
424
456
387
417
381
432
400
484
405
403
433
425
407
358
441
559
386
482
545
511
303
413
479
452
485
431
541
517
469
509
649
628
580
570
690
651
555
506
444
418
410
374
372
403
412
519
614
719
726
696
703
580
374
222
253
277
312
414
451
603
856
939
1307
1685
125
0
0
0
0
0
0
0
0
0
0
0
0
119
445
409
386
399
381
382
363
317
259
382
237
326
227
357
344
314
337
355
360
411
344
399
401
380
440
415
412
367
397
465
422
404
419
355
397
394
500
464
396
423
520
406
408
533
589
496
549
398
508
433
405
422
475
538
586
496
502
438
551
668
526
444
426
420
402
459
415
523
565
624
720
729
707
645
495
261
269
259
275
325
372
506
813
865
1314
1665
568
0
0
0
0
0
0
0
0
0
0
0
0
220
483
430
353
379
332
341
308
355
288
354
264
290
282
314
351
359
381
391
328
465
405
374
443
382
442
402
403
348
441
457
451
485
424
380
443
433
462
403
494
489
511
474
414
502
416
426
418
409
486
608
507
555
600
509
547
497
614
612
575
598
673
446
395
468
335
376
446
413
538
587
604
749
783
600
627
374
265
285
275
311
399
463
664
811
1173
1544
909
0
0
0
0
0
0
0
0
0
0
0
0
285
459
429
363
368
335
343
317
292
310
339
261
294
294
337
377
370
377
381
363
420
372
339
432
412
440
429
407
431
399
492
520
410
393
457
464
511
368
416
500
372
441
461
375
402
476
448
512
622
481
431
390
494
466
439
482
475
578
617
542
564
662
522
422
406
404
367
454
472
616
637
606
684
738
693
604
371
281
264
276
280
369
471
649
797
1065
1504
1285
0
0
0
0
0
0
0
0
0
0
0
0
406
388
415
361
376
377
325
349
337
246
306
266
330
288
270
378
371
366
377
366
412
325
396
402
452
354
427
423
369
434
451
482
388
393
411
415
454
357
416
379
404
425
370
408
391
517
585
503
423
556
470
505
622
529
394
437
552
511
575
510
639
733
574
471
423
403
320
413
512
540
630
593
666
806
740
643
450
251
275
267
320
337
424
624
782
1105
1345
1608
0
0
0
0
0
0
0
0
0
0
0
32
390
442
424
315
418
344
280
337
294
270
284
245
292
265
329
381
381
324
331
411
422
318
433
382
420
431
419
390
355
477
456
387
411
404
338
372
459
380
466
455
502
467
496
426
431
521
479
582
463
529
439
468
539
375
411
370
472
543
588
543
539
511
666
504
366
432
388
406
532
577
570
680
695
720
760
599
485
280
255
293
273
317
476
557
738
961
1350
1711
159
0
0
0
0
0
0
0
0
0
0
86
450
428
413
330
362
352
351
349
303
271
310
269
291
275
360
376
359
318
325
358
461
329
377
437
433
433
439
344
385
392
412
454
456
374
361
457
374
429
466
462
467
421
516
429
444
522
509
541
471
419
349
389
465
449
404
460
494
435
502
606
631
607
594
514
448
367
391
359
402
534
526
739
688
691
807
640
536
299
236
271
265
286
460
490
705
954
1304
1671
434
0
0
0
0
0
0
0
0
0
0
106
433
417
414
352
357
335
347
330
264
316
303
282
291
269
338
391
409
330
345
387
382
351
354
409
392
447
378
390
420
403
436
480
378
346
360
519
406
424
507
464
524
452
457
509
519
446
422
326
378
542
459
416
358
390
502
508
468
457
413
548
691
687
551
490
461
426
394
314
444
491
501
572
718
781
721
638
586
338
277
247
261
324
391
522
628
871
1173
1592
709
0
0
0
0
0
0
0
0
0
0
190
387
380
385
359
318
337
334
336
304
274
309
275
291
316
355
397
375
311
344
328
349
310
362
355
402
432
432
411
402
342
424
447
353
386
420
435
420
503
436
493
458
378
417
521
429
483
387
406
457
310
562
475
371
350
359
479
453
406
531
420
600
713
570
510
475
427
437
375
440
442
514
568
702
822
774
785
657
308
210
238
281
310
373
490
694
871
1166
1605
847
0
0
0
0
0
0
0
0
0
0
191
435
385
408
312
323
367
303
322
316
285
299
287
308
305
312
435
364
281
347
375
390
300
377
366
419
442
450
376
428
376
400
470
488
415
376
429
455
457
414
443
447
421
442
502
486
357
377
488
496
383
382
467
482
400
384
487
416
477
497
512
528
530
688
514
545
464
430
434
419
391
554
556
617
816
813
690
686
347
255
266
247
349
436
471
687
886
1201
1544
892
0
0
0
0
0
0
0
0
0
0
213
404
358
421
321
326
362
314
308
303
313
235
321
308
330
309
381
366
300
314
361
390
338
299
359
414
428
469
380
448
415
409
397
443
387
396
500
438
359
528
429
488
409
515
480
571
503
490
603
471
416
438
398
464
412
447
315
332
380
472
508
595
641
607
636
532
443
390
402
370
387
494
580
543
733
820
728
718
430
237
232
302
327
390
440
672
873
1154
1546
1004
0
0
0
0
0
0
0
0
0
0
247
413
388
418
334
287
388
299
338
281
301
210
306
283
299
333
383
370
310
365
322
408
303
315
404
391
408
442
455
408
352
467
355
485
362
361
450
399
425
467
478
448
505
436
440
484
502
545
535
544
478
507
429
398
449
446
413
389
431
391
440
459
603
603
667
553
413
473
442
399
338
514
572
609
716
789
812
696
494
227
247
259
305
365
436
657
919
1121
1543
1084
0
0
0
0
0
0
0
0
0
0
231
387
387
394
339
304
328
318
314
268
306
249
317
310
350
307
340
327
366
325
371
365
366
316
370
374
386
442
463
392
401
424
448
440
395
433
423
344
485
563
441
536
482
449
381
515
545
632
494
481
572
475
543
491
409
468
397
367
393
398
474
474
509
692
559
553
430
346
431
306
340
539
512
621
738
809
788
626
482
271
237
292
325
395
450
634
918
1152
1563
1023
0
0
0
0
0
0
0
0
0
0
232
373
360
408
329
320
329
324
289
285
316
230
303
277
317
366
339
328
297
316
385
379
354
376
371
403
430
358
466
353
396
496
529
342
471
440
484
373
406
423
427
469
418
413
495
513
470
555
623
569
495
537
481
485
411
445
443
423
499
505
515
697
666
668
641
587
459
459
424
409
386
495
519
667
695
822
789
636
509
268
231
248
294
363
444
663
914
1209
1562
996
0
0
0
0
0
0
0
0
0
0
191
392
356
419
312
318
333
282
302
303
286
265
289
291
304
319
334
375
379
323
365
353
320
371
363
384
402
320
470
354
413
443
457
497
389
500
412
399
461
387
414
410
415
564
615
528
462
523
575
547
406
640
494
474
395
406
480
324
469
460
485
617
566
729
660
551
418
386
439
385
436
553
465
623
683
800
773
632
495
282
204
226
321
398
459
613
927
1221
1546
892
0
0
0
0
0
0
0
0
0
0
168
416
380
395
350
274
327
313
280
307
272
277
253
319
318
361
365
331
370
354
387
331
374
367
336
383
431
345
486
385
346
427
454
445
428
455
415
405
388
325
400
432
367
419
453
458
431
510
558
529
559
548
611
498
422
431
408
417
399
456
517
645
635
592
661
551
387
353
459
427
494
494
493
613
676
751
831
619
452
288
220
225
264
374
519
647
903
1244
1603
839
0
0
0
0
0
0
0
0
0
0
119
367
382
415
354
266
311
336
296
288
318
234
266
294
330
298
326
287
304
330
363
305
363
355
338
394
380
406
392
404
378
437
439
434
475
448
416
388
434
367
256
354
368
371
434
372
509
421
483
526
643
678
671
545
515
476
396
450
483
491
556
600
543
690
541
480
416
429
472
380
382
464
584
603
740
856
829
593
412
314
251
228
261
384
536
681
951
1203
1620
676
0
0
0
0
0
0
0
0
0
0
85
375
363
393
352
276
329
322
313
292
274
263
296
288
310
320
351
316
342
350
357
339
380
369
360
411
367
426
392
343
350
435
415
489
406
438
416
430
395
438
365
338
333
401
470
454
434
480
541
458
481
654
555
568
555
436
526
509
449
477
487
564
560
608
462
443
431
342
429
381
422
465
613
682
705
818
740
618
330
283
242
246
328
364
506
689
961
1294
1744
442
0
0
0
0
0
0
0
0
0
0
25
401
429
362
344
264
313
288
293
264
275
283
285
275
329
328
310
303
349
326
311
366
355
428
322
382
379
357
401
345
348
424
525
424
402
444
430
434
395
404
355
327
389
487
427
550
462
434
508
572
495
363
447
386
448
450
441
471
334
442
528
506
728
637
593
385
446
364
377
463
421
478
539
659
695
845
755
610
346
290
230
260
334
386
511
796
942
1290
1679
180
0
0
0
0
0
0
0
0
0
0
0
341
393
395
329
280
315
308
289
336
266
298
248
300
323
317
282
323
336
320
356
300
353
395
307
369
409
376
395
414
362
419
399
402
394
401
517
421
373
331
444
377
340
395
386
389
494
492
473
537
480
398
440
468
424
431
503
494
403
550
637
649
729
556
533
431
342
364
406
434
495
531
577
722
739
809
771
516
295
269
221
243
323
463
575
795
966
1344
1768
0
0
0
0
0
0
0
0
0
0
0
0
262
364
405
393
293
300
351
290
308
264
309
262
296
305
305
281
310
294
300
365
328
362
398
338
380
337
337
370
357
336
442
433
402
482
357
407
494
434
479
428
533
363
293
457
481
574
494
467
431
449
492
393
444
375
360
446
530
662
561
578
574
640
526
585
411
374
327
400
549
484
539
614
733
688
831
709
429
278
259
272
260
318
464
617
763
1063
1422
1409
0
0
0
0
0
0
0
0
0
0
0
0
191
381
375
403
308
328
324
346
311
272
331
264
306
300
260
340
277
332
294
359
353
327
439
357
319
377
407
374
401
341
359
472
450
474
396
390
452
449
458
466
462
474
370
367
535
391
379
472
474
314
373
379
425
385
495
545
491
531
476
543
611
542
549
443
403
428
451
393
543
421
497
650
801
793
739
573
376
283
295
266
251
313
486
629
789
1142
1625
1122
0
0
0
0
0
0
0
0
0
0
0
0
121
411
359
379
327
299
300
310
298
283
283
294
287
268
288
325
316
361
344
296
377
266
383
447
317
336
352
369
356
354
323
433
420
435
458
426
481
379
439
360
492
543
506
490
395
526
414
407
421
409
393
376
366
351
383
344
466
501
477
559
651
550
499
524
403
396
411
397
545
531
513
775
687
826
628
493
326
248
311
276
244
406
523
764
851
1216
1721
691
0
0
0
0
0
0
0
0
0
0
0
0
13
379
337
374
357
261
296
288
301
265
272
303
262
280
312
319
299
323
301
320
348
320
297
392
394
342
383
352
341
315
300
355
418
436
453
460
420
487
454
375
371
463
473
415
483
490
435
374
417
387
389
416
428
340
463
417
470
544
563
562
575
494
498
482
409
430
401
500
571
532
656
700
786
800
616
448
325
280
287
239
311
390
548
842
944
1351
1809
143
0
0
0
0
0
0
0
0
0
0
0
0
0
299
405
408
380
321
262
323
349
267
282
287
286
273
307
303
273
279
329
290
297
358
355
348
424
406
377
395
380
369
349
343
390
412
362
441
460
422
518
419
386
434
486
499
453
502
376
426
393
419
423
508
533
404
458
437
464
465
593
561
497
509
429
421
367
396
489
478
475
594
677
702
706
761
603
368
287
278
285
233
303
438
588
836
1082
1455
1460
0
0
0
0
0
0
0
0
0
0
0
0
0
0
161
391
352
332
318
221
317
311
284
287
317
304
275
313
286
336
302
321
280
309
332
329
343
351
395
374
452
380
370
372
388
333
391
408
421
420
482
428
538
454
458
445
439
490
429
466
385
440
396
496
482
539
451
418
530
574
458
508
449
513
455
406
484
429
422
436
481
528
635
632
788
793
756
434
331
322
239
251
262
394
469
680
919
1111
1646
955
0
0
0
0
0
0
0
0
0
0
0
0
0
0
33
404
368
353
355
289
299
334
304
268
273
264
350
263
274
341
297
318
283
259
372
374
336
307
351
422
434
424
369
431
425
326
300
431
391
383
370
465
484
388
477
545
472
469
399
473
462
435
426
503
520
506
445
430
499
436
497
635
530
403
355
405
433
397
388
421
509
492
603
746
818
780
559
432
333
314
273
234
284
411
493
726
1046
1336
1809
299
0
0
0
0
0
0
0
0
0
0
0
0
0
0
0
293
426
333
358
287
281
348
282
316
241
284
320
288
249
341
299
319
304
278
290
318
329
333
344
422
405
349
403
362
446
393
337
294
373
396
426
534
468
409
393
488
450
503
434
490
427
440
466
500
491
535
559
493
563
517
501
519
473
473
491
477
469
454
384
481
526
679
676
653
710
612
519
359
342
211
221
276
375
433
675
844
1121
1493
1414
0
0
0
0
0
0
0
0
0
0
0
0
0
0
0
0
135
418
379
327
351
282
288
332
323
280
278
318
306
280
275
342
244
272
305
278
320
331
331
332
371
401
371
372
377
340
399
352
385
379
387
360
411
470
470
404
433
422
425
467
512
452
474
486
438
482
518
499
541
496
568
554
520
441
414
436
475
377
497
471
621
574
710
608
672
738
627
474
340
318
226
265
286
407
482
769
907
1254
1577
782
0
0
0
0
0
0
0
0
0
0
0
0
0
0
0
0
15
347
386
375
370
252
291
274
318
307
287
288
270
284
278
319
350
270
318
215
355
336
322
285
363
378
404
362
437
352
361
355
401
395
430
371
374
409
435
380
431
456
444
408
452
459
468
466
510
529
468
492
504
517
551
473
482
452
386
508
386
343
451
476
530
568
745
717
674
652
552
371
321
236
256
272
369
396
614
826
1077
1377
1742
94
0
0
0
0
0
0
0
0
0
0
0
0
0
0
0
0
0
179
408
376
355
269
287
321
335
308
276
269
291
299
267
306
333
319
299
256
312
386
340
304
384
347
350
352
366
413
358
387
363
356
409
426
381
396
425
467
396
421
382
465
504
479
528
520
475
471
556
526
512
507
444
453
451
420
444
382
429
454
494
532
572
705
761
708
701
643
409
313
222
217
221
339
410
455
711
969
1114
1602
1093
0
0
0
0
0
0
0
0
0
0
0
0
0
0
0
0
0
0
37
401
362
362
325
247
310
277
308
281
267
260
250
267
294
335
329
323
260
225
321
414
350
287
357
312
390
315
382
419
339
370
376
384
398
384
351
388
424
495
475
415
434
424
487
511
527
470
506
530
547
533
491
496
473
480
388
437
435
471
532
555
627
689
726
755
686
623
403
304
256
216
232
290
362
436
601
854
1148
1354
1780
194
0
0
0
0
0
0
0
0
0
0
0
0
0
0
0
0
0
0
0
197
398
361
346
286
297
323
283
279
250
258
286
297
277
246
335
345
324
279
254
416
370
353
374
326
351
362
337
345
389
409
411
390
386
345
408
345
368
392
429
418
392
410
421
480
430
475
477
457
435
437
367
454
518
510
467
407
404
500
563
554
694
845
766
714
610
556
241
224
241
227
289
328
405
575
729
1066
1143
1579
1172
0
0
0
0
0
0
0
0
0
0
0
0
0
0
0
0
0
0
0
0
41
405
414
350
335
287
309
251
307
336
280
250
281
286
237
312
316
344
331
269
251
396
366
395
350
270
364
302
348
364
358
384
455
371
418
424
397
374
360
377
486
522
500
565
502
507
485
428
382
397
396
418
404
354
444
432
493
484
500
609
649
787
768
663
589
503
315
248
244
229
304
320
413
493
651
838
1117
1339
1767
173
0
0
0
0
0
0
0
0
0
0
0
0
0
0
0
0
0
0
0
0
0
210
404
356
323
303
276
298
268
310
292
284
287
303
260
258
349
308
355
276
281
286
366
362
407
376
340
318
334
307
338
414
378
360
330
342
388
416
460
450
456
426
474
556
545
445
431
397
426
369
358
377
385
413
421
461
457
506
614
666
616
763
646
569
535
332
246
288
251
286
340
330
467
498
862
991
1308
1630
953
0
0
0
0
0
0
0
0
0
0
0
0
0
0
0
0
0
0
0
0
0
0
9
367
395
364
302
284
279
293
309
294
296
291
309
299
242
289
338
320
326
367
270
301
365
355
385
384
369
366
346
342
368
410
431
397
330
309
336
372
406
450
399
440
383
435
463
406
359
411
418
383
428
469
464
502
592
556
573
649
630
721
684
601
507
395
275
285
213
276
305
324
399
539
631
874
1196
1476
1570
50
0
0
0
0
0
0
0
0
0
0
0
0
0
0
0
0
0
0
0
0
0
0
0
102
444
402
329
314
317
310
254
346
304
301
282
318
282
229
256
309
287
323
397
309
347
308
353
374
370
379
415
372
335
388
365
430
384
365
379
369
486
436
390
352
361
402
368
388
449
401
410
454
390
408
506
526
513
532
608
602
695
688
552
441
366
357
244
274
298
278
357
382
501
598
794
1071
1339
1718
426
0
0
0
0
0
0
0
0
0
0
0
0
0
0
0
0
0
0
0
0
0
0
0
0
0
212
437
368
288
278
300
272
290
260
287
265
301
299
302
298
286
295
322
298
316
335
331
322
347
355
376
395
350
322
405
359
396
466
392
388
331
321
332
370
365
402
351
406
424
442
431
432
454
414
498
552
600
658
643
663
711
643
616
492
382
355
316
286
311
292
362
363
391
571
668
947
1262
1656
1043
0
0
0
0
0
0
0
0
0
0
0
0
0
0
0
0
0
0
0
0
0
0
0
0
0
0
5
321
424
354
338
277
293
251
274
287
316
289
292
329
279
270
243
293
302
351
269
329
316
328
362
335
365
362
375
357
376
423
394
325
394
390
401
335
317
407
431
449
512
402
385
498
486
488
529
512
555
585
595
627
611
594
598
379
368
313
256
242
259
282
317
385
373
551
668
832
1072
1516
1537
60
0
0
0
0
0
0
0
0
0
0
0
0
0
0
0
0
0
0
0
0
0
0
0
0
0
0
0
37
397
431
345
327
318
289
274
276
297
301
293
308
344
308
297
234
282
282
319
311
303
342
374
327
340
317
359
304
370
361
371
381
287
359
385
400
377
371
368
401
423
396
434
483
489
585
570
500
590
664
614
631
616
516
409
381
307
281
318
227
301
301
372
440
449
616
751
1037
1430
1720
324
0
0
0
0
0
0
0
0
0
0
0
0
0
0
0
0
0
0
0
0
0
0
0
0
0
0
0
0
0
115
460
418
340
326
305
293
265
278
306
303
280
290
334
296
280
278
310
276
260
327
337
365
364
296
312
362
373
341
374
411
357
381
382
414
410
434
410
400
426
444
438
465
441
514
517
526
570
618
708
634
566
420
369
333
289
248
264
302
293
351
378
432
470
683
755
1017
1453
1783
602
0
0
0
0
0
0
0
0
0
0
0
0
0
0
0
0
0
0
0
0
0
0
0
0
0
0
0
0
0
0
0
174
454
425
337
341
304
297
277
239
321
293
275
308
286
290
316
290
290
316
290
272
329
368
370
388
391
371
458
420
409
498
448
389
374
377
400
434
443
456
405
480
511
538
562
588
639
606
614
609
522
400
333
296
273
222
287
266
301
346
389
431
507
649
794
1077
1382
1731
806
0
0
0
0
0
0
0
0
0
0
0
0
0
0
0
0
0
0
0
0
0
0
0
0
0
0
0
0
0
0
0
0
0
200
459
395
332
310
284
292
303
270
336
300
286
288
335
274
290
293
329
322
321
292
281
295
359
357
412
380
358
412
395
383
453
437
476
399
418
504
543
502
531
525
522
556
606
628
573
533
460
338
333
287
250
259
266
280
313
367
433
438
498
635
851
1058
1330
1638
948
0
0
0
0
0
0
0
0
0
0
0
0
0
0
0
0
0
0
0
0
0
0
0
0
0
0
0
0
0
0
0
0
0
0
0
249
476
412
338
316
380
314
294
266
290
305
294
307
278
281
274
287
313
336
333
318
308
321
316
346
405
428
330
395
366
404
469
475
456
479
480
470
524
588
534
559
638
547
462
418
380
370
338
292
247
289
266
301
344
448
457
473
523
696
931
1034
1300
1668
1079
0
0
0
0
0
0
0
0
0
0
0
0
0
0
0
0
0
0
0
0
0
0
0
0
0
0
0
0
0
0
0
0
0
0
0
0
0
194
425
393
327
323
352
310
313
270
311
323
272
301
308
280
286
282
305
320
314
275
277
298
285
380
381
385
408
389
448
442
477
474
531
491
439
456
466
457
451
444
391
374
325
332
287
274
294
334
307
339
333
349
468
492
590
669
909
1114
1247
1615
902
0
0
0
0
0
0
0
0
0
0
0
0
0
0
0
0
0
0
0
0
0
0
0
0
0
0
0
0
0
0
0
0
0
0
0
0
0
0
0
202
433
479
357
335
313
350
308
333
283
298
334
273
292
276
267
282
293
314
355
318
273
271
311
425
378
392
366
389
409
385
381
417
387
430
375
370
388
395
331
300
269
290
264
271
276
272
264
328
362
421
492
499
554
698
840
1137
1358
1578
804
0
0
0
0
0
0
0
0
0
0
0
0
0
0
0
0
0
0
0
0
0
0
0
0
0
0
0
0
0
0
0
0
0
0
0
0
0
0
0
0
0
143
440
447
356
355
324
360
327
342
312
309
312
349
330
318
280
306
263
294
262
348
323
269
275
332
352
291
322
339
341
370
302
283
288
331
328
290
282
314
307
314
288
323
315
304
333
380
387
444
519
525
701
812
956
1167
1420
1608
543
0
0
0
0
0
0
0
0
0
0
0
0
0
0
0
0
0
0
0
0
0
0
0
0
0
0
0
0
0
0
0
0
0
0
0
0
0
0
0
0
0
0
0
56
412
464
418
373
377
398
363
333
290
333
337
347
321
325
294
262
282
283
255
259
308
318
268
296
295
299
288
344
286
318
323
333
266
320
335
324
314
337
350
323
308
342
308
340
439
445
516
660
797
844
998
1239
1461
1394
228
0
0
0
0
0
0
0
0
0
0
0
0
0
0
0
0
0
0
0
0
0
0
0
0
0
0
0
0
0
0
0
0
0
0
0
0
0
0
0
0
0
0
0
0
0
14
283
508
432
397
387
377
411
366
316
296
336
322
309
313
319
332
299
278
300
315
252
298
278
286
301
284
269
274
266
332
346
323
298
269
298
322
277
307
305
370
364
440
418
501
576
689
787
851
1040
1272
1531
973
51
0
0
0
0
0
0
0
0
0
0
0
0
0
0
0
0
0
0
0
0
0
0
0
0
0
0
0
0
0
0
0
0
0
0
0
0
0
0
0
0
0
0
0
0
0
0
0
0
111
392
488
418
361
383
383
379
340
285
337
320
337
331
326
360
329
325
287
334
289
308
270
294
270
266
273
268
312
285
315
326
366
387
352
363
387
378
482
511
527
572
739
808
917
1031
1262
1400
1453
440
0
0
0
0
0
0
0
0
0
0
0
0
0
0
0
0
0
0
0
0
0
0
0
0
0
0
0
0
0
0
0
0
0
0
0
0
0
0
0
0
0
0
0
0
0
0
0
0
0
0
0
10
238
464
457
387
474
369
380
362
370
291
301
332
354
335
368
358
352
337
333
359
348
317
312
316
343
341
332
374
324
369
388
415
424
431
455
518
502
615
660
834
924
1063
1198
1385
1565
849
51
0
0
0
0
0
0
0
0
0
0
0
0
0
0
0
0
0
0
0
0
0
0
0
0
0
0
0
0
0
0
0
0
0
0
0
0
0
0
0
0
0
0
0
0
0
0
0
0
0
0
0
0
0
0
45
327
532
485
487
487
451
437
394
401
348
328
384
392
367
339
347
351
338
310
334
346
345
356
396
420
341
428
448
431
433
514
510
571
613
635
737
939
1055
1077
1248
1442
981
151
0
0
0
0
0
0
0
0
0
0
0
0
0
0
0
0
0
0
0
0
0
0
0
0
0
0
0
0
0
0
0
0
0
0
0
0
0
0
0
0
0
0
0
0
0
0
0
0
0
0
0
0
0
0
0
0
0
0
75
293
511
548
529
495
477
452
407
438
388
378
431
407
410
390
423
412
410
415
417
427
463
475
468
511
507
531
541
607
642
746
784
931
998
1183
1310
1313
823
190
0
0
0
0
0
0
0
0
0
0
0
0
0
0
0
0
0
0
0
0
0
0
0
0
0
0
0
0
0
0
0
0
0
0
0
0
0
0
0
0
0
0
0
0
0
0
0
0
0
0
0
0
0
0
0
0
0
0
0
0
0
0
19
245
485
635
583
587
594
515
454
466
479
486
519
548
462
529
580
460
489
485
526
586
592
621
686
698
735
753
886
939
1013
1171
1358
1135
622
65
0
0
0
0
0
0
0
0
0
0
0
0
0
0
0
0
0
0
0
0
0
0
0
0
0
0
0
0
0
0
0
0
0
0
0
0
0
0
0
0
0
0
0
0
0
0
0
0
0
0
0
0
0
0
0
0
0
0
0
0
0
0
0
0
0
0
0
87
347
568
699
729
701
622
600
650
620
605
706
627
617
627
632
683
663
683
774
822
863
881
1022
1043
1209
1415
1117
787
244
0
0
0
0
0
0
0
0
0
0
0
0
0
0
0
0
0
0
0
0
0
0
0
0
0
0
0
0
0
0
0
0
0
0
0
0
0
0
0
0
0
0
0
0
0
0
0
0
0
0
0
0
0
0
0
0
0
0
0
0
0
0
0
0
0
0
0
0
0
0
0
0
0
44
231
377
612
691
790
754
714
689
708
767
824
893
842
866
943
919
1036
1144
1148
967
806
540
121
0
0
0
0
0
0
0
0
0
0
0
0
0
0
0
0
0
0
0
0
0
0
0
0
0
0
0
0
0
0
0
0
0
0
0
0
0
0
0
0
0
0
0
0
0
0
0
0
0
0
0
0
0
0
0
0
0
0
0
0
0
0
0
0
0
0
0
0
0
0
0
0
0
0
0
0
0
0
0
0
0
55
197
290
463
497
534
602
616
596
606
498
404
247
102
0
0
0
0
0
0
0
0
0
0
0
0
0
0
0
0
0
0
0
0
0
0
0
0
0
0
0
0
0
0
0
0
0
0
0
0
0
0
0
0
0
0
0
0
0
0
0
0
0
0
0
0
0
0
0
0
0
0
0
0
0
0
0
0
0
0
0
0
0
0
0
0
0
0
0
0
0
0
0
0
0
0
0
0
0
0
0
0
0
0
0
0
0
0
0
0
0
0
0
0
0
0
0
0
0
0
0
0
0
0
0
0
0
0
0
0
0
0
0
0
0
0
0
0
0
0
0
0
0
0
0
0
0
0
0
0
0
0
0
0
0
0
0
0
0
0
0
0
0
0
0
0
0
0
0
0
0
0
0
0
0
0
0
0
0
0
0
0
0
0
0
0
0
0
0
0
0
0
0
0
0
0
0
0
0
0
0
0
0
0
0
0
0
0
0
0
0
0
0
0
0
0
0
0
0
0
0
0
0
0
0
0
0
0
0
0
0
0
0
0
0
0
0
0
0
0
0
0
0
0
0
0
0
0
0
0
0
0
0
0
0
0
0
0
0
0
0
0
0
0
0
0
0
0
0
0
0
0
0
0
0
0
0
0
0
0
0
0
0
0
0
0
0
0
0
0
0
0
0
0
0
0
0
0
0
0
0
0
0
0
0
0
0
0
0
0
0
0
0
0
0
0
0
0
0
0
0
0
0
0
0
0
0
0
0
0
0
0
0
0
0
0
0
0
0
0
0
0
0
0
0
0
0
0
0
0
0
0
0
0
0
0
0
0
0
0
0
0
0
0
0
0
0
0
0
0
0
0
0
0
0
0
0
0
0
0
0
0
0
0
0
0
0
0
0
0
0
0
0
0
0
0
0
0
0
0
0
0
0
0
0
0
0
0
0
0
0
0
0
0
0
0
0
0
0
0
0
0
0
0
0
0
0
0
0
0
0
0
0
0
0
0
0
0
0
0
0
0
0
0
0
0
0
0
0
0
0
0
0
0
0
0
0
0
0
0
0
0
0
0
0
0
0
0
0
0
0
0
0
0
0
0
0
0
0
0
0
0
0
0
0
0
0
0
0
0
0
0
0
0
0
0
0
0
0
0
0
0
0
0
0
0
0
0
0
0
0
0
0
0
0
0
0
0
0
0
0
0
0
0
0
0
0
0
0
0
0
0
0
0
0
0
0
0
0
0
0
0
0
0
0
0
0
0
0
0
0
0
0
0
0
0
0
0.01171075981374027
