./RotationSim r
0
0
0
0
0
0
0
0
0
0
0
0
0
0
0
0
0
0
0
0
0
0
0
0
0
0
0
0
0
0
0
0
0
0
0
0
0
0
0
0
0
0
0
0
0
0
0
0
0
0
0
0
0
0
0
0
0
0
0
0
0
0
0
0
0
0
0
0
0
0
0
0
0
0
0
0
0
0
0
0
0
0
0
0
0
0
0
0
0
0
0
0
0
0
0
0
0
0
0
0
0
0
0
0
0
0
0
0
0
0
0
0
0
0
0
0
0
0
0
0
0
0
0
0
0
0
0
0
0
0
0
0
0
0
0
0
0
0
0
0
0
0
0
0
0
0
0
0
0
0
0
0
0
0
0
0
0
0
0
0
0
0
0
0
0
0
0
0
0
0
0
0
0
0
0
0
0
0
0
0
0
0
0
0
0
0
0
0
0
0
0
0
0
0
0
0
0
0
0
0
0
0
0
0
0
0
0
0
0
0
0
0
0
0
0
0
0
0
0
0
0
0
0
0
0
0
0
0
0
0
0
0
0
0
0
0
0
0
0
0
0
0
0
0
0
0
0
0
0
0
0
0
0
0
0
0
0
0
0
0
0
0
0
0
0
0
0
0
0
0
0
0
0
0
0
0
0
0
0
0
0
0
0
0
0
0
0
0
0
0
0
0
0
0
0
0
0
0
0
0
0
0
0
0
0
0
0
0
0
0
0
0
0
0
0
0
0
0
0
0
0
0
0
0
0
0
0
0
0
0
0
0
0
0
0
0
0
0
0
0
0
0
0
0
0
0
0
0
0
0
0
0
0
0
0
0
0
0
0
0
0
0
0
0
0
0
0
0
0
0
0
0
0
0
0
0
0
0
0
0
0
0
0
0
0
0
0
0
0
0
0
0
0
0
0
0
0
0
0
0
0
0
0
0
0
0
0
0
0
0
0
0
0
0
0
0
0
0
0
0
0
0
0
0
0
0
0
0
0
0
0
0
0
0
0
0
0
0
0
0
0
0
0
0
0
0
0
0
0
0
0
0
0
0
0
0
0
0
0
0
0
0
0
0
0
0
0
0
0
0
0
0
0
0
0
0
0
0
0
0
0
0
0
0
0
0
0
0
0
0
0
0
0
0
0
0
0
0
0
0
0
0
0
0
0
0
0
0
0
0
0
0
0
0
0
0
0
0
0
0
0
0
0
0
0
0
0
0
0
0
0
0
0
0
0
0
0
0
0
0
0
0
0
88
516
1068
1554
1823
2062
2176
2322
2215
2155
1807
1418
855
236
0
0
0
0
0
0
0
0
0
0
0
0
0
0
0
0
0
0
0
0
0
0
0
0
0
0
0
0
0
0
0
0
0
0
0
0
0
0
0
0
0
0
0
0
0
0
0
0
0
0
0
0
0
0
0
0
0
0
0
0
0
0
0
0
0
0
0
0
0
0
0
0
0
0
0
0
0
0
0
0
0
85
776
1434
2191
3039
3437
3536
3411
3281
3181
3217
3194
3133
3250
3328
3750
4007
4312
4521
4282
3699
2864
1648
208
0
0
0
0
0
0
0
0
0
0
0
0
0
0
0
0
0
0
0
0
0
0
0
0
0
0
0
0
0
0
0
0
0
0
0
0
0
0
0
0
0
0
0
0
0
0
0
0
0
0
0
0
0
0
0
0
0
0
0
0
0
0
0
0
0
0
0
0
0
0
0
0
0
234
1086
2049
2814
2978
3120
2998
2468
2286
2085
1818
1709
1522
1439
1342
1260
1291
1260
1335
1449
1565
1829
2233
2707
3355
3884
4979
4156
2748
734
0
0
0
0
0
0
0
0
0
0
0
0
0
0
0
0
0
0
0
0
0
0
0
0
0
0
0
0
0
0
0
0
0
0
0
0
0
0
0
0
0
0
0
0
0
0
0
0
0
0
0
0
0
0
0
0
0
0
0
0
0
0
0
0
0
0
0
43
731
1823
2599
2816
2878
2522
2137
1786
1499
1233
1118
868
685
562
525
493
426
421
381
408
387
411
466
547
608
774
977
1324
1701
2366
3340
4985
4434
2572
189
0
0
0
0
0
0
0
0
0
0
0
0
0
0
0
0
0
0
0
0
0
0
0
0
0
0
0
0
0
0
0
0
0
0
0
0
0
0
0
0
0
0
0
0
0
0
0
0
0
0
0
0
0
0
0
0
0
0
0
0
0
0
106
1042
2205
2611
2668
2418
2046
1639
1244
1016
820
596
476
430
305
284
216
165
177
149
141
135
126
178
200
215
222
277
274
345
443
545
727
1067
1512
2347
3768
5059
3518
565
0
0
0
0
0
0
0
0
0
0
0
0
0
0
0
0
0
0
0
0
0
0
0
0
0
0
0
0
0
0
0
0
0
0
0
0
0
0
0
0
0
0
0
0
0
0
0
0
0
0
0
0
0
0
0
0
0
0
106
982
2171
2463
2476
2187
1863
1361
1064
768
686
449
331
214
150
117
144
164
134
128
128
108
135
134
117
124
100
108
118
126
122
123
135
185
210
354
488
819
1248
1862
3142
5212
3809
458
0
0
0
0
0
0
0
0
0
0
0
0
0
0
0
0
0
0
0
0
0
0
0
0
0
0
0
0
0
0
0
0
0
0
0
0
0
0
0
0
0
0
0
0
0
0
0
0
0
0
0
0
0
0
23
765
1886
2294
2344
2053
1723
1422
963
719
508
369
210
156
157
126
143
121
92
63
68
72
69
60
83
108
93
88
76
90
76
83
65
99
126
124
148
157
138
215
335
636
928
1726
3134
5468
3358
102
0
0
0
0
0
0
0
0
0
0
0
0
0
0
0
0
0
0
0
0
0
0
0
0
0
0
0
0
0
0
0
0
0
0
0
0
0
0
0
0
0
0
0
0
0
0
0
0
0
0
0
314
1440
2071
2225
2039
1787
1393
940
676
472
361
216
130
179
119
123
92
78
82
114
150
213
247
272
338
341
350
346
335
305
248
187
207
144
87
55
76
77
102
121
142
154
158
311
550
906
1770
3692
5476
1670
0
0
0
0
0
0
0
0
0
0
0
0
0
0
0
0
0
0
0
0
0
0
0
0
0
0
0
0
0
0
0
0
0
0
0
0
0
0
0
0
0
0
0
0
0
0
0
0
11
874
1911
2044
2165
1840
1488
996
702
489
315
163
165
148
141
131
94
95
155
236
344
485
548
459
503
463
456
445
428
409
443
460
432
494
447
387
350
259
169
144
99
100
59
96
120
138
170
322
558
966
2290
5200
4125
121
0
0
0
0
0
0
0
0
0
0
0
0
0
0
0
0
0
0
0
0
0
0
0
0
0
0
0
0
0
0
0
0
0
0
0
0
0
0
0
0
0
0
0
0
0
161
1241
2010
2010
2014
1669
1201
910
638
352
209
206
166
120
110
84
167
231
365
506
547
476
400
436
425
440
481
502
488
457
453
426
442
468
418
432
439
468
496
503
341
280
190
116
93
95
81
87
153
192
393
692
1382
3609
5712
1012
0
0
0
0
0
0
0
0
0
0
0
0
0
0
0
0
0
0
0
0
0
0
0
0
0
0
0
0
0
0
0
0
0
0
0
0
0
0
0
0
0
0
0
327
1476
2011
1973
1890
1378
1044
780
477
287
175
153
125
99
105
210
327
372
570
471
401
481
467
512
573
498
615
530
480
500
595
535
539
469
472
450
442
459
404
481
462
505
447
401
331
251
123
98
79
80
52
141
229
517
944
2455
6010
2028
0
0
0
0
0
0
0
0
0
0
0
0
0
0
0
0
0
0
0
0
0
0
0
0
0
0
0
0
0
0
0
0
0
0
0
0
0
0
0
0
0
425
1534
1898
1818
1787
1263
891
626
365
187
127
126
108
170
237
332
431
512
411
404
490
509
541
563
582
732
869
898
1084
1228
1263
1194
1298
1192
1073
866
686
569
461
418
353
409
479
545
542
386
414
354
226
124
115
69
78
94
168
332
700
1757
5441
3172
0
0
0
0
0
0
0
0
0
0
0
0
0
0
0
0
0
0
0
0
0
0
0
0
0
0
0
0
0
0
0
0
0
0
0
0
0
0
0
569
1550
1873
1758
1693
1201
934
614
306
148
107
174
189
168
266
356
473
535
435
471
509
601
722
987
1344
1614
1707
1893
2168
2176
2314
2357
2545
2360
2409
2594
2539
2420
2110
1756
1168
752
509
386
357
423
508
508
414
405
327
198
100
83
77
64
135
257
550
1403
4979
3829
0
0
0
0
0
0
0
0
0
0
0
0
0
0
0
0
0
0
0
0
0
0
0
0
0
0
0
0
0
0
0
0
0
0
0
0
0
566
1595
1699
1796
1595
1171
893
511
266
127
134
177
187
241
332
385
567
453
444
571
726
1080
1436
1635
1713
1865
1970
2113
2057
1883
1838
1740
1597
1590
1724
1752
1834
1866
2114
2369
2673
2594
2514
2072
1464
754
382
332
406
590
500
427
393
320
150
83
90
60
95
232
463
1236
4572
4236
0
0
0
0
0
0
0
0
0
0
0
0
0
0
0
0
0
0
0
0
0
0
0
0
0
0
0
0
0
0
0
0
0
0
0
557
1609
1781
1614
1493
1121
892
487
258
107
211
173
214
270
365
500
456
468
601
862
1167
1489
1712
1901
2061
2140
1947
1624
1461
1261
1159
1039
1016
1002
1072
970
948
1035
1106
1207
1405
1430
1835
2213
2517
2810
2583
1759
848
339
252
458
611
482
405
342
203
98
89
64
107
189
470
1129
4549
4003
0
0
0
0
0
0
0
0
0
0
0
0
0
0
0
0
0
0
0
0
0
0
0
0
0
0
0
0
0
0
0
0
0
408
1482
1775
1718
1531
1173
874
481
238
118
206
166
210
279
462
509
444
583
817
1130
1361
1686
1864
1988
1759
1572
1272
1033
871
634
501
407
290
201
170
175
181
183
225
245
361
495
648
951
1177
1447
1760
2343
2905
2816
1798
686
262
316
585
607
438
380
240
113
83
85
93
191
485
1161
4929
3454
0
0
0
0
0
0
0
0
0
0
0
0
0
0
0
0
0
0
0
0
0
0
0
0
0
0
0
0
0
0
0
242
1388
1710
1550
1466
1167
918
470
244
125
165
160
208
349
492
479
519
695
1079
1277
1596
1772
1794
1696
1426
1103
848
588
396
231
171
169
109
119
89
72
73
61
47
80
101
102
110
150
249
318
529
759
1219
1511
2341
3059
2828
1394
388
242
419
605
492
407
230
120
64
100
71
181
496
1347
5465
2418
0
0
0
0
0
0
0
0
0
0
0
0
0
0
0
0
0
0
0
0
0
0
0
0
0
0
0
0
0
110
1150
1610
1590
1544
1165
1037
513
250
133
180
177
237
341
494
546
530
919
1146
1355
1660
1694
1666
1409
1118
791
494
287
211
157
88
95
30
38
34
39
47
53
75
76
89
73
53
33
47
67
54
89
225
466
679
1114
1637
2600
3278
2224
785
196
363
591
621
402
267
146
58
86
73
183
558
1696
6061
1302
0
0
0
0
0
0
0
0
0
0
0
0
0
0
0
0
0
0
0
0
0
0
0
0
0
0
0
10
887
1529
1549
1548
1234
1141
573
311
150
180
179
250
382
410
544
626
934
1148
1482
1752
1675
1545
1255
740
536
265
198
114
75
50
32
34
54
67
123
144
132
116
148
123
121
63
78
94
114
94
76
70
49
46
172
406
682
1291
1940
3304
2795
1225
218
275
501
636
484
236
142
71
90
74
223
595
2234
6142
194
0
0
0
0
0
0
0
0
0
0
0
0
0
0
0
0
0
0
0
0
0
0
0
0
0
0
514
1455
1545
1569
1303
1160
723
342
144
166
191
218
346
438
589
666
1036
1184
1520
1608
1534
1358
947
668
373
183
148
63
20
44
55
116
145
203
252
271
310
290
303
274
230
242
237
185
139
80
39
74
77
91
45
68
87
189
480
913
1597
2785
3315
1685
313
228
491
618
461
233
137
73
88
98
231
798
3272
4816
0
0
0
0
0
0
0
0
0
0
0
0
0
0
0
0
0
0
0
0
0
0
0
0
0
164
1284
1464
1519
1451
1214
848
433
195
131
166
196
324
411
589
620
1086
1122
1606
1611
1478
1249
795
478
297
159
57
24
65
87
165
275
372
547
632
753
762
910
935
942
1105
1128
926
756
655
568
493
315
139
86
55
74
77
36
88
116
221
668
1423
2490
3430
1926
398
254
541
635
465
281
101
77
71
77
308
1134
5289
2084
0
0
0
0
0
0
0
0
0
0
0
0
0
0
0
0
0
0
0
0
0
0
0
12
815
1443
1475
1430
1189
1118
495
257
158
154
190
350
353
633
584
1021
1082
1494
1571
1503
1190
727
446
264
117
45
71
127
182
292
453
680
762
851
871
910
1020
1039
959
1018
898
986
957
1017
1103
1076
816
672
599
377
240
92
32
87
53
33
125
143
499
1259
2171
3418
1913
352
268
447
638
418
227
83
70
83
115
532
1958
6313
172
0
0
0
0
0
0
0
0
0
0
0
0
0
0
0
0
0
0
0
0
0
0
359
1385
1425
1503
1219
1145
759
343
185
149
210
317
336
565
623
965
1018
1544
1737
1343
1094
685
400
229
87
65
59
123
242
424
681
798
915
944
1052
1278
1314
1255
1346
1298
1260
1248
1187
1125
1135
1000
1063
1211
1133
1032
929
520
393
215
51
44
69
59
85
141
384
1077
2251
3410
1796
273
319
514
619
360
187
104
72
77
161
811
3473
4286
0
0
0
0
0
0
0
0
0
0
0
0
0
0
0
0
0
0
0
0
0
21
1048
1407
1377
1362
1144
976
469
212
166
167
226
306
507
647
917
968
1386
1767
1392
1082
698
346
209
90
70
70
211
331
629
961
872
1008
1178
1196
1243
1415
1546
1471
1728
1709
1670
1781
1751
1835
1838
1734
1357
1097
1108
1110
1100
1148
834
555
419
112
51
54
38
51
167
328
1063
2319
3319
1487
273
331
522
595
324
88
83
64
100
417
1202
6167
791
0
0
0
0
0
0
0
0
0
0
0
0
0
0
0
0
0
0
0
0
503
1386
1316
1474
1163
1024
716
255
206
131
222
302
442
646
834
937
1349
1692
1311
1104
785
339
175
123
90
93
278
459
797
1057
1043
1196
1183
1256
1540
1628
1680
1609
1651
1677
1706
1693
1569
1594
1501
1670
1868
2155
2114
1790
1491
990
951
1257
1065
707
504
192
54
51
24
51
141
373
1184
2503
3485
1053
265
400
572
508
212
89
81
77
174
618
2733
5040
0
0
0
0
0
0
0
0
0
0
0
0
0
0
0
0
0
0
0
40
1063
1398
1272
1366
1007
984
367
217
154
177
240
371
580
731
985
1288
1516
1400
1170
920
351
187
159
65
118
359
526
922
1101
1229
1290
1274
1430
1521
1631
1453
1456
1313
1345
1147
1020
1006
973
963
1083
1199
1263
1465
1714
2132
2278
1792
1463
865
1071
1181
935
576
250
90
43
10
51
171
521
1212
2981
2917
617
267
421
663
365
126
72
78
114
375
1168
5978
938
0
0
0
0
0
0
0
0
0
0
0
0
0
0
0
0
0
0
423
1247
1318
1408
1143
1008
731
252
212
141
222
294
524
668
923
1002
1365
1610
1332
959
417
197
119
84
112
347
588
907
1155
1468
1150
1266
1426
1649
1681
1329
1208
956
694
525
532
502
478
532
546
544
585
681
670
846
1171
1668
2306
2381
1856
909
833
1246
1073
660
347
73
27
14
65
202
570
1559
3493
2106
301
265
554
609
272
69
74
73
176
622
2651
4879
0
0
0
0
0
0
0
0
0
0
0
0
0
0
0
0
0
15
935
1306
1242
1370
1048
990
462
198
144
164
275
464
600
763
928
1297
1538
1352
1131
553
240
147
106
122
282
584
882
1214
1404
1161
1283
1619
1650
1441
1030
737
505
358
268
216
147
130
110
91
70
116
136
196
362
451
569
713
1244
1780
2451
2074
1002
740
1189
1141
594
317
54
17
19
96
230
815
2222
3597
1093
217
401
662
418
175
73
55
128
320
1305
6188
344
0
0
0
0
0
0
0
0
0
0
0
0
0
0
0
0
276
1155
1328
1381
1292
946
817
311
190
162
211
308
481
664
990
1128
1365
1440
1253
742
308
168
130
109
292
525
828
1286
1409
1186
1398
1606
1588
1128
697
540
360
213
141
140
105
47
23
43
56
59
68
49
38
44
113
213
386
512
776
1556
2374
2431
1215
759
1199
1079
582
287
48
3
37
126
343
1193
3173
2679
462
270
448
704
309
92
77
98
195
722
3326
3810
0
0
0
0
0
0
0
0
0
0
0
0
0
0
0
0
628
1239
1283
1365
1135
1037
547
220
149
203
303
390
570
824
1051
1284
1532
1311
994
425
231
86
168
243
463
850
1166
1351
1144
1461
1588
1464
933
492
438
295
93
86
56
2
24
57
56
52
49
67
42
55
67
38
24
59
123
212
416
670
1198
2289
2525
1126
804
1264
1047
495
225
37
1
66
139
523
1995
3654
1503
201
375
599
526
163
88
77
116
439
1704
5828
0
0
0
0
0
0
0
0
0
0
0
0
0
0
0
57
966
1261
1251
1400
1020
882
361
170
146
200
336
433
686
898
1197
1248
1445
1267
636
282
145
144
138
439
682
1062
1338
1154
1326
1506
1366
836
530
435
140
44
61
35
66
86
54
62
92
81
39
13
0
24
43
51
56
21
33
94
145
299
625
1089
2270
2592
990
767
1365
809
362
126
30
29
95
239
907
3120
2851
441
284
475
615
282
90
81
85
207
1035
5262
1378
0
0
0
0
0
0
0
0
0
0
0
0
0
0
325
1152
1284
1258
1146
1007
773
295
155
162
252
352
537
756
1017
1189
1420
1356
1052
376
210
79
159
298
626
918
1305
1125
1253
1426
1356
887
597
399
87
40
65
46
45
55
115
409
511
509
617
661
574
371
300
176
110
54
56
40
26
95
125
262
586
1122
2334
2439
786
999
1325
689
272
71
16
68
89
429
1836
3715
1363
217
366
628
449
149
76
103
154
623
2721
4434
0
0
0
0
0
0
0
0
0
0
0
0
0
0
555
1194
1201
1311
1109
911
569
243
137
211
328
434
670
949
1149
1140
1500
1341
687
277
109
157
158
466
727
1107
1285
1183
1369
1434
908
630
368
124
28
73
48
64
99
417
893
1061
1446
1686
1705
1789
1665
1525
1136
692
324
134
117
70
51
24
92
124
286
609
1341
2712
1833
606
1257
1161
436
236
24
40
86
250
922
3169
2618
282
289
583
566
229
82
71
91
384
1623
5803
0
0
0
0
0
0
0
0
0
0
0
0
0
29
807
1214
1181
1445
1052
915
418
188
147
240
340
494
747
960
1206
1203
1408
1234
441
164
88
147
362
557
935
1272
1194
1351
1496
1180
624
417
98
41
60
59
102
295
1009
1265
1757
2133
2314
2162
2291
2628
2702
2667
2403
2197
1517
665
204
102
73
34
26
79
96
277
726
1735
2588
1176
732
1230
852
235
118
34
44
135
469
2183
3638
718
274
392
673
331
48
117
79
251
1094
5964
472
0
0
0
0
0
0
0
0
0
0
0
0
144
983
1347
1101
1325
1020
732
337
150
190
261
379
581
924
999
1110
1403
1470
805
284
149
121
187
459
762
1199
1301
1188
1373
1407
689
373
228
106
74
72
93
578
1093
1557
2150
2574
2164
2158
2189
1854
1733
2100
2159
2855
2703
2614
2302
1128
365
121
107
23
31
62
136
315
1143
2355
2051
729
1016
1318
407
186
11
55
61
282
1185
3691
1719
238
350
674
411
130
93
96
131
725
3682
3178
0
0
0
0
0
0
0
0
0
0
0
0
362
1030
1296
1135
1183
894
662
310
154
222
274
407
602
780
1143
1097
1484
1284
568
201
119
146
359
466
1175
1220
1101
1348
1422
1031
584
214
143
110
78
83
522
1008
1993
2277
2317
1847
1506
1020
865
706
742
729
1048
1306
1961
2602
2767
2709
1676
580
105
110
20
29
45
206
522
1684
2593
1170
862
1222
843
236
76
27
69
194
746
2897
2855
337
281
580
602
189
74
90
130
501
2263
4947
0
0
0
0
0
0
0
0
0
0
0
0
479
1119
1238
1210
1199
867
609
261
168
177
327
437
734
884
1163
1131
1544
1076
443
159
131
137
494
623
1302
1242
1251
1343
1290
769
367
190
157
37
127
466
931
1941
2500
2251
1433
1156
706
612
357
469
324
360
255
406
828
1204
1905
2605
2670
1777
364
155
56
41
22
64
336
1043
2412
1932
676
1092
1214
336
144
17
88
111
417
2156
3635
519
308
459
636
257
54
122
86
419
1553
5655
0
0
0
0
0
0
0
0
0
0
0
0
651
1231
1140
1227
1106
845
528
233
155
251
366
481
754
970
1119
1229
1505
959
330
126
135
211
472
924
1320
1174
1197
1269
1111
538
184
120
152
64
331
932
1852
2510
2083
1531
971
380
247
81
117
175
171
149
173
149
259
705
1010
1716
2557
2535
1399
272
68
67
25
58
193
640
1751
2534
857
821
1350
649
114
58
72
90
295
1363
3826
1162
234
442
664
380
100
99
57
334
1134
6274
0
0
0
0
0
0
0
0
0
0
0
17
791
1191
1157
1279
1018
740
478
198
201
238
386
518
797
1053
1050
1325
1324
852
238
125
96
267
528
1178
1198
1069
1331
1330
853
377
166
213
67
191
704
1341
2457
2380
1667
722
362
97
38
34
42
66
55
65
132
101
206
85
757
1001
1730
2435
2274
786
189
43
87
46
62
401
1261
2650
1556
626
1344
998
129
88
44
76
208
841
3546
1996
221
313
614
537
109
59
81
220
901
5715
703
0
0
0
0
0
0
0
0
0
0
99
879
1215
1129
1272
927
769
407
184
201
257
421
567
853
1005
1070
1399
1212
704
230
140
108
349
628
1310
1294
1082
1351
1193
777
196
118
176
145
426
958
2175
2480
1511
819
292
176
14
45
21
116
39
41
33
49
129
122
129
204
933
1115
1863
2539
1849
284
96
67
70
50
241
852
2385
2047
613
1104
1241
190
85
96
87
176
715
3158
2484
245
313
587
567
126
54
83
151
770
4190
2538
0
0
0
0
0
0
0
0
0
0
140
947
1245
1113
1348
929
704
377
208
172
266
378
623
962
939
1016
1411
1145
645
241
114
108
437
791
1214
1143
1152
1529
1081
613
171
117
150
172
604
1342
2381
2130
865
426
232
22
47
13
82
55
57
93
47
53
86
16
94
86
582
874
1263
2199
2283
767
81
60
82
56
181
591
1947
2624
750
949
1437
359
126
98
80
142
587
2664
3187
324
257
592
618
146
77
100
156
633
3152
3649
0
0
0
0
0
0
0
0
0
0
242
890
1277
1146
1313
916
682
339
210
208
345
340
618
965
1037
1217
1326
1204
555
210
115
195
399
940
1219
1050
1108
1506
910
463
155
102
131
388
750
1975
2085
1529
574
297
131
39
56
104
176
105
57
10
65
23
33
104
35
56
222
690
1150
1690
2679
1357
162
42
104
20
179
428
1482
2643
1014
778
1482
472
156
69
69
97
418
2132
3692
444
240
593
615
139
79
80
144
531
2544
4273
0
0
0
0
0
0
0
0
0
0
283
892
1240
1087
1335
944
598
349
200
194
341
391
653
965
1012
1235
1265
1179
554
162
94
245
432
1035
1202
1090
1184
1438
786
416
97
124
152
352
1057
1968
1973
1154
450
294
17
76
0
70
109
108
308
164
170
155
91
94
121
116
157
445
1032
1513
2694
1988
285
31
68
61
236
286
1228
2560
1401
611
1483
547
176
81
86
121
375
1880
3726
589
207
486
684
152
58
101
123
465
2259
4712
0
0
0
0
0
0
0
0
0
0
303
908
1185
1124
1333
911
614
320
225
216
322
423
660
923
1020
1160
1336
1186
467
164
112
238
487
1089
1146
1122
1180
1318
695
400
127
160
121
513
1264
2214
1893
842
321
215
34
46
83
140
354
461
1492
1969
766
209
66
88
50
159
55
423
902
1339
2487
2239
506
50
87
100
181
279
1025
2505
1565
577
1331
672
197
92
50
102
356
1727
3837
713
201
441
650
173
77
96
124
426
2146
5038
0
0
0
0
0
0
0
0
0
0
367
890
1249
1138
1221
843
588
311
236
212
341
465
684
945
955
1311
1307
1073
430
174
117
287
559
1073
1113
1065
1229
1356
703
352
179
112
252
548
1407
1992
1750
909
314
192
43
10
214
413
748
1830
4633
6996
3177
377
213
85
25
161
118
227
999
1260
2385
2288
603
59
84
117
175
277
844
2623
1622
594
1265
848
178
77
64
121
322
1610
3929
807
203
408
705
215
79
89
81
427
2078
5040
0
0
0
0
0
0
0
0
0
0
342
921
1188
1114
1245
948
598
314
261
208
341
504
571
902
1052
1292
1240
1088
460
195
96
222
525
1070
1117
1124
1231
1206
718
359
189
90
222
515
1435
1882
1839
766
282
177
129
104
350
425
847
2598
7483
9429
5521
1235
129
29
36
174
160
178
1035
1373
2049
2445
616
49
97
59
206
246
811
2663
1681
615
1239
859
179
99
52
123
322
1556
4030
715
256
458
673
233
67
91
84
403
2175
4979
0
0
0
0
0
0
0
0
0
0
330
924
1171
1140
1210
913
580
342
276
216
320
493
596
940
1014
1206
1262
1139
442
258
121
199
510
1091
1115
1082
1252
1262
604
454
164
137
224
583
1330
1956
1790
847
146
153
161
21
106
698
923
2394
4953
7616
5375
857
180
168
88
110
122
239
906
1388
2004
2262
695
102
97
22
175
305
979
2660
1471
696
1252
762
235
102
58
110
355
1593
4042
655
250
430
635
238
76
88
63
444
2205
4925
0
0
0
0
0
0
0
0
0
0
288
871
1153
1168
1196
912
558
359
291
189
310
529
597
817
1031
1204
1310
1070
512
261
115
216
497
1034
1182
1001
1212
1265
802
406
146
162
178
500
1471
2055
1803
1057
184
108
216
93
120
293
492
2218
2518
2704
1609
553
155
142
48
57
36
435
1096
1329
2159
2208
546
83
86
17
206
233
1154
2788
1264
759
1168
819
198
71
76
109
403
1761
3921
515
276
449
689
238
52
92
104
513
2325
4820
0
0
0
0
0
0
0
0
0
0
281
758
1230
1131
1247
910
572
398
280
208
315
558
623
820
1010
1051
1433
1056
561
348
139
249
480
1017
1213
1002
1266
1241
796
554
146
172
252
433
1125
1835
2305
1337
289
114
145
240
116
168
371
380
933
997
346
281
83
14
53
79
137
526
1039
1614
2356
1936
312
73
109
47
172
340
1309
2851
1035
771
1209
683
206
58
59
125
414
2029
3749
410
285
499
626
251
57
79
124
594
2597
4266
0
0
0
0
0
0
0
0
0
0
230
815
1117
1116
1239
936
689
455
243
209
349
476
609
771
987
1068
1332
1166
629
280
140
218
327
872
1287
937
1298
1199
981
519
150
142
197
444
814
1736
2242
1792
509
203
44
54
184
208
114
108
218
95
211
76
25
0
77
233
375
575
1113
1786
2596
1354
272
83
53
71
188
402
1446
2804
758
839
1226
593
198
33
81
142
484
2471
3355
341
287
531
590
198
57
47
97
705
3179
3637
0
0
0
0
0
0
0
0
0
0
143
769
1129
1036
1342
944
794
440
233
276
274
476
588
875
899
1090
1293
1158
713
303
186
170
349
800
1133
1220
1214
1255
1042
481
250
104
226
315
695
1373
2144
2079
1000
237
62
31
44
309
165
164
254
176
209
162
120
141
193
189
388
1039
1316
2019
2177
742
154
119
49
104
166
604
1930
2407
661
797
1308
363
156
13
82
189
617
3128
2708
240
294
518
563
185
56
82
149
856
4135
2461
0
0
0
0
0
0
0
0
0
0
21
802
1030
1063
1178
991
771
422
319
244
259
451
554
774
807
1083
1328
1203
822
315
171
174
349
726
1179
1091
1109
1335
1179
639
268
178
244
201
469
801
2013
2366
1472
604
212
66
65
83
134
97
52
0
0
18
66
73
142
281
696
1417
1735
2546
1620
415
99
88
71
97
295
1088
2187
2088
684
1052
1170
337
90
24
136
294
785
3607
2011
164
319
654
444
152
58
89
219
1027
5610
689
0
0
0
0
0
0
0
0
0
0
0
663
950
1113
1123
1133
854
395
331
210
305
401
552
711
834
1128
1205
1365
856
433
219
121
303
557
1055
1075
1118
1357
1273
805
357
243
151
239
212
736
1337
2465
1741
1208
215
138
41
36
130
81
76
56
54
40
45
150
193
676
1480
1406
2095
1984
990
208
211
51
99
178
329
1353
2483
1301
741
1144
868
268
48
53
132
358
1185
3959
1236
185
369
676
381
161
52
95
284
1250
6068
0
0
0
0
0
0
0
0
0
0
0
0
552
900
1144
1099
1098
831
580
371
201
271
395
534
634
789
1022
1259
1332
880
576
251
70
329
416
956
1028
1153
1111
1514
961
401
369
186
253
239
353
977
1749
2356
1710
941
241
172
101
58
53
126
79
59
48
152
262
812
1319
1308
1973
2369
1367
430
178
110
86
127
234
673
2063
2328
798
807
1324
502
193
10
60
199
398
1838
3687
694
218
434
646
265
133
61
97
386
1628
5617
0
0
0
0
0
0
0
0
0
0
0
0
412
798
1254
1119
1137
896
616
356
255
226
400
533
596
717
955
1288
1374
1096
631
285
142
254
344
759
1049
1149
1093
1441
1172
542
321
243
153
286
228
629
1174
1929
2378
1790
1114
443
233
246
281
192
135
189
381
566
1132
1330
1358
1696
2431
1863
678
223
111
71
114
168
371
1154
2408
1859
594
1174
1000
343
146
41
119
209
554
2813
2944
389
271
460
602
228
97
69
107
521
2323
4911
0
0
0
0
0
0
0
0
0
0
0
0
229
771
1094
1017
1215
1003
658
430
322
222
303
526
533
753
855
1149
1371
1160
786
358
179
162
344
615
976
1058
1084
1108
1418
929
335
382
185
151
246
343
686
1252
2054
2358
2251
1501
1059
673
439
559
720
944
839
1155
1295
1623
2058
2205
2025
701
257
87
58
107
100
248
700
1945
2350
1082
653
1306
754
242
61
56
169
251
981
3743
1798
193
330
649
524
193
38
68
142
695
3826
3145
0
0
0
0
0
0
0
0
0
0
0
0
22
812
990
1133
1092
1068
722
555
330
206
331
507
499
694
762
961
1398
1424
826
529
249
139
227
484
780
1097
1053
1140
1409
1215
692
384
266
229
171
216
321
595
1384
1850
2526
2589
1990
1751
1846
1572
1597
1947
2063
2034
2124
2336
2127
1606
528
330
146
47
98
114
224
519
1337
2556
1705
537
1028
1050
491
175
54
57
136
505
1761
3762
853
176
465
612
360
164
40
99
230
1069
6036
489
0
0
0
0
0
0
0
0
0
0
0
0
0
676
875
1267
1055
1123
800
589
370
252
221
461
551
567
777
901
1287
1485
1061
624
324
155
215
359
599
1057
1150
1079
1276
1407
952
576
222
309
168
291
236
323
504
1125
1629
1962
2254
2491
2676
2801
2521
2136
2220
2331
2396
1540
1048
518
234
126
85
99
113
218
413
1027
2083
2332
718
755
1252
750
312
133
45
58
213
758
3059
2752
379
228
583
518
274
114
63
96
357
1608
5886
0
0
0
0
0
0
0
0
0
0
0
0
0
0
414
869
1103
1078
1080
990
568
434
300
215
319
556
547
703
797
1134
1406
1218
719
459
200
120
295
493
805
1131
1108
1265
1366
1371
812
506
179
294
186
220
248
290
367
693
1163
1488
1530
1881
1779
1580
1595
1419
1229
874
577
317
235
108
134
102
116
135
299
780
1835
2499
1349
482
1071
1109
395
150
90
42
134
338
1370
3920
1402
159
324
633
409
193
107
72
123
650
2866
4433
0
0
0
0
0
0
0
0
0
0
0
0
0
0
103
987
1001
1199
1004
1105
680
501
359
202
262
569
520
628
720
990
1293
1527
866
619
280
151
170
308
629
987
1146
1168
1197
1409
1182
875
482
244
258
169
196
237
160
212
234
614
653
585
668
775
738
554
511
347
263
229
147
77
141
152
148
307
964
1479
2453
1704
452
961
1162
591
237
112
73
78
243
636
2853
3104
582
152
501
533
350
178
50
61
195
1035
5434
1384
0
0
0
0
0
0
0
0
0
0
0
0
0
0
0
742
974
1120
1065
1077
802
556
374
238
213
375
595
598
720
753
1201
1531
1321
676
448
223
144
209
415
759
1137
1099
1097
1289
1443
1037
893
516
277
247
207
190
234
209
225
135
245
368
329
259
257
199
166
107
127
104
103
112
121
172
427
920
1580
2253
1958
653
775
1067
973
317
129
107
77
158
357
1494
3846
1682
199
290
577
489
264
129
26
103
378
1593
5884
0
0
0
0
0
0
0
0
0
0
0
0
0
0
0
0
410
945
1120
1162
1087
1015
607
493
272
238
255
508
535
643
729
1065
1360
1520
935
583
311
212
161
263
482
927
1047
1087
1115
1316
1234
1073
844
496
304
179
149
218
182
197
232
209
192
172
190
96
141
165
161
77
51
111
175
252
596
993
1501
2390
1899
715
747
1079
1081
477
163
94
80
82
182
825
3013
3036
646
156
399
614
366
192
81
39
145
737
3334
3889
0
0
0
0
0
0
0
0
0
0
0
0
0
0
0
0
34
939
1024
1281
1020
1134
864
474
369
220
221
466
547
594
678
856
1168
1656
1345
670
496
235
201
190
367
668
1050
1027
1189
1117
1333
1121
1126
912
538
453
324
150
131
126
120
124
204
227
214
199
178
178
185
250
257
248
420
679
1209
1762
2401
1595
729
724
1023
1043
605
182
150
71
87
161
515
2074
3620
1290
193
269
595
513
218
124
57
83
288
1303
6292
364
0
0
0
0
0
0
0
0
0
0
0
0
0
0
0
0
0
590
970
1108
1111
1062
982
573
443
241
209
315
459
573
626
742
899
1358
1579
1067
553
436
218
143
200
389
708
1068
961
1173
1181
1217
1202
1171
1008
735
576
403
374
256
185
110
95
156
153
168
134
166
157
265
343
532
1095
1655
2180
2252
1264
611
634
1064
1153
648
217
105
99
70
141
313
1364
3634
2239
476
184
431
629
382
168
72
56
132
568
2657
5032
0
0
0
0
0
0
0
0
0
0
0
0
0
0
0
0
0
0
92
1015
1181
1041
1048
1006
831
465
394
223
212
419
525
548
647
874
1047
1508
1432
846
515
338
206
170
257
408
729
989
1042
1237
1320
1360
1405
1418
960
861
676
576
392
365
324
219
209
253
299
379
426
658
824
1083
1686
2101
2353
1704
924
655
720
1126
1180
609
235
127
70
70
155
258
926
2915
3121
842
129
304
610
503
205
98
91
79
289
1312
5913
1005
0
0
0
0
0
0
0
0
0
0
0
0
0
0
0
0
0
0
0
645
1163
1088
1110
951
1055
588
465
266
219
290
431
572
662
735
918
1214
1573
1182
759
442
294
155
171
256
428
697
938
1043
1220
1286
1454
1508
1781
1583
1341
1212
1074
949
714
725
637
631
731
902
927
1160
1688
2160
2191
2015
1045
712
772
800
1197
1058
496
204
94
87
80
156
213
661
2285
3680
1218
201
200
505
614
319
142
101
67
125
644
2819
5027
0
0
0
0
0
0
0
0
0
0
0
0
0
0
0
0
0
0
0
0
68
1171
1176
1161
1090
967
827
435
399
212
251
324
568
546
719
873
903
1327
1574
1115
650
429
276
147
163
229
415
743
766
1100
1078
1164
1223
1384
1611
1860
1744
1691
1720
1769
1641
1676
1572
1652
1757
2015
2231
2033
1692
1047
669
703
809
1022
1074
816
432
167
90
59
107
115
255
674
2035
3692
1773
307
158
404
641
438
152
96
87
73
336
1464
6149
823
0
0
0
0
0
0
0
0
0
0
0
0
0
0
0
0
0
0
0
0
0
565
1158
1050
1224
999
1002
621
407
286
208
295
398
616
566
722
974
978
1494
1462
1126
626
437
279
159
184
214
447
626
685
1047
1037
1064
1023
1197
1376
1615
1545
1600
1761
1844
1953
1926
1937
1877
1739
1385
983
732
885
943
1007
1044
877
621
333
165
108
73
98
127
250
748
1783
3649
2094
423
178
318
594
553
211
147
92
75
175
893
3410
4306
0
0
0
0
0
0
0
0
0
0
0
0
0
0
0
0
0
0
0
0
0
0
14
1141
1178
1098
1144
960
912
516
412
234
229
275
520
608
603
742
933
1188
1601
1407
1024
536
449
324
176
144
200
349
530
586
759
933
1053
907
973
960
1042
1082
1115
1139
1118
1048
1022
995
929
761
818
988
1039
1018
905
644
383
256
182
98
95
120
176
338
893
1710
3567
2265
503
161
283
541
596
296
103
85
72
134
508
1900
6198
159
0
0
0
0
0
0
0
0
0
0
0
0
0
0
0
0
0
0
0
0
0
0
0
297
1309
1151
1212
1031
1104
700
466
313
189
295
280
525
544
575
798
903
1235
1533
1352
1007
598
422
346
277
125
124
250
382
476
612
869
979
942
1041
1023
956
976
847
840
754
784
785
767
960
966
827
710
565
379
268
304
153
99
90
110
205
372
917
1995
3425
2191
616
196
276
512
619
392
110
104
79
92
357
1263
5119
2253
0
0
0
0
0
0
0
0
0
0
0
0
0
0
0
0
0
0
0
0
0
0
0
0
0
809
1322
1161
1194
993
1050
617
410
295
213
299
340
606
582
644
830
946
1428
1617
1368
1061
678
400
317
268
186
87
179
229
269
331
394
571
646
902
959
943
830
830
834
820
796
791
683
535
479
326
263
297
218
126
99
74
191
298
436
1156
2288
3241
2104
562
213
250
518
612
422
134
92
81
110
221
863
3302
4696
0
0
0
0
0
0
0
0
0
0
0
0
0
0
0
0
0
0
0
0
0
0
0
0
0
0
24
1320
1253
1249
1106
1011
845
511
359
271
232
275
356
565
586
660
847
981
1348
1494
1443
1191
746
509
388
234
239
140
124
152
199
262
263
279
301
380
492
541
636
597
564
458
397
325
262
269
275
183
99
73
157
193
260
421
832
1585
2543
3160
1767
507
215
248
554
618
416
148
94
111
111
214
627
2162
6105
196
0
0
0
0
0
0
0
0
0
0
0
0
0
0
0
0
0
0
0
0
0
0
0
0
0
0
0
228
1533
1134
1316
1089
1118
767
438
373
271
316
275
403
575
584
582
826
999
1370
1560
1407
1332
958
573
453
397
293
232
131
117
140
147
168
228
239
203
209
200
240
277
275
329
262
253
200
175
144
152
148
209
400
622
1105
1870
3047
2891
1341
338
235
259
511
600
367
146
109
133
117
214
478
1696
6045
1245
0
0
0
0
0
0
0
0
0
0
0
0
0
0
0
0
0
0
0
0
0
0
0
0
0
0
0
0
0
519
1681
1249
1268
1086
995
680
436
360
203
262
277
372
601
647
521
797
1046
1369
1611
1393
1302
1105
784
570
436
312
270
282
227
177
169
188
186
196
175
159
135
152
118
99
76
103
107
102
151
205
333
642
1109
1646
2670
3297
2100
688
254
230
262
543
516
351
131
75
103
127
166
486
1295
5443
2468
0
0
0
0
0
0
0
0
0
0
0
0
0
0
0
0
0
0
0
0
0
0
0
0
0
0
0
0
0
0
0
811
1752
1208
1212
1063
1073
671
442
366
213
266
273
339
468
631
475
697
1035
1342
1786
1787
1508
1259
1003
772
598
417
307
217
221
194
117
129
153
164
143
186
161
122
118
111
131
153
252
502
787
1271
1709
2561
3104
2539
1129
346
261
275
283
571
513
319
144
68
103
139
192
461
1215
4789
3549
0
0
0
0
0
0
0
0
0
0
0
0
0
0
0
0
0
0
0
0
0
0
0
0
0
0
0
0
0
0
0
0
0
1125
1797
1376
1188
1044
930
557
439
365
222
257
275
379
380
627
522
445
673
1036
1699
2038
1840
1654
1406
1170
968
726
583
451
348
306
254
235
204
211
253
220
278
336
418
551
679
1058
1514
2326
2845
3003
2485
1434
492
321
279
260
336
679
385
284
124
112
126
137
188
480
1193
4373
4409
0
0
0
0
0
0
0
0
0
0
0
0
0
0
0
0
0
0
0
0
0
0
0
0
0
0
0
0
0
0
0
0
0
0
0
1231
1758
1415
1159
1085
856
532
480
345
237
234
241
332
423
480
543
505
504
760
1178
1812
2184
2287
2147
1881
1715
1543
1247
1170
981
932
686
661
642
607
666
785
961
1233
1657
2146
2672
3087
2615
2069
1274
583
320
294
267
361
541
600
323
215
139
96
121
129
187
524
1278
4286
4343
0
0
0
0
0
0
0
0
0
0
0
0
0
0
0
0
0
0
0
0
0
0
0
0
0
0
0
0
0
0
0
0
0
0
0
0
0
1200
2136
1556
1200
1121
813
538
467
352
235
293
227
266
377
483
512
527
472
477
718
952
1362
1645
2012
2235
2309
2372
2241
2269
2220
2117
2171
2377
2334
2469
2730
3101
3179
3240
2954
2184
1349
972
459
344
284
280
341
491
503
405
199
195
130
126
115
153
284
579
1396
4580
4338
0
0
0
0
0
0
0
0
0
0
0
0
0
0
0
0
0
0
0
0
0
0
0
0
0
0
0
0
0
0
0
0
0
0
0
0
0
0
0
1027
2327
1799
1264
1172
830
541
458
391
232
258
237
236
380
454
427
370
448
415
391
537
827
911
1130
1332
1711
1938
2053
2242
2364
2500
2500
2304
2212
2033
1631
1349
928
705
509
368
289
324
345
368
425
438
423
260
210
210
109
124
113
149
325
714
1739
5248
3451
0
0
0
0
0
0
0
0
0
0
0
0
0
0
0
0
0
0
0
0
0
0
0
0
0
0
0
0
0
0
0
0
0
0
0
0
0
0
0
0
0
695
2451
2037
1399
1163
880
634
498
363
285
220
236
175
274
361
396
454
470
464
412
308
373
482
554
595
647
645
661
712
631
621
617
603
471
404
325
307
315
363
343
311
359
424
425
400
324
201
202
147
114
131
139
210
469
956
2431
5737
2348
0
0
0
0
0
0
0
0
0
0
0
0
0
0
0
0
0
0
0
0
0
0
0
0
0
0
0
0
0
0
0
0
0
0
0
0
0
0
0
0
0
0
0
351
2288
2272
1611
1349
851
632
505
432
367
229
187
229
259
278
325
334
360
467
570
484
483
396
364
320
373
328
352
357
337
340
331
266
323
301
296
311
268
351
385
400
339
256
262
194
194
121
150
157
191
357
643
1395
3445
5746
1139
0
0
0
0
0
0
0
0
0
0
0
0
0
0
0
0
0
0
0
0
0
0
0
0
0
0
0
0
0
0
0
0
0
0
0
0
0
0
0
0
0
0
0
0
0
47
1664
2874
1892
1505
1085
715
557
441
357
271
218
173
194
252
295
277
279
283
392
400
447
454
520
535
521
452
382
400
368
386
407
451
399
462
438
463
431
341
319
204
188
178
161
145
181
198
282
481
927
2194
5036
4308
162
0
0
0
0
0
0
0
0
0
0
0
0
0
0
0
0
0
0
0
0
0
0
0
0
0
0
0
0
0
0
0
0
0
0
0
0
0
0
0
0
0
0
0
0
0
0
0
0
749
2831
2516
1835
1394
889
611
495
437
377
268
196
165
234
305
282
264
268
296
294
279
290
301
339
330
372
398
423
353
321
302
322
272
271
269
237
210
152
154
175
136
176
260
204
425
801
1589
3443
5741
2140
0
0
0
0
0
0
0
0
0
0
0
0
0
0
0
0
0
0
0
0
0
0
0
0
0
0
0
0
0
0
0
0
0
0
0
0
0
0
0
0
0
0
0
0
0
0
0
0
0
0
0
57
1822
3355
2441
1787
1219
871
568
420
404
308
253
197
169
187
238
258
222
257
263
288
312
323
260
277
276
250
236
245
219
224
244
172
146
120
143
162
167
176
235
198
445
846
1509
2725
5539
3883
141
0
0
0
0
0
0
0
0
0
0
0
0
0
0
0
0
0
0
0
0
0
0
0
0
0
0
0
0
0
0
0
0
0
0
0
0
0
0
0
0
0
0
0
0
0
0
0
0
0
0
0
0
0
0
288
2432
3486
2503
1691
1331
910
601
482
434
313
261
175
153
185
164
182
205
226
264
254
286
209
235
199
252
206
189
198
170
175
176
171
178
209
263
376
530
982
1603
2768
5439
4592
688
0
0
0
0
0
0
0
0
0
0
0
0
0
0
0
0
0
0
0
0
0
0
0
0
0
0
0
0
0
0
0
0
0
0
0
0
0
0
0
0
0
0
0
0
0
0
0
0
0
0
0
0
0
0
0
0
0
0
401
2519
3872
2969
2021
1319
1044
729
554
499
412
325
319
251
243
227
227
172
161
178
158
166
185
178
162
195
208
243
241
296
358
388
509
755
1160
1969
3568
5418
4119
766
0
0
0
0
0
0
0
0
0
0
0
0
0
0
0
0
0
0
0
0
0
0
0
0
0
0
0
0
0
0
0
0
0
0
0
0
0
0
0
0
0
0
0
0
0
0
0
0
0
0
0
0
0
0
0
0
0
0
0
0
0
0
154
2062
3629
4103
2885
2077
1455
1105
849
698
526
454
412
313
308
274
269
267
304
314
258
294
266
327
401
452
507
583
756
1137
1844
3052
5142
5240
3033
242
0
0
0
0
0
0
0
0
0
0
0
0
0
0
0
0
0
0
0
0
0
0
0
0
0
0
0
0
0
0
0
0
0
0
0
0
0
0
0
0
0
0
0
0
0
0
0
0
0
0
0
0
0
0
0
0
0
0
0
0
0
0
0
0
0
0
0
721
2494
3828
4481
3394
2514
2023
1715
1394
1094
936
801
683
632
642
570
646
678
815
837
907
1028
1251
1782
2517
3599
5459
5435
3795
1035
0
0
0
0
0
0
0
0
0
0
0
0
0
0
0
0
0
0
0
0
0
0
0
0
0
0
0
0
0
0
0
0
0
0
0
0
0
0
0
0
0
0
0
0
0
0
0
0
0
0
0
0
0
0
0
0
0
0
0
0
0
0
0
0
0
0
0
0
0
0
0
0
0
285
1940
3256
4080
4566
4615
3964
3443
2973
2781
2541
2473
2425
2471
2627
2973
3401
4094
5325
5397
4966
4007
2758
460
0
0
0
0
0
0
0
0
0
0
0
0
0
0
0
0
0
0
0
0
0
0
0
0
0
0
0
0
0
0
0
0
0
0
0
0
0
0
0
0
0
0
0
0
0
0
0
0
0
0
0
0
0
0
0
0
0
0
0
0
0
0
0
0
0
0
0
0
0
0
0
0
0
0
0
0
0
0
0
0
0
375
1477
2306
2847
3258
3433
3634
3871
3774
3704
3162
2660
1762
466
0
0
0
0
0
0
0
0
0
0
0
0
0
0
0
0
0
0
0
0
0
0
0
0
0
0
0
0
0
0
0
0
0
0
0
0
0
0
0
0
0
0
0
0
0
0
0
0
0
0
0
0
0
0
0
0
0
0
0
0
0
0
0
0
0
0
0
0
0
0
0
0
0
0
0
0
0
0
0
0
0
0
0
0
0
0
0
0
0
0
0
0
0
0
0
0
0
0
0
0
0
0
0
0
0
0
0
0
0
0
0
0
0
0
0
0
0
0
0
0
0
0
0
0
0
0
0
0
0
0
0
0
0
0
0
0
0
0
0
0
0
0
0
0
0
0
0
0
0
0
0
0
0
0
0
0
0
0
0
0
0
0
0
0
0
0
0
0
0
0
0
0
0
0
0
0
0
0
0
0
0
0
0
0
0
0
0
0
0
0
0
0
0
0
0
0
0
0
0
0
0
0
0
0
0
0
0
0
0
0
0
0
0
0
0
0
0
0
0
0
0
0
0
0
0
0
0
0
0
0
0
0
0
0
0
0
0
0
0
0
0
0
0
0
0
0
0
0
0
0
0
0
0
0
0
0
0
0
0
0
0
0
0
0
0
0
0
0
0
0
0
0
0
0
0
0
0
0
0
0
0
0
0
0
0
0
0
0
0
0
0
0
0
0
0
0
0
0
0
0
0
0
0
0
0
0
0
0
0
0
0
0
0
0
0
0
0
0
0
0
0
0
0
0
0
0
0
0
0
0
0
0
0
0
0
0
0
0
0
0
0
0
0
0
0
0
0
0
0
0
0
0
0
0
0
0
0
0
0
0
0
0
0
0
0
0
0
0
0
0
0
0
0
0
0
0
0
0
0
0
0
0
0
0
0
0
0
0
0
0
0
0
0
0
0
0
0
0
0
0
0
0
0
0
0
0
0
0
0
0
0
0
0
0
0
0
0
0
0
0
0
0
0
0
0
0
0
0
0
0
0
0
0
0
0
0
0
0
0
0
0
0
0
0
0
0
0
0
0
0
0
0
0
0
0
0
0
0
0
0
0
0
0
0
0
0
0
0
0
0
0
0
0
0
0
0
0
0
0
0
0
0
0
0
0
0
0
0
0
0
0
0
0
0
0
0
0
0
0
0
0
0
0
0
0
0
0
0
0
0
0
0
0
0
0
0
0
0
0
0
0
0
0
0
0
0
0
0
0
0
0
0
0
0
0
0
0
0
0
0
0
0
0
-0.01453484523493068
