./RotationSim r
0
0
0
0
0
0
0
0
0
0
0
0
0
0
0
0
0
0
0
0
0
0
0
0
0
0
0
0
0
0
0
0
0
0
0
0
0
0
0
0
0
0
0
0
0
0
0
0
0
0
0
0
0
0
0
0
0
0
0
0
0
0
0
0
0
0
0
0
0
0
0
0
0
0
0
0
0
0
0
0
0
0
0
0
0
0
0
0
0
0
0
0
0
0
0
0
0
0
0
0
0
0
0
0
0
0
0
0
0
0
0
0
0
0
0
0
0
0
0
0
0
0
0
0
0
0
0
0
0
0
0
0
0
0
0
0
0
0
0
0
0
0
0
0
0
0
0
0
0
0
0
0
0
0
0
0
0
0
0
0
0
0
0
0
0
0
0
0
0
0
0
0
0
0
0
0
0
0
0
0
0
0
0
0
0
0
0
0
0
0
0
0
0
0
0
0
0
0
0
0
0
0
0
0
0
0
0
0
0
0
0
0
0
0
0
0
0
0
0
0
0
0
0
0
0
0
0
0
0
0
0
0
0
0
0
0
0
0
0
0
0
0
0
0
0
0
0
0
0
0
0
0
0
0
0
0
0
0
0
0
0
0
0
0
0
0
0
0
0
0
0
0
0
0
0
0
0
0
0
0
0
0
0
0
0
0
0
0
0
0
0
0
0
0
0
0
0
0
0
0
0
0
0
0
0
0
0
0
0
0
0
0
0
0
0
0
0
0
0
0
0
0
0
0
0
0
0
0
0
0
0
0
0
0
0
0
0
0
0
0
0
0
0
0
0
0
0
0
0
0
0
0
0
0
0
0
0
0
0
0
0
0
0
0
0
0
0
0
0
0
0
0
0
0
0
0
0
0
0
0
0
0
0
0
0
0
0
0
0
0
0
0
0
0
0
0
0
0
0
0
0
0
0
0
0
0
0
0
0
0
0
0
0
0
0
0
0
0
0
0
0
0
0
0
0
0
0
0
0
0
0
0
0
0
0
0
0
0
0
0
0
0
0
0
0
0
0
0
0
0
0
0
0
0
0
0
0
0
0
0
0
0
0
0
0
0
0
0
0
0
0
0
0
0
0
0
0
0
0
0
0
0
0
0
0
0
0
0
0
0
0
0
0
0
0
0
0
0
0
0
0
0
0
0
0
0
0
0
0
0
0
0
0
0
0
0
0
0
0
0
0
0
0
0
0
0
0
0
0
0
0
0
0
0
0
0
0
0
0
0
0
0
0
109
571
974
1283
1558
1581
1788
1879
1876
1714
1531
1169
725
175
0
0
0
0
0
0
0
0
0
0
0
0
0
0
0
0
0
0
0
0
0
0
0
0
0
0
0
0
0
0
0
0
0
0
0
0
0
0
0
0
0
0
0
0
0
0
0
0
0
0
0
0
0
0
0
0
0
0
0
0
0
0
0
0
0
0
0
0
0
0
0
0
0
0
0
0
0
0
0
0
0
88
718
1370
1946
2600
2798
2754
2634
2643
2586
2722
2609
2599
2610
2713
2762
3063
3366
3412
3239
2834
2120
1278
208
0
0
0
0
0
0
0
0
0
0
0
0
0
0
0
0
0
0
0
0
0
0
0
0
0
0
0
0
0
0
0
0
0
0
0
0
0
0
0
0
0
0
0
0
0
0
0
0
0
0
0
0
0
0
0
0
0
0
0
0
0
0
0
0
0
0
0
0
0
0
0
0
0
245
1041
1816
2491
2475
2195
2220
1984
1866
1859
1755
1668
1680
1632
1442
1467
1362
1398
1546
1632
1794
1960
2217
2404
2865
3187
3643
3039
1934
528
0
0
0
0
0
0
0
0
0
0
0
0
0
0
0
0
0
0
0
0
0
0
0
0
0
0
0
0
0
0
0
0
0
0
0
0
0
0
0
0
0
0
0
0
0
0
0
0
0
0
0
0
0
0
0
0
0
0
0
0
0
0
0
0
0
0
0
49
676
1615
2201
2222
2150
2047
1789
1725
1485
1442
1321
1145
1036
978
939
826
914
855
872
885
887
923
951
1003
1119
1316
1559
1812
2249
2442
2977
3734
3143
1712
116
0
0
0
0
0
0
0
0
0
0
0
0
0
0
0
0
0
0
0
0
0
0
0
0
0
0
0
0
0
0
0
0
0
0
0
0
0
0
0
0
0
0
0
0
0
0
0
0
0
0
0
0
0
0
0
0
0
0
0
0
0
0
126
917
1860
2150
2006
2007
1817
1689
1408
1232
1033
970
841
753
686
564
485
470
472
453
484
483
449
516
497
600
617
721
717
716
869
1035
1218
1647
2046
2629
3387
3722
2477
413
0
0
0
0
0
0
0
0
0
0
0
0
0
0
0
0
0
0
0
0
0
0
0
0
0
0
0
0
0
0
0
0
0
0
0
0
0
0
0
0
0
0
0
0
0
0
0
0
0
0
0
0
0
0
0
0
0
0
103
909
1710
2005
1873
1810
1658
1465
1159
1026
928
787
713
541
453
404
357
412
422
369
346
380
340
316
288
287
299
314
334
378
440
511
585
648
679
756
968
1200
1661
2352
3144
4047
2901
332
0
0
0
0
0
0
0
0
0
0
0
0
0
0
0
0
0
0
0
0
0
0
0
0
0
0
0
0
0
0
0
0
0
0
0
0
0
0
0
0
0
0
0
0
0
0
0
0
0
0
0
0
0
0
17
714
1663
1798
1937
1751
1531
1334
1061
945
876
775
601
431
371
365
325
364
323
241
237
196
190
158
156
169
175
154
132
161
143
173
173
207
234
292
410
509
584
712
831
1044
1412
2216
3111
4150
2355
55
0
0
0
0
0
0
0
0
0
0
0
0
0
0
0
0
0
0
0
0
0
0
0
0
0
0
0
0
0
0
0
0
0
0
0
0
0
0
0
0
0
0
0
0
0
0
0
0
0
0
0
290
1365
1721
1893
1714
1542
1310
1176
1028
824
677
519
401
379
295
249
225
176
142
119
81
78
88
100
104
111
136
118
145
151
168
153
147
132
117
112
117
142
175
298
386
458
608
822
1094
1336
2343
3537
4030
1116
0
0
0
0
0
0
0
0
0
0
0
0
0
0
0
0
0
0
0
0
0
0
0
0
0
0
0
0
0
0
0
0
0
0
0
0
0
0
0
0
0
0
0
0
0
0
0
0
9
774
1567
1764
1855
1499
1474
1225
1027
849
685
529
343
268
246
229
171
141
133
124
119
117
129
131
158
107
145
126
130
131
138
122
102
96
111
119
119
156
134
152
145
123
161
212
282
440
602
805
1134
1537
2739
4306
2772
78
0
0
0
0
0
0
0
0
0
0
0
0
0
0
0
0
0
0
0
0
0
0
0
0
0
0
0
0
0
0
0
0
0
0
0
0
0
0
0
0
0
0
0
0
0
149
1164
1551
1774
1651
1376
1318
1030
843
681
517
380
255
219
207
199
148
126
100
114
128
109
107
123
151
143
138
125
138
129
133
106
103
93
128
121
119
123
115
127
111
115
94
149
143
155
200
289
486
614
930
1252
1977
3561
4083
658
0
0
0
0
0
0
0
0
0
0
0
0
0
0
0
0
0
0
0
0
0
0
0
0
0
0
0
0
0
0
0
0
0
0
0
0
0
0
0
0
0
0
0
292
1278
1547
1828
1439
1430
1214
926
730
543
417
317
239
194
153
120
116
118
123
134
127
127
135
194
186
273
274
314
342
339
341
264
303
220
211
160
138
124
100
91
104
100
140
114
96
70
102
110
155
205
300
501
701
1039
1595
2851
4363
1348
0
0
0
0
0
0
0
0
0
0
0
0
0
0
0
0
0
0
0
0
0
0
0
0
0
0
0
0
0
0
0
0
0
0
0
0
0
0
0
0
0
439
1309
1580
1754
1417
1336
1113
790
646
543
339
258
213
167
135
127
124
138
146
153
173
266
332
452
460
587
664
734
817
846
853
883
860
797
671
630
530
499
328
244
206
161
105
123
111
120
138
108
103
95
127
152
271
341
592
889
1469
2417
4434
2168
0
0
0
0
0
0
0
0
0
0
0
0
0
0
0
0
0
0
0
0
0
0
0
0
0
0
0
0
0
0
0
0
0
0
0
0
0
0
0
541
1349
1636
1723
1340
1285
995
712
615
449
316
221
220
153
140
122
112
145
199
237
375
517
657
771
916
1081
1226
1301
1430
1610
1696
1748
1803
1784
1772
1779
1670
1609
1368
1101
831
597
340
194
196
134
98
117
120
102
110
113
94
108
240
311
446
746
1164
2270
4141
2658
0
0
0
0
0
0
0
0
0
0
0
0
0
0
0
0
0
0
0
0
0
0
0
0
0
0
0
0
0
0
0
0
0
0
0
0
0
588
1352
1588
1653
1351
1167
923
647
610
462
284
248
174
121
134
149
172
214
258
376
598
646
934
1123
1316
1266
1350
1529
1575
1533
1603
1643
1676
1759
1687
1708
1737
1741
1921
1863
1762
1671
1698
1457
1008
472
283
219
186
127
114
67
108
152
114
86
172
250
451
656
1017
2055
4084
3020
0
0
0
0
0
0
0
0
0
0
0
0
0
0
0
0
0
0
0
0
0
0
0
0
0
0
0
0
0
0
0
0
0
0
0
525
1269
1534
1541
1324
1072
920
592
596
388
305
265
183
158
134
132
173
244
389
633
792
958
1210
1324
1479
1511
1609
1678
1424
1371
1323
1230
1137
1136
1193
1382
1327
1429
1481
1470
1637
1743
1843
1846
1757
1814
1748
1129
483
299
213
165
169
77
63
113
131
107
164
254
400
654
942
1954
4151
2718
0
0
0
0
0
0
0
0
0
0
0
0
0
0
0
0
0
0
0
0
0
0
0
0
0
0
0
0
0
0
0
0
0
406
1216
1574
1604
1377
1025
869
589
575
351
275
221
162
147
129
147
238
327
570
764
935
1259
1430
1500
1590
1500
1415
1194
1155
1078
1062
997
999
913
880
804
734
872
744
796
884
1081
1236
1451
1598
1917
1998
2052
1920
1777
1016
412
249
163
187
119
59
89
99
127
156
173
352
633
946
1878
4416
2253
0
0
0
0
0
0
0
0
0
0
0
0
0
0
0
0
0
0
0
0
0
0
0
0
0
0
0
0
0
0
0
279
1228
1375
1580
1399
1015
967
673
581
369
321
222
146
140
118
149
277
457
721
884
1084
1403
1430
1417
1308
1249
1071
965
876
803
749
690
585
575
518
528
501
554
550
611
652
602
586
595
658
860
1208
1394
1578
2030
2037
2152
1615
800
343
181
188
157
87
74
85
138
128
205
404
587
1017
2049
4692
1515
0
0
0
0
0
0
0
0
0
0
0
0
0
0
0
0
0
0
0
0
0
0
0
0
0
0
0
0
0
112
1007
1318
1493
1368
1174
902
664
594
392
314
194
170
108
119
184
321
607
764
924
1248
1294
1358
1265
1165
1078
908
894
827
742
548
468
435
388
369
410
413
415
370
349
314
340
346
449
518
554
622
632
744
1078
1266
1633
2054
2357
2062
1198
461
204
185
195
111
73
75
150
145
221
364
566
1125
2396
4673
747
0
0
0
0
0
0
0
0
0
0
0
0
0
0
0
0
0
0
0
0
0
0
0
0
0
0
0
13
850
1154
1509
1395
1192
847
681
593
458
308
256
187
102
153
194
395
666
787
1079
1254
1322
1272
1131
1068
882
824
820
641
440
368
365
351
263
283
256
198
210
185
192
222
244
250
269
321
295
370
406
451
499
653
776
1032
1252
1705
2289
2335
1551
692
247
199
166
104
80
68
139
133
222
383
631
1251
2826
4568
99
0
0
0
0
0
0
0
0
0
0
0
0
0
0
0
0
0
0
0
0
0
0
0
0
0
0
581
1093
1369
1518
1242
953
701
582
502
317
251
156
111
121
219
474
719
862
1156
1254
1299
1237
1044
975
876
731
695
412
380
338
365
297
295
285
215
189
164
174
193
222
179
163
162
129
145
234
237
261
398
447
440
559
645
919
1087
1571
2192
2373
1909
868
315
214
190
89
94
74
125
153
276
372
701
1620
3498
3158
0
0
0
0
0
0
0
0
0
0
0
0
0
0
0
0
0
0
0
0
0
0
0
0
0
224
1031
1234
1440
1277
1066
722
681
505
377
238
210
119
132
212
468
669
859
1159
1257
1306
1102
1030
892
738
636
577
347
324
325
299
289
208
161
139
177
184
277
238
227
205
171
175
230
256
169
112
84
98
179
219
298
362
489
568
663
898
1287
1985
2219
2078
1011
350
168
171
95
100
60
114
155
285
425
861
1982
4619
1370
0
0
0
0
0
0
0
0
0
0
0
0
0
0
0
0
0
0
0
0
0
0
0
10
899
1049
1347
1325
1159
818
679
534
420
254
231
156
80
197
421
657
980
1165
1262
1305
1136
972
827
671
647
533
373
303
291
264
215
143
180
264
291
288
298
297
339
343
335
318
264
210
196
311
253
213
188
176
136
120
194
277
335
568
631
784
1233
2088
2233
2166
1038
359
210
175
106
91
62
140
180
323
539
1179
2530
4651
103
0
0
0
0
0
0
0
0
0
0
0
0
0
0
0
0
0
0
0
0
0
0
407
1015
1301
1411
1127
907
661
650
495
246
250
171
114
139
401
567
962
1112
1247
1270
1114
922
794
735
682
450
340
279
249
248
224
204
261
325
380
479
585
602
633
540
478
556
505
437
409
395
300
261
209
189
155
163
187
120
111
213
258
409
601
696
1139
1974
2200
2210
1043
321
169
169
100
75
66
162
218
319
674
1595
3671
2832
0
0
0
0
0
0
0
0
0
0
0
0
0
0
0
0
0
0
0
0
0
52
998
1038
1311
1316
1063
727
711
511
379
273
202
129
108
351
589
962
959
1137
1339
1163
880
740
667
572
472
381
319
195
163
231
250
313
437
621
685
759
817
949
1089
1195
1186
1150
1290
1283
1062
825
617
530
418
274
226
150
188
221
183
112
168
260
398
514
738
1243
1825
2294
2152
958
223
169
142
99
74
66
163
267
351
974
2238
4831
473
0
0
0
0
0
0
0
0
0
0
0
0
0
0
0
0
0
0
0
0
517
1037
1263
1378
1063
860
670
615
454
255
216
154
121
275
523
819
937
1075
1272
1065
918
842
639
566
517
362
265
146
212
312
325
465
640
856
921
1158
1184
1259
1463
1446
1520
1673
1533
1537
1527
1545
1620
1540
1283
1111
860
485
323
168
134
186
153
154
184
216
359
515
717
1321
1774
2545
1933
740
183
189
100
107
65
105
206
289
510
1364
3300
3534
0
0
0
0
0
0
0
0
0
0
0
0
0
0
0
0
0
0
0
45
939
1039
1351
1307
954
720
650
507
367
208
249
147
175
426
716
970
1077
1232
1066
920
769
652
592
491
374
266
128
232
342
413
542
727
1008
1219
1301
1371
1525
1498
1261
1199
1133
1185
1272
1267
1391
1649
1657
1551
1630
1432
1382
1051
729
525
319
148
146
145
115
151
257
352
506
684
1388
2040
2455
1638
452
165
178
141
93
72
132
232
382
754
1942
4943
581
0
0
0
0
0
0
0
0
0
0
0
0
0
0
0
0
0
0
426
966
1159
1355
1028
814
710
570
426
289
233
176
137
321
587
915
980
1153
1266
973
735
778
618
510
325
303
159
204
376
541
584
865
1331
1309
1162
1197
1340
1182
1013
1070
1054
1050
1087
1142
1081
1073
1011
1172
1510
1530
1527
1700
1567
1450
812
555
504
130
156
163
99
179
217
389
482
816
1396
2230
2461
1140
299
164
148
99
100
81
175
255
523
1328
3182
3472
0
0
0
0
0
0
0
0
0
0
0
0
0
0
0
0
0
17
866
921
1293
1350
934
707
587
516
396
210
263
173
193
490
805
1043
1056
1196
933
781
750
601
577
312
337
222
193
380
554
744
999
1369
1308
1141
1162
1020
946
924
843
930
931
845
780
751
755
860
825
917
865
1091
1428
1396
1537
1501
1603
1024
626
502
230
135
140
87
212
166
425
547
1013
1602
2236
2088
653
201
149
127
119
86
122
228
336
824
1965
5086
184
0
0
0
0
0
0
0
0
0
0
0
0
0
0
0
0
284
945
1144
1314
1141
892
642
554
410
312
231
209
159
388
655
911
1020
1183
1024
782
767
622
536
392
317
222
190
357
651
784
948
1238
1115
1112
1078
917
1008
854
722
668
620
526
538
535
512
576
519
519
565
677
839
996
1216
1328
1534
1692
1691
1251
705
462
197
145
123
87
249
215
436
614
1133
1948
2488
1604
363
158
200
99
95
75
163
278
515
1321
3776
2743
0
0
0
0
0
0
0
0
0
0
0
0
0
0
0
0
698
894
1233
1338
879
757
626
523
398
245
256
176
196
516
780
971
1081
1145
872
804
716
650
473
290
220
197
312
598
689
842
1300
1238
1037
931
994
926
661
590
539
538
400
481
430
406
313
251
296
346
394
490
549
731
792
1080
1304
1601
1695
1641
1330
667
459
249
139
81
138
216
279
466
804
1341
2245
2286
919
295
182
153
87
97
139
214
377
822
2384
4467
0
0
0
0
0
0
0
0
0
0
0
0
0
0
0
80
918
980
1146
1269
820
719
619
455
400
213
246
187
274
639
908
1112
1158
928
832
908
595
561
364
268
279
246
533
715
870
1261
1200
1052
944
1016
927
541
563
522
457
335
415
284
224
221
219
285
301
294
314
352
365
331
518
533
740
1215
1658
1703
1668
1312
635
356
244
89
95
130
276
306
678
988
1732
2547
1656
446
201
161
103
90
104
173
277
555
1549
5099
884
0
0
0
0
0
0
0
0
0
0
0
0
0
0
305
888
1114
1194
1069
787
705
543
464
317
236
219
206
507
731
940
1120
1111
872
825
728
592
477
282
274
203
405
778
754
1035
1238
1172
797
939
816
506
485
599
336
336
344
342
341
388
394
377
438
342
362
287
258
291
317
461
465
514
596
1195
1647
1803
1788
1180
524
363
215
99
117
149
292
396
899
1348
2260
2241
848
246
180
127
64
118
122
237
348
1075
3257
3215
0
0
0
0
0
0
0
0
0
0
0
0
0
0
618
872
1122
1243
926
735
642
562
440
246
250
206
244
623
775
1039
1016
1008
805
892
585
504
373
279
251
343
631
747
845
1235
1155
883
960
864
676
531
523
420
309
291
277
291
273
237
135
231
166
198
220
333
316
258
349
232
440
416
561
613
1125
1477
1703
1771
1067
403
348
189
103
170
159
307
619
1126
1658
2687
1456
360
182
175
80
127
118
204
304
793
2350
4796
0
0
0
0
0
0
0
0
0
0
0
0
0
38
825
959
1140
1206
890
730
565
479
362
202
279
225
347
675
944
1068
980
895
916
767
494
461
339
334
322
506
672
842
1056
1236
943
950
800
664
533
469
347
226
263
232
266
265
300
383
368
396
363
342
296
260
236
272
241
255
236
416
471
498
752
1160
1370
1926
1519
858
327
283
78
175
120
253
375
905
1510
2409
1967
590
219
153
129
116
96
159
284
609
1686
5226
397
0
0
0
0
0
0
0
0
0
0
0
0
205
803
1040
1122
1132
810
658
534
458
394
188
266
252
440
767
987
1052
1013
807
875
633
554
455
289
321
400
514
818
837
1113
1037
931
897
744
665
522
397
231
383
388
433
415
622
940
1099
975
857
742
720
672
290
290
217
215
210
197
235
378
439
563
939
1304
1498
1972
1297
457
346
171
87
152
194
251
722
1175
2016
2565
1006
291
129
168
96
99
152
255
387
1278
4085
2215
0
0
0
0
0
0
0
0
0
0
0
0
403
821
1159
1058
1001
813
634
536
404
299
228
239
296
499
778
929
989
971
846
762
593
557
377
328
289
515
630
859
1036
1011
1021
876
892
668
552
254
274
295
380
492
658
764
1173
1295
1297
1321
1381
1275
1159
1410
1267
665
333
252
170
163
228
290
374
445
779
1166
1303
1884
1650
833
307
273
78
159
173
230
530
939
1768
2750
1441
388
184
165
91
99
118
166
334
922
3070
3547
0
0
0
0
0
0
0
0
0
0
0
0
501
904
1117
1105
976
792
623
492
435
271
221
237
329
563
855
960
904
975
772
780
480
540
362
333
383
428
748
982
995
1022
949
987
766
586
389
244
325
403
513
550
900
1401
1401
1211
1439
1221
1289
1597
1619
1271
1324
1248
821
521
222
209
123
210
324
328
564
927
1410
1571
1802
1124
422
393
93
155
166
237
328
856
1530
2425
2092
572
229
136
98
121
110
161
293
738
2324
4564
0
0
0
0
0
0
0
0
0
0
0
0
637
867
1094
1081
957
730
520
519
436
291
206
261
387
632
840
962
873
877
793
803
532
508
373
358
407
550
860
926
983
1059
757
956
682
591
240
325
258
495
613
979
1381
1322
1135
1071
1098
1008
1296
1604
1355
1417
1258
1410
1601
921
304
236
156
175
250
322
501
666
1182
1593
1778
1396
694
279
223
90
184
228
247
709
1276
2147
2351
864
222
130
159
135
108
138
285
579
1818
5247
0
0
0
0
0
0
0
0
0
0
0
45
791
929
1105
1038
919
711
564
508
341
253
230
263
389
757
823
1007
865
904
722
670
564
404
341
336
386
571
896
851
1113
1045
896
698
774
401
234
322
458
524
735
1271
1315
1223
919
983
1096
955
949
891
1111
1352
1396
1580
1638
1626
868
400
167
171
167
258
413
438
920
1472
1847
1460
784
433
289
109
195
184
232
516
1210
1730
2564
1061
310
176
149
90
111
116
250
503
1483
5228
424
0
0
0
0
0
0
0
0
0
0
153
837
910
1049
1020
922
698
529
493
297
284
232
325
460
771
953
921
919
893
754
673
496
368
341
298
419
669
933
913
1091
995
800
780
519
396
314
391
455
753
1167
1064
983
813
785
728
471
297
354
330
509
817
1142
1422
1854
1506
1130
551
282
125
190
165
300
322
782
1447
1850
1645
1011
490
316
160
164
151
213
397
1035
1655
2632
1383
348
173
143
94
162
129
221
499
1203
4436
1600
0
0
0
0
0
0
0
0
0
0
220
864
989
1037
991
841
705
564
507
308
254
247
271
485
771
940
966
858
952
759
644
472
380
344
349
489
683
867
981
1138
810
871
840
394
479
374
380
420
1023
1038
985
972
728
788
549
348
328
278
402
279
270
572
1009
1533
1894
1537
739
437
158
194
169
262
355
450
1337
1818
1908
1190
593
339
168
113
178
210
326
835
1550
2616
1656
401
198
136
107
134
129
179
454
1118
3741
2422
0
0
0
0
0
0
0
0
0
0
261
866
944
974
948
890
674
595
444
304
280
236
358
546
737
963
936
877
862
764
657
420
469
294
336
573
624
842
1004
1190
760
909
694
372
496
336
331
663
993
950
993
865
885
660
297
293
382
489
326
443
476
315
527
999
1907
1746
1023
477
186
216
195
207
320
403
987
1644
2009
1335
694
391
169
157
220
248
308
745
1448
2654
1851
470
251
141
111
122
132
190
419
886
3269
3136
0
0
0
0
0
0
0
0
0
0
333
866
914
1001
947
797
702
546
441
262
318
258
347
602
715
959
966
898
835
771
618
455
403
332
334
645
601
831
1084
1163
774
813
782
363
430
402
356
820
933
763
866
804
1057
678
465
136
127
86
172
196
258
299
583
1000
1540
1695
1372
675
295
155
216
223
261
399
821
1320
1963
1473
825
365
169
185
163
229
241
694
1339
2634
1953
555
232
169
113
113
97
148
391
907
3016
3376
0
0
0
0
0
0
0
0
0
0
364
890
962
905
948
887
736
493
462
265
279
285
379
515
823
976
831
951
808
703
606
504
445
327
372
579
690
935
1056
1190
813
724
793
332
366
312
391
619
1014
740
976
1063
1018
721
410
21
42
146
253
85
79
226
539
814
1660
1599
1287
774
564
115
183
282
270
399
723
1234
1943
1644
865
434
216
211
180
212
245
695
1271
2440
2169
655
262
193
124
100
114
142
354
932
2850
3703
0
0
0
0
0
0
0
0
0
0
367
916
943
986
907
887
658
547
511
259
291
259
430
546
810
900
906
917
808
664
590
500
432
328
398
585
668
903
991
1172
926
826
728
334
409
432
378
621
858
883
1338
1091
1112
1070
447
38
85
52
68
254
136
159
569
880
1416
1758
1388
842
474
233
213
237
278
324
707
1305
1836
1788
887
388
250
191
222
200
278
603
1145
2334
2179
686
309
175
98
101
133
146
322
924
2850
3635
0
0
0
0
0
0
0
0
0
0
354
856
817
949
831
757
715
555
489
274
346
237
375
606
806
887
946
866
818
732
596
501
455
344
381
543
720
828
1064
1068
885
842
703
301
438
407
300
777
907
1070
1083
1128
1249
1013
668
215
137
0
24
240
110
204
486
797
1397
1546
1598
795
468
304
212
249
239
312
755
1214
2015
1804
812
372
283
199
204
229
242
557
1145
2454
2129
697
278
173
106
126
131
185
308
974
2759
3688
0
0
0
0
0
0
0
0
0
0
316
878
875
975
832
854
739
576
475
276
300
240
386
528
757
965
928
799
867
796
521
446
460
315
389
567
743
854
1153
951
1037
777
701
475
427
371
384
699
868
1101
1012
1235
989
1104
866
450
267
115
126
215
115
222
453
865
1517
1510
1757
997
407
258
237
239
278
282
709
1090
2183
1813
676
366
263
183
219
238
279
547
1218
2361
2049
670
294
147
103
113
129
119
367
997
2881
3595
0
0
0
0
0
0
0
0
0
0
270
832
876
970
870
817
745
542
483
330
279
306
336
534
726
955
773
904
868
816
560
465
444
329
402
497
636
839
1061
885
1009
901
650
513
482
318
467
661
693
977
927
884
1542
1105
796
648
518
398
448
208
82
224
642
769
1385
1675
1477
898
553
217
223
330
281
438
660
1344
2138
1690
664
413
315
186
192
224
266
620
1348
2375
2214
586
235
171
125
95
141
146
390
1006
3085
3337
0
0
0
0
0
0
0
0
0
0
236
802
884
952
842
864
735
543
470
359
215
293
374
542
711
935
836
856
930
772
617
465
380
407
427
478
579
815
1054
914
895
901
714
499
588
227
444
657
772
890
977
1061
1186
1102
780
883
525
589
479
205
356
431
926
1031
1283
1675
1421
746
399
215
257
290
274
540
704
1506
1974
1430
630
404
198
191
203
214
277
675
1581
2331
2016
538
245
162
155
89
124
167
461
1073
3398
2757
0
0
0
0
0
0
0
0
0
0
204
779
880
953
793
832
801
532
509
377
192
313
352
537
580
856
818
830
914
724
569
481
490
373
414
442
700
752
1081
936
932
844
769
587
532
382
331
640
706
713
972
1012
1010
1129
1034
852
763
697
584
427
256
495
821
1408
1360
1549
1091
752
364
153
286
216
337
436
996
1549
1971
1456
580
425
241
205
157
249
293
670
1490
2663
1693
473
235
152
144
74
150
145
467
1135
3918
2218
0
0
0
0
0
0
0
0
0
0
104
810
870
972
802
828
836
600
458
426
235
309
373
450
670
731
925
791
923
759
666
504
457
378
381
462
619
689
955
1076
959
768
894
718
499
418
358
478
769
754
818
729
974
952
809
803
550
618
534
536
554
399
1013
1356
1583
1384
801
717
187
185
393
247
319
551
1173
1627
1848
1218
589
342
192
212
193
227
322
818
1647
2814
1312
366
227
147
161
61
126
216
540
1384
4331
1618
0
0
0
0
0
0
0
0
0
0
38
816
800
944
803
921
789
573
494
474
233
302
349
426
673
752
883
763
914
813
745
488
478
403
463
472
582
659
817
1118
979
794
823
706
652
456
297
439
663
712
767
781
733
1054
886
872
617
618
526
653
779
1071
1413
1456
1240
994
919
511
204
257
321
330
318
685
1355
1693
1964
953
561
292
174
222
185
226
361
1080
1742
2634
1030
374
172
165
105
86
119
213
642
1518
5217
416
0
0
0
0
0
0
0
0
0
0
0
703
817
869
854
910
803
681
523
504
295
257
301
431
677
660
873
803
893
794
777
684
422
495
386
379
634
641
760
996
1049
838
876
790
644
435
448
360
472
633
654
633
525
851
1020
813
745
625
777
746
1066
1146
1301
1517
930
928
747
265
232
355
304
332
371
958
1373
1822
1552
813
429
270
148
250
214
254
458
1249
1856
2575
865
352
132
192
73
95
151
294
706
1865
5098
0
0
0
0
0
0
0
0
0
0
0
0
569
840
802
911
855
781
742
566
467
375
228
275
391
615
668
766
856
908
803
713
684
540
415
469
348
655
641
722
974
1033
873
856
819
666
595
374
437
476
560
577
636
589
589
775
1035
1059
1056
910
1083
1052
1079
1329
963
907
513
373
217
300
202
276
407
642
1252
1589
1977
1185
687
319
265
225
235
205
255
641
1395
2089
2213
718
230
135
197
70
80
166
278
776
2306
4407
0
0
0
0
0
0
0
0
0
0
0
0
403
799
883
873
774
792
784
592
457
469
276
253
426
506
649
733
874
811
917
740
666
703
330
453
367
505
669
577
920
1001
983
787
967
778
714
516
381
319
483
516
839
816
776
915
1008
937
948
1255
1339
1199
1361
985
872
442
361
281
308
254
241
329
551
843
1346
2021
1673
825
434
266
224
181
239
225
342
947
1588
2546
1578
551
223
140
150
59
106
175
367
1090
2985
3479
0
0
0
0
0
0
0
0
0
0
0
0
219
783
847
890
806
813
776
712
500
481
276
289
374
451
687
701
908
820
922
768
600
753
491
408
442
348
636
666
695
1034
965
855
820
870
826
741
411
389
394
503
574
919
836
813
919
995
1032
1140
957
987
737
784
536
418
332
295
320
256
333
572
655
1010
1714
2175
1094
648
360
321
229
162
280
239
466
1079
1968
2631
1182
391
191
148
114
77
126
231
484
1429
3814
2255
0
0
0
0
0
0
0
0
0
0
0
0
20
781
842
788
833
807
813
727
504
456
340
294
307
426
692
616
799
824
837
787
725
582
769
342
564
383
532
699
563
938
956
1108
830
873
796
643
661
439
433
440
552
525
697
701
784
820
1201
1058
819
757
559
424
401
373
370
441
332
370
614
625
698
1416
1941
1763
754
548
274
316
134
214
204
307
743
1319
2252
2127
854
316
183
116
99
88
182
280
614
1752
5194
355
0
0
0
0
0
0
0
0
0
0
0
0
0
640
853
762
885
736
744
819
577
467
425
299
287
378
601
688
721
825
909
774
830
535
806
522
475
416
406
677
571
745
833
915
994
907
995
805
541
501
515
383
350
534
560
458
498
605
457
537
529
527
433
345
343
387
406
403
310
371
496
755
1191
1721
2053
1114
579
465
262
220
170
191
263
436
952
1761
2485
1557
504
216
172
115
87
99
197
279
803
2316
4671
0
0
0
0
0
0
0
0
0
0
0
0
0
0
402
895
713
929
785
813
693
670
493
453
345
296
348
514
597
640
801
931
854
871
644
574
689
395
494
417
465
587
605
900
858
927
850
928
979
780
640
580
647
442
380
461
478
528
323
357
481
329
227
232
306
427
324
300
252
443
638
809
1026
1758
1943
1350
701
467
336
280
159
143
235
330
636
1269
2173
2314
1053
329
194
116
96
89
109
193
424
1214
3285
3230
0
0
0
0
0
0
0
0
0
0
0
0
0
0
68
835
807
742
822
815
718
773
538
446
394
337
256
364
578
675
641
836
1005
759
857
566
689
555
504
399
424
491
624
790
928
929
961
743
1013
989
716
702
705
600
491
421
390
409
296
360
308
305
411
452
367
412
321
313
490
627
782
1009
1500
1813
1548
866
509
395
345
172
156
200
247
515
979
1706
2593
1709
507
272
153
130
79
79
127
226
637
1669
4866
842
0
0
0
0
0
0
0
0
0
0
0
0
0
0
0
641
898
695
845
776
725
773
628
397
427
326
282
328
528
577
727
743
904
874
820
760
566
708
506
534
413
424
440
662
844
893
953
945
839
954
930
758
759
691
608
667
647
420
465
477
450
373
366
306
372
337
405
483
606
836
1097
1531
1742
1625
969
636
449
364
174
173
161
249
466
627
1262
2211
2469
933
375
211
117
89
92
129
168
296
890
2506
4631
0
0
0
0
0
0
0
0
0
0
0
0
0
0
0
0
323
877
731
899
782
798
695
667
525
493
361
378
263
354
569
660
691
890
863
893
702
708
594
612
563
525
422
490
467
689
857
842
911
1019
911
890
952
895
807
712
501
490
601
662
551
523
486
382
417
522
594
668
864
863
1323
1644
1691
1578
920
654
507
381
148
218
155
262
371
563
912
1750
2668
1582
494
329
163
152
61
115
121
192
470
1297
3937
2588
0
0
0
0
0
0
0
0
0
0
0
0
0
0
0
0
24
867
866
791
837
809
751
697
656
432
394
372
298
292
515
583
709
749
794
918
854
672
576
622
597
569
504
425
501
431
725
892
777
821
908
909
758
900
708
803
902
750
674
625
583
546
512
631
599
702
871
945
1223
1447
1700
1571
1374
918
661
481
404
202
220
176
221
404
507
765
1392
2289
2224
851
335
230
133
107
102
94
136
276
772
2145
5167
200
0
0
0
0
0
0
0
0
0
0
0
0
0
0
0
0
0
483
858
781
829
756
800
654
721
573
466
366
407
315
369
585
644
724
790
853
925
793
741
651
629
517
517
571
407
500
510
630
929
903
917
965
897
783
927
744
728
755
770
807
764
736
888
857
907
1006
1090
1414
1356
1473
1416
1249
989
632
392
392
240
251
187
180
305
453
652
1210
1975
2477
1280
421
324
161
122
88
110
110
201
491
1232
3363
3450
0
0
0
0
0
0
0
0
0
0
0
0
0
0
0
0
0
0
77
902
755
817
819
751
721
638
659
445
438
340
325
292
530
585
705
785
841
861
808
839
749
579
656
569
550
531
371
490
488
690
914
991
901
1031
1026
1009
893
853
943
779
815
870
919
946
941
1108
1302
1436
1490
1676
1570
1180
842
518
391
334
190
176
233
204
306
401
650
1095
1795
2432
1794
537
340
267
153
83
67
112
138
312
765
1980
5000
587
0
0
0
0
0
0
0
0
0
0
0
0
0
0
0
0
0
0
0
526
906
815
808
806
778
700
698
615
408
431
397
289
336
514
622
708
832
806
844
802
885
732
570
613
554
506
466
406
441
487
553
769
1024
1031
1021
948
1084
1014
1091
1064
1201
1118
1140
1185
1401
1524
1459
1554
1530
1106
681
578
494
414
302
183
236
208
191
284
338
579
1037
1628
2409
2086
846
346
322
182
104
71
118
126
195
426
1255
3356
3594
0
0
0
0
0
0
0
0
0
0
0
0
0
0
0
0
0
0
0
0
59
913
868
828
834
728
740
638
751
533
387
377
367
334
369
550
643
863
871
800
792
802
930
694
554
584
526
526
472
382
502
455
524
629
724
901
1151
1255
1231
1170
1206
1321
1432
1402
1404
1387
1263
1401
1096
815
530
503
462
320
291
174
211
215
215
259
334
575
985
1437
2204
2148
1152
337
323
251
120
71
92
119
174
287
934
2045
5196
524
0
0
0
0
0
0
0
0
0
0
0
0
0
0
0
0
0
0
0
0
0
496
939
868
840
865
735
731
649
700
400
442
391
328
315
472
597
719
772
855
864
835
743
862
740
586
655
528
510
444
345
417
449
448
519
625
727
742
837
1011
1070
1029
1074
1075
1063
908
848
708
577
542
482
447
327
241
182
215
240
223
259
408
691
949
1387
2155
2301
1247
435
340
232
171
112
83
106
192
234
608
1314
3920
3065
0
0
0
0
0
0
0
0
0
0
0
0
0
0
0
0
0
0
0
0
0
0
7
895
814
873
803
750
792
683
722
598
404
379
354
302
341
539
592
737
893
860
859
786
771
840
824
676
645
570
519
445
428
419
423
465
451
444
462
532
493
600
660
617
703
612
512
513
442
440
358
308
239
188
146
222
201
201
337
470
653
901
1490
2094
2393
1440
441
335
251
162
114
77
80
190
195
438
921
2711
4933
103
0
0
0
0
0
0
0
0
0
0
0
0
0
0
0
0
0
0
0
0
0
0
0
248
1059
854
837
804
718
781
616
677
539
351
383
359
302
333
547
665
772
793
836
902
874
742
707
737
704
608
488
495
472
421
433
336
399
445
467
452
441
449
444
453
400
360
392
325
252
205
240
268
202
227
259
223
253
394
529
659
1012
1570
2153
2444
1424
430
345
244
188
106
60
105
121
206
308
733
1746
4773
1512
0
0
0
0
0
0
0
0
0
0
0
0
0
0
0
0
0
0
0
0
0
0
0
0
0
582
942
833
876
755
697
775
663
654
500
348
408
381
288
313
547
657
794
848
847
860
896
849
815
731
769
656
620
524
535
424
400
341
314
346
335
337
291
245
287
302
249
270
289
264
300
273
318
258
251
318
391
450
542
860
1129
1669
2301
2396
1278
488
350
246
151
119
88
100
113
161
273
600
1510
3694
3446
0
0
0
0
0
0
0
0
0
0
0
0
0
0
0
0
0
0
0
0
0
0
0
0
0
0
14
884
970
901
846
826
739
717
707
598
448
392
423
322
296
291
586
733
797
824
840
911
814
883
817
651
794
649
635
543
577
557
477
381
319
291
314
285
312
306
274
252
251
243
284
248
243
227
279
335
386
527
804
1081
1418
1928
2371
2068
1151
507
347
238
136
110
78
116
127
163
213
440
1139
2858
4906
127
0
0
0
0
0
0
0
0
0
0
0
0
0
0
0
0
0
0
0
0
0
0
0
0
0
0
0
166
1065
928
949
827
811
674
711
657
599
391
377
389
315
321
357
466
757
862
882
754
922
857
860
845
782
760
721
678
507
497
640
638
512
494
411
363
327
322
358
370
370
357
329
344
407
398
437
654
697
925
1351
1679
2074
2378
1832
859
418
283
197
154
110
98
107
165
162
167
415
1035
2422
5111
824
0
0
0
0
0
0
0
0
0
0
0
0
0
0
0
0
0
0
0
0
0
0
0
0
0
0
0
0
0
280
1174
952
908
819
815
699
712
617
572
367
341
405
345
309
346
404
698
804
952
957
913
967
864
836
842
822
789
804
660
536
471
557
592
582
616
515
536
442
435
434
435
463
491
573
708
776
930
1199
1760
1961
2104
2158
1309
681
307
239
176
163
122
105
121
173
158
154
409
1035
2015
4941
1840
0
0
0
0
0
0
0
0
0
0
0
0
0
0
0
0
0
0
0
0
0
0
0
0
0
0
0
0
0
0
0
430
1270
1015
912
822
850
698
721
611
607
391
373
380
313
317
310
284
593
760
968
1048
1018
1071
1110
963
924
879
827
754
708
705
656
627
564
602
693
724
698
694
659
653
709
805
840
1130
1344
1705
2168
2074
2017
1540
830
455
317
185
177
182
144
117
145
154
139
200
415
1024
1801
4610
2563
0
0
0
0
0
0
0
0
0
0
0
0
0
0
0
0
0
0
0
0
0
0
0
0
0
0
0
0
0
0
0
0
0
619
1276
973
933
817
793
657
753
621
549
418
358
339
340
339
317
274
410
651
845
1050
1200
1147
1110
1182
1053
1045
1037
977
871
775
742
861
742
719
693
794
823
1021
1093
1127
1249
1582
1917
2197
2257
2032
1464
910
500
325
191
179
206
148
96
117
150
111
142
222
490
931
1865
4205
3054
0
0
0
0
0
0
0
0
0
0
0
0
0
0
0
0
0
0
0
0
0
0
0
0
0
0
0
0
0
0
0
0
0
0
0
712
1278
1031
953
848
809
661
686
681
595
412
355
375
356
346
362
342
396
426
585
855
1068
1125
1178
1316
1263
1310
1237
1336
1252
1123
1049
1133
1113
1183
1232
1259
1337
1505
1768
1976
2024
1983
1790
1240
744
527
347
251
182
183
181
139
128
133
123
113
207
271
537
945
1830
4323
3246
0
0
0
0
0
0
0
0
0
0
0
0
0
0
0
0
0
0
0
0
0
0
0
0
0
0
0
0
0
0
0
0
0
0
0
0
0
777
1420
1058
919
847
819
671
668
635
608
465
364
395
373
377
320
289
364
300
400
522
685
988
1129
1281
1419
1494
1507
1665
1614
1716
1701
1798
1870
1944
2008
2160
2040
1845
1743
1294
898
539
433
287
255
190
206
180
209
156
118
109
103
198
285
330
574
996
2111
4475
3006
0
0
0
0
0
0
0
0
0
0
0
0
0
0
0
0
0
0
0
0
0
0
0
0
0
0
0
0
0
0
0
0
0
0
0
0
0
0
0
714
1466
1062
962
889
831
733
642
675
599
485
379
397
351
348
341
295
349
290
316
351
371
495
633
755
820
1013
1140
1295
1381
1417
1543
1498
1346
1178
1054
853
760
514
342
344
279
269
222
196
186
203
170
111
117
109
175
251
273
443
692
1156
2313
4579
2495
0
0
0
0
0
0
0
0
0
0
0
0
0
0
0
0
0
0
0
0
0
0
0
0
0
0
0
0
0
0
0
0
0
0
0
0
0
0
0
0
0
487
1603
1169
1056
945
878
709
616
576
615
534
438
339
342
362
351
331
301
320
305
311
305
309
339
345
418
430
497
537
492
510
488
416
437
319
263
262
312
327
253
238
202
155
191
163
120
128
157
177
173
257
261
540
824
1311
2801
4958
1748
0
0
0
0
0
0
0
0
0
0
0
0
0
0
0
0
0
0
0
0
0
0
0
0
0
0
0
0
0
0
0
0
0
0
0
0
0
0
0
0
0
0
0
254
1603
1507
1073
961
930
761
705
640
580
539
427
389
358
320
342
270
308
299
300
302
287
227
268
333
271
247
260
268
306
334
297
279
251
257
267
211
212
171
186
192
154
139
134
134
162
197
226
277
388
653
948
1717
3372
4670
765
0
0
0
0
0
0
0
0
0
0
0
0
0
0
0
0
0
0
0
0
0
0
0
0
0
0
0
0
0
0
0
0
0
0
0
0
0
0
0
0
0
0
0
0
0
34
1102
1901
1365
1119
947
866
667
712
615
580
536
423
345
306
386
291
284
277
295
272
250
271
258
216
224
236
222
203
201
186
213
166
197
164
177
163
171
173
116
188
174
179
192
248
264
370
535
899
1405
2318
4604
3369
113
0
0
0
0
0
0
0
0
0
0
0
0
0
0
0
0
0
0
0
0
0
0
0
0
0
0
0
0
0
0
0
0
0
0
0
0
0
0
0
0
0
0
0
0
0
0
0
0
455
1891
1714
1273
1096
995
764
660
641
584
495
530
453
346
330
331
326
259
276
313
264
276
237
198
214
175
171
169
167
137
188
157
134
140
148
173
208
224
216
220
238
311
320
521
832
1301
1975
3677
4651
1475
0
0
0
0
0
0
0
0
0
0
0
0
0
0
0
0
0
0
0
0
0
0
0
0
0
0
0
0
0
0
0
0
0
0
0
0
0
0
0
0
0
0
0
0
0
0
0
0
0
0
0
33
1043
2133
1813
1315
1121
955
786
673
650
540
521
559
447
361
279
350
306
246
269
287
282
333
329
332
264
246
212
212
230
211
236
235
229
243
219
227
305
307
389
574
915
1274
1928
2955
4723
2824
95
0
0
0
0
0
0
0
0
0
0
0
0
0
0
0
0
0
0
0
0
0
0
0
0
0
0
0
0
0
0
0
0
0
0
0
0
0
0
0
0
0
0
0
0
0
0
0
0
0
0
0
0
0
0
190
1353
2441
1821
1369
1217
1041
870
712
612
567
553
572
513
446
358
304
300
276
235
262
273
203
228
245
247
227
257
258
224
256
283
298
342
370
515
733
1001
1376
2061
2953
4650
3301
479
0
0
0
0
0
0
0
0
0
0
0
0
0
0
0
0
0
0
0
0
0
0
0
0
0
0
0
0
0
0
0
0
0
0
0
0
0
0
0
0
0
0
0
0
0
0
0
0
0
0
0
0
0
0
0
0
0
0
252
1575
2462
2158
1741
1451
1106
1027
913
801
634
637
584
608
590
462
404
346
343
310
277
297
310
288
264
311
338
414
425
470
538
715
968
1212
1688
2382
3617
4493
3139
572
0
0
0
0
0
0
0
0
0
0
0
0
0
0
0
0
0
0
0
0
0
0
0
0
0
0
0
0
0
0
0
0
0
0
0
0
0
0
0
0
0
0
0
0
0
0
0
0
0
0
0
0
0
0
0
0
0
0
0
0
0
0
74
1191
2209
2631
2338
1898
1498
1305
1090
1050
925
877
767
728
731
655
610
619
582
537
591
608
632
661
692
733
908
1174
1348
1679
2251
3057
4310
4001
2189
181
0
0
0
0
0
0
0
0
0
0
0
0
0
0
0
0
0
0
0
0
0
0
0
0
0
0
0
0
0
0
0
0
0
0
0
0
0
0
0
0
0
0
0
0
0
0
0
0
0
0
0
0
0
0
0
0
0
0
0
0
0
0
0
0
0
0
0
353
1466
2403
3015
2790
2208
1671
1571
1405
1339
1223
1158
1109
1147
1088
1168
1085
1113
1168
1218
1376
1568
1856
2119
2780
3518
4573
3906
2636
720
0
0
0
0
0
0
0
0
0
0
0
0
0
0
0
0
0
0
0
0
0
0
0
0
0
0
0
0
0
0
0
0
0
0
0
0
0
0
0
0
0
0
0
0
0
0
0
0
0
0
0
0
0
0
0
0
0
0
0
0
0
0
0
0
0
0
0
0
0
0
0
0
0
126
1018
2018
2868
3448
3482
3122
2802
2658
2479
2312
2327
2444
2579
2809
3077
3378
3742
4331
4301
3848
2840
1685
260
0
0
0
0
0
0
0
0
0
0
0
0
0
0
0
0
0
0
0
0
0
0
0
0
0
0
0
0
0
0
0
0
0
0
0
0
0
0
0
0
0
0
0
0
0
0
0
0
0
0
0
0
0
0
0
0
0
0
0
0
0
0
0
0
0
0
0
0
0
0
0
0
0
0
0
0
0
0
0
0
0
283
882
1497
2066
2249
2456
2579
2572
2426
2369
2026
1704
1132
330
0
0
0
0
0
0
0
0
0
0
0
0
0
0
0
0
0
0
0
0
0
0
0
0
0
0
0
0
0
0
0
0
0
0
0
0
0
0
0
0
0
0
0
0
0
0
0
0
0
0
0
0
0
0
0
0
0
0
0
0
0
0
0
0
0
0
0
0
0
0
0
0
0
0
0
0
0
0
0
0
0
0
0
0
0
0
0
0
0
0
0
0
0
0
0
0
0
0
0
0
0
0
0
0
0
0
0
0
0
0
0
0
0
0
0
0
0
0
0
0
0
0
0
0
0
0
0
0
0
0
0
0
0
0
0
0
0
0
0
0
0
0
0
0
0
0
0
0
0
0
0
0
0
0
0
0
0
0
0
0
0
0
0
0
0
0
0
0
0
0
0
0
0
0
0
0
0
0
0
0
0
0
0
0
0
0
0
0
0
0
0
0
0
0
0
0
0
0
0
0
0
0
0
0
0
0
0
0
0
0
0
0
0
0
0
0
0
0
0
0
0
0
0
0
0
0
0
0
0
0
0
0
0
0
0
0
0
0
0
0
0
0
0
0
0
0
0
0
0
0
0
0
0
0
0
0
0
0
0
0
0
0
0
0
0
0
0
0
0
0
0
0
0
0
0
0
0
0
0
0
0
0
0
0
0
0
0
0
0
0
0
0
0
0
0
0
0
0
0
0
0
0
0
0
0
0
0
0
0
0
0
0
0
0
0
0
0
0
0
0
0
0
0
0
0
0
0
0
0
0
0
0
0
0
0
0
0
0
0
0
0
0
0
0
0
0
0
0
0
0
0
0
0
0
0
0
0
0
0
0
0
0
0
0
0
0
0
0
0
0
0
0
0
0
0
0
0
0
0
0
0
0
0
0
0
0
0
0
0
0
0
0
0
0
0
0
0
0
0
0
0
0
0
0
0
0
0
0
0
0
0
0
0
0
0
0
0
0
0
0
0
0
0
0
0
0
0
0
0
0
0
0
0
0
0
0
0
0
0
0
0
0
0
0
0
0
0
0
0
0
0
0
0
0
0
0
0
0
0
0
0
0
0
0
0
0
0
0
0
0
0
0
0
0
0
0
0
0
0
0
0
0
0
0
0
0
0
0
0
0
0
0
0
0
0
0
0
0
0
0
0
0
0
0
0
0
0
0
0
0
0
0
0
0
0
0
0
0
0
0
0
0
0
0
0
0
0
0
0
0
0
0
0
0
0
0
0
0
0
0
0
0
0
-0.01225112032469112
