./RotationSim r
0
0
0
0
0
0
0
0
0
0
0
0
0
0
0
0
0
0
0
0
0
0
0
0
0
0
0
0
0
0
0
0
0
0
0
0
0
0
0
0
0
0
0
0
0
0
0
0
0
0
0
0
0
0
0
0
0
0
0
0
0
0
0
0
0
0
0
0
0
0
0
0
0
0
0
0
0
0
0
0
0
0
0
0
0
0
0
0
0
0
0
0
0
0
0
0
0
0
0
0
0
0
0
0
0
0
0
0
0
0
0
0
0
0
0
0
0
0
0
0
0
0
0
0
0
0
0
0
0
0
0
0
0
0
0
0
0
0
0
0
0
0
0
0
0
0
0
0
0
0
0
0
0
0
0
0
0
0
0
0
0
0
0
0
0
0
0
0
0
0
0
0
0
0
0
0
0
0
0
0
0
0
0
0
0
0
0
0
0
0
0
0
0
0
0
0
0
0
0
0
0
0
0
0
0
0
0
0
0
0
0
0
0
0
0
0
0
0
0
0
0
0
0
0
0
0
0
0
0
0
0
0
0
0
0
0
0
0
0
0
0
0
0
0
0
0
0
0
0
0
0
0
0
0
0
0
0
0
0
0
0
0
0
0
0
0
0
0
0
0
0
0
0
0
0
0
0
0
0
0
0
0
0
0
0
0
0
0
0
0
0
0
0
0
0
0
0
0
0
0
0
0
0
0
0
0
0
0
0
0
0
0
0
0
0
0
0
0
0
0
0
0
0
0
0
0
0
0
0
0
0
0
0
0
0
0
0
0
0
0
0
0
0
0
0
0
0
0
0
0
0
0
0
0
0
0
0
0
0
0
0
0
0
0
0
0
0
0
0
0
0
0
0
0
0
0
0
0
0
0
0
0
0
0
0
0
0
0
0
0
0
0
0
0
0
0
0
0
0
0
0
0
0
0
0
0
0
0
0
0
0
0
0
0
0
0
0
0
0
0
0
0
0
0
0
0
0
0
0
0
0
0
0
0
0
0
0
0
0
0
0
0
0
0
0
0
0
0
0
0
0
0
0
0
0
0
0
0
0
0
0
0
0
0
0
0
0
0
0
0
0
0
0
0
0
0
0
0
0
0
0
0
0
0
0
0
0
0
0
0
0
0
0
0
0
0
0
0
0
0
0
0
0
0
0
0
0
0
0
0
0
0
0
0
0
0
0
0
0
0
0
0
0
0
0
0
0
0
0
0
0
0
0
0
0
0
0
0
0
0
0
0
0
60
233
457
614
755
863
937
946
970
875
799
576
364
116
0
0
0
0
0
0
0
0
0
0
0
0
0
0
0
0
0
0
0
0
0
0
0
0
0
0
0
0
0
0
0
0
0
0
0
0
0
0
0
0
0
0
0
0
0
0
0
0
0
0
0
0
0
0
0
0
0
0
0
0
0
0
0
0
0
0
0
0
0
0
0
0
0
0
0
0
0
0
0
0
0
48
379
739
1095
1335
1494
1664
1616
1535
1635
1595
1462
1637
1583
1615
1709
1729
1941
1922
1778
1447
1072
611
88
0
0
0
0
0
0
0
0
0
0
0
0
0
0
0
0
0
0
0
0
0
0
0
0
0
0
0
0
0
0
0
0
0
0
0
0
0
0
0
0
0
0
0
0
0
0
0
0
0
0
0
0
0
0
0
0
0
0
0
0
0
0
0
0
0
0
0
0
0
0
0
0
0
120
564
1053
1438
1476
1403
1390
1378
1367
1420
1381
1258
1303
1255
1330
1367
1294
1337
1318
1437
1423
1506
1532
1658
1769
1928
2033
1601
912
251
0
0
0
0
0
0
0
0
0
0
0
0
0
0
0
0
0
0
0
0
0
0
0
0
0
0
0
0
0
0
0
0
0
0
0
0
0
0
0
0
0
0
0
0
0
0
0
0
0
0
0
0
0
0
0
0
0
0
0
0
0
0
0
0
0
0
0
44
537
997
1352
1387
1369
1236
1269
1214
1096
1121
1117
1118
1011
1000
1070
981
1058
1022
1035
1059
988
1001
1069
1119
1197
1267
1296
1424
1668
1755
1940
2118
1693
979
90
0
0
0
0
0
0
0
0
0
0
0
0
0
0
0
0
0
0
0
0
0
0
0
0
0
0
0
0
0
0
0
0
0
0
0
0
0
0
0
0
0
0
0
0
0
0
0
0
0
0
0
0
0
0
0
0
0
0
0
0
0
0
115
601
1192
1328
1302
1239
1113
1106
1086
1039
985
926
901
828
842
800
741
721
714
655
650
699
736
738
801
830
807
909
896
943
1025
1124
1276
1489
1604
1799
2075
2178
1304
174
0
0
0
0
0
0
0
0
0
0
0
0
0
0
0
0
0
0
0
0
0
0
0
0
0
0
0
0
0
0
0
0
0
0
0
0
0
0
0
0
0
0
0
0
0
0
0
0
0
0
0
0
0
0
0
0
0
0
78
703
1245
1283
1264
1140
1039
954
929
950
934
897
752
663
712
621
607
592
604
529
537
558
562
552
525
587
544
588
640
561
656
715
725
828
940
1051
1162
1299
1538
1707
1946
2114
1408
184
0
0
0
0
0
0
0
0
0
0
0
0
0
0
0
0
0
0
0
0
0
0
0
0
0
0
0
0
0
0
0
0
0
0
0
0
0
0
0
0
0
0
0
0
0
0
0
0
0
0
0
0
0
0
18
506
1160
1265
1076
990
1006
990
850
864
854
797
660
626
647
613
550
508
421
456
416
428
386
362
357
344
411
415
446
439
448
472
479
567
625
672
604
685
749
930
1057
1247
1467
1697
1981
2163
1195
28
0
0
0
0
0
0
0
0
0
0
0
0
0
0
0
0
0
0
0
0
0
0
0
0
0
0
0
0
0
0
0
0
0
0
0
0
0
0
0
0
0
0
0
0
0
0
0
0
0
0
0
253
913
1181
1151
1085
1009
957
771
758
876
782
721
596
582
487
456
405
373
365
330
311
272
283
324
290
339
315
259
235
313
271
288
311
330
354
356
417
478
546
613
644
762
798
1001
1213
1540
1888
2148
2057
564
0
0
0
0
0
0
0
0
0
0
0
0
0
0
0
0
0
0
0
0
0
0
0
0
0
0
0
0
0
0
0
0
0
0
0
0
0
0
0
0
0
0
0
0
0
0
0
0
12
618
1192
1051
1101
1028
922
823
771
866
841
630
529
524
478
446
374
330
330
309
288
290
288
358
355
284
362
320
297
313
297
293
291
287
274
314
331
345
327
364
389
465
559
519
603
725
870
986
1313
1714
1890
2376
1343
57
0
0
0
0
0
0
0
0
0
0
0
0
0
0
0
0
0
0
0
0
0
0
0
0
0
0
0
0
0
0
0
0
0
0
0
0
0
0
0
0
0
0
0
0
0
113
902
1076
996
1035
938
791
785
738
790
670
502
491
483
442
415
301
280
283
272
281
287
321
320
271
254
274
224
235
257
243
257
264
259
251
260
250
241
238
263
278
286
305
362
399
515
588
690
786
802
1093
1445
1807
2197
2061
331
0
0
0
0
0
0
0
0
0
0
0
0
0
0
0
0
0
0
0
0
0
0
0
0
0
0
0
0
0
0
0
0
0
0
0
0
0
0
0
0
0
0
0
276
996
1092
928
1032
793
804
764
734
720
575
527
448
405
344
305
235
257
288
259
278
289
310
248
225
228
237
250
257
237
201
240
184
186
206
195
192
201
191
201
217
189
186
216
240
333
334
395
477
595
663
766
1014
1205
1607
2106
2462
682
0
0
0
0
0
0
0
0
0
0
0
0
0
0
0
0
0
0
0
0
0
0
0
0
0
0
0
0
0
0
0
0
0
0
0
0
0
0
0
0
0
399
1100
1033
971
944
756
698
738
631
588
564
500
388
335
280
232
257
278
255
284
270
283
253
238
259
314
326
350
338
362
330
350
337
315
324
312
283
300
245
224
198
177
193
177
188
183
204
250
314
396
433
507
596
668
873
1194
1373
1915
2546
1080
0
0
0
0
0
0
0
0
0
0
0
0
0
0
0
0
0
0
0
0
0
0
0
0
0
0
0
0
0
0
0
0
0
0
0
0
0
0
0
495
1084
917
906
966
748
697
683
608
633
511
393
392
357
291
282
317
296
270
264
284
275
324
413
460
470
477
510
549
635
650
673
645
663
700
708
627
523
457
378
415
345
309
250
214
205
176
173
183
187
224
320
440
504
559
612
870
1090
1347
1795
2562
1398
0
0
0
0
0
0
0
0
0
0
0
0
0
0
0
0
0
0
0
0
0
0
0
0
0
0
0
0
0
0
0
0
0
0
0
0
0
514
966
984
911
865
726
686
661
619
559
464
420
345
298
270
276
281
308
292
352
343
385
491
485
569
672
654
700
770
833
755
771
806
812
841
864
778
839
876
859
804
645
571
443
332
277
282
197
178
174
185
192
202
240
337
430
518
552
851
957
1389
1753
2533
1510
0
0
0
0
0
0
0
0
0
0
0
0
0
0
0
0
0
0
0
0
0
0
0
0
0
0
0
0
0
0
0
0
0
0
0
408
902
907
922
774
699
721
649
571
522
480
431
297
304
298
281
354
296
300
363
416
454
512
564
591
702
738
857
833
837
899
906
980
1012
939
974
989
963
996
991
932
955
901
916
851
696
533
388
293
198
188
155
187
181
176
213
288
429
537
528
780
876
1354
1710
2585
1414
0
0
0
0
0
0
0
0
0
0
0
0
0
0
0
0
0
0
0
0
0
0
0
0
0
0
0
0
0
0
0
0
0
343
925
901
898
777
684
676
658
602
505
514
375
318
350
351
313
305
311
375
419
437
484
570
682
717
800
856
780
790
832
891
881
837
822
815
792
852
897
891
986
959
921
946
1062
1124
1015
995
876
810
531
388
303
186
182
159
167
159
219
248
356
491
510
666
895
1347
1834
2638
1128
0
0
0
0
0
0
0
0
0
0
0
0
0
0
0
0
0
0
0
0
0
0
0
0
0
0
0
0
0
0
0
220
910
906
890
798
678
691
677
527
475
490
393
357
327
341
341
308
335
311
388
452
622
659
727
758
862
866
834
794
789
787
782
799
811
903
851
842
799
735
724
790
781
860
880
889
953
939
1072
1056
1033
1028
823
540
388
248
206
146
158
169
199
242
330
468
542
690
925
1321
1877
2603
828
0
0
0
0
0
0
0
0
0
0
0
0
0
0
0
0
0
0
0
0
0
0
0
0
0
0
0
0
0
84
800
907
821
816
675
655
644
550
462
455
438
375
309
370
314
321
330
361
494
609
693
699
748
880
836
809
734
684
711
805
771
727
697
623
607
571
582
642
701
752
741
714
769
863
829
800
810
825
962
1026
1153
1119
980
719
480
283
219
210
143
165
203
248
308
471
532
688
948
1341
1995
2701
423
0
0
0
0
0
0
0
0
0
0
0
0
0
0
0
0
0
0
0
0
0
0
0
0
0
0
0
12
622
910
834
832
667
691
727
520
457
467
414
340
303
319
327
351
380
343
496
656
642
689
696
757
772
696
643
660
719
738
680
646
639
656
635
617
600
539
533
541
543
545
598
680
703
745
863
911
904
965
868
937
1012
1199
1008
971
593
301
202
224
170
120
143
289
287
461
529
721
1029
1555
2169
2429
50
0
0
0
0
0
0
0
0
0
0
0
0
0
0
0
0
0
0
0
0
0
0
0
0
0
0
415
852
877
776
689
657
737
539
501
428
452
381
345
315
295
329
417
353
531
631
583
682
644
772
704
617
642
657
639
598
564
559
570
497
495
469
455
447
460
426
489
488
527
547
523
508
561
573
632
781
859
832
923
1004
1027
1184
1049
1055
661
395
232
172
133
147
160
274
303
470
548
784
1136
1635
2378
1639
0
0
0
0
0
0
0
0
0
0
0
0
0
0
0
0
0
0
0
0
0
0
0
0
0
156
844
822
790
770
699
659
592
508
428
473
369
367
304
316
353
327
377
554
608
606
668
670
793
663
603
621
621
597
685
531
561
581
488
386
419
391
373
398
389
459
444
552
464
488
494
460
437
419
378
545
531
729
742
782
954
961
1143
1227
1034
714
438
216
194
118
103
158
263
362
408
598
844
1234
1873
2832
772
0
0
0
0
0
0
0
0
0
0
0
0
0
0
0
0
0
0
0
0
0
0
0
8
615
840
781
700
700
702
625
502
433
466
411
416
313
277
384
312
391
543
622
620
657
711
759
674
610
588
634
596
645
531
540
456
411
356
398
367
372
450
393
431
362
344
331
317
393
447
419
498
473
495
477
526
612
730
758
828
811
915
1188
1250
1175
737
440
260
152
120
118
145
293
353
445
641
971
1388
2070
2560
48
0
0
0
0
0
0
0
0
0
0
0
0
0
0
0
0
0
0
0
0
0
0
312
861
849
742
771
643
573
582
489
439
451
423
357
261
344
335
425
509
575
617
560
698
767
632
600
521
568
649
576
528
552
377
482
430
463
438
513
446
401
315
295
310
375
396
402
354
364
450
389
442
473
434
461
510
460
640
743
882
837
901
1063
1291
1166
780
443
272
139
136
126
186
358
344
519
721
1174
1582
2601
1474
0
0
0
0
0
0
0
0
0
0
0
0
0
0
0
0
0
0
0
0
0
46
744
823
728
756
680
607
644
501
418
465
437
373
252
322
351
465
477
532
638
612
698
711
624
538
583
617
588
557
476
425
404
479
454
461
389
380
389
405
377
469
557
522
469
464
443
437
406
308
320
298
351
368
390
429
477
508
627
710
807
838
845
1119
1235
1191
740
389
259
183
108
139
227
346
365
517
943
1328
1822
2817
275
0
0
0
0
0
0
0
0
0
0
0
0
0
0
0
0
0
0
0
0
417
704
753
772
734
605
633
590
356
443
467
413
302
314
365
357
474
526
588
591
685
666
657
555
637
574
622
544
437
444
450
477
504
474
406
368
514
551
542
606
618
642
537
557
529
471
494
394
436
375
332
326
321
286
385
394
438
511
685
769
727
799
1013
1167
1231
1129
618
407
215
156
122
153
269
322
424
617
1025
1550
2322
1893
0
0
0
0
0
0
0
0
0
0
0
0
0
0
0
0
0
0
0
59
719
773
671
728
644
560
553
500
378
479
407
325
277
385
342
442
505
572
611
670
697
658
613
580
586
562
530
422
398
472
477
570
498
436
501
558
476
550
704
649
594
564
675
799
668
657
716
591
588
483
462
386
338
356
326
255
373
383
390
546
706
779
784
1150
1172
1252
1050
585
337
198
155
111
217
281
369
452
819
1288
1884
2910
330
0
0
0
0
0
0
0
0
0
0
0
0
0
0
0
0
0
0
328
760
740
706
689
519
633
520
433
458
430
393
310
304
347
437
472
512
599
722
657
651
557
574
520
582
547
472
410
483
459
522
455
451
476
537
484
571
632
589
603
754
746
751
664
636
664
646
729
693
703
670
687
490
380
284
284
286
300
325
352
556
688
802
867
1203
1276
1315
883
502
294
196
149
155
247
335
352
599
930
1593
2402
1747
0
0
0
0
0
0
0
0
0
0
0
0
0
0
0
0
0
19
677
801
677
750
566
580
569
524
430
473
341
374
302
370
427
454
427
572
678
693
593
621
523
554
548
520
496
374
488
442
477
443
543
535
550
477
548
635
557
559
702
762
724
713
753
810
792
796
750
700
712
602
646
589
541
413
292
296
287
285
296
431
548
717
728
864
1156
1304
1212
756
345
240
152
126
150
294
301
483
765
1261
1972
3014
133
0
0
0
0
0
0
0
0
0
0
0
0
0
0
0
0
257
695
688
711
729
498
580
520
429
398
428
353
363
341
380
463
471
465
619
686
608
627
566
575
533
553
456
357
496
448
461
511
647
574
565
484
535
669
649
745
737
789
736
685
641
715
828
854
777
662
708
851
870
755
748
621
566
440
387
367
236
283
316
396
503
663
821
978
1325
1408
940
577
283
201
160
136
221
275
422
560
976
1636
2620
1401
0
0
0
0
0
0
0
0
0
0
0
0
0
0
0
0
512
712
622
684
625
543
605
498
476
368
350
360
311
326
426
427
441
502
673
618
593
527
535
537
561
476
390
478
483
453
579
580
602
542
535
564
741
768
768
747
834
759
660
640
691
728
835
714
869
732
733
768
777
726
758
743
637
618
501
461
356
278
350
303
371
564
752
867
1086
1360
1213
794
373
300
189
156
167
252
283
461
787
1272
2261
2504
0
0
0
0
0
0
0
0
0
0
0
0
0
0
0
74
728
693
673
769
571
563
563
509
445
401
361
361
321
424
385
493
451
705
583
610
651
593
569
470
505
424
482
525
442
538
542
588
498
573
600
715
641
622
673
590
545
571
547
602
671
519
531
704
705
791
826
772
825
797
757
764
879
634
548
550
441
325
341
262
335
433
606
762
1072
1251
1241
1222
561
293
198
167
126
214
329
326
593
1031
1787
3048
443
0
0
0
0
0
0
0
0
0
0
0
0
0
0
304
667
687
720
668
534
549
545
421
381
379
383
316
403
394
443
500
519
654
532
615
602
542
504
511
452
460
526
505
476
559
617
522
705
604
651
584
671
608
539
455
690
605
551
547
470
564
561
562
615
756
833
825
788
759
812
841
850
902
525
498
514
348
414
334
287
327
462
736
813
1086
1337
1330
782
359
227
180
166
184
316
301
546
929
1521
2569
1593
0
0
0
0
0
0
0
0
0
0
0
0
0
0
491
645
652
711
667
490
542
480
484
369
403
338
356
396
419
442
502
614
643
596
673
598
537
496
501
440
479
589
444
491
550
584
689
631
596
688
643
599
633
513
631
606
569
616
619
637
540
458
433
549
645
560
725
821
757
920
888
883
1016
870
732
411
516
313
422
324
323
376
595
758
1046
1191
1382
1162
512
213
176
136
166
288
235
470
819
1305
2220
2517
0
0
0
0
0
0
0
0
0
0
0
0
0
53
613
709
606
664
581
566
528
496
470
331
393
344
374
372
410
502
546
702
553
590
627
535
508
464
575
466
564
514
500
488
613
608
544
563
597
520
574
583
525
562
634
551
521
543
536
436
477
497
467
468
526
736
561
740
633
770
888
868
895
943
990
659
493
351
330
333
320
383
397
744
732
1248
1319
1279
838
272
161
151
166
228
239
394
619
1078
1825
3101
197
0
0
0
0
0
0
0
0
0
0
0
0
231
672
642
687
669
521
561
486
541
417
373
470
349
413
356
408
528
562
663
530
631
624
521
469
544
459
491
570
515
452
646
583
606
627
631
503
621
638
519
567
577
545
548
515
581
450
552
542
497
526
572
417
467
539
570
471
560
675
904
1022
849
940
967
604
425
349
301
257
417
364
535
707
1052
1364
1341
1118
379
170
162
159
214
229
275
572
978
1524
2810
1033
0
0
0
0
0
0
0
0
0
0
0
0
315
639
629
678
591
545
546
503
494
433
366
427
358
389
389
499
554
526
601
588
593
614
544
462
563
449
473
590
527
498
580
577
578
561
562
552
644
651
531
740
584
492
478
448
469
387
481
602
593
559
523
446
505
319
468
539
539
618
817
874
985
962
813
835
514
453
315
241
389
409
462
605
941
1274
1368
1267
480
247
161
180
167
224
263
566
879
1305
2485
1750
0
0
0
0
0
0
0
0
0
0
0
0
410
703
578
652
595
485
514
532
488
382
325
370
441
380
395
462
558
579
555
682
511
528
513
534
504
428
538
590
477
588
570
611
548
590
642
603
729
490
677
588
356
451
514
570
439
478
545
568
530
483
505
473
313
333
355
346
434
586
700
697
1116
1078
993
879
656
470
377
223
367
348
445
573
736
1233
1309
1371
765
271
166
183
185
230
236
435
805
1178
2212
2482
0
0
0
0
0
0
0
0
0
0
0
0
519
655
564
653
534
564
455
500
449
421
342
421
415
372
431
468
512
583
532
588
500
589
449
495
507
453
538
573
582
526
554
581
496
559
545
576
683
568
702
495
624
573
454
482
520
544
353
505
399
443
477
444
553
439
327
352
439
316
744
715
863
959
966
905
710
570
367
312
290
354
393
534
688
1036
1366
1484
916
318
205
193
196
205
250
406
646
1114
1976
3049
0
0
0
0
0
0
0
0
0
0
0
24
616
563
635
634
548
555
410
503
436
361
412
370
443
410
398
490
496
641
527
615
469
547
478
460
533
437
527
580
555
472
653
510
558
572
656
757
538
408
575
505
599
507
516
374
656
528
470
575
507
448
426
522
411
468
494
293
395
319
383
542
604
911
935
1013
841
505
513
351
257
431
419
405
649
913
1259
1414
1089
508
186
196
189
168
238
395
659
1027
1782
3072
230
0
0
0
0
0
0
0
0
0
0
122
628
570
632
539
528
569
480
481
442
357
371
380
483
367
402
519
494
539
599
585
515
479
544
518
469
417
599
546
619
463
662
457
593
589
689
582
437
482
569
590
512
487
548
553
551
702
710
602
581
604
538
447
499
557
466
389
443
371
457
505
647
754
923
1044
888
595
498
356
230
384
360
436
691
859
1167
1369
1222
542
236
166
230
155
269
349
595
935
1570
2851
807
0
0
0
0
0
0
0
0
0
0
192
560
563
655
548
444
528
474
489
436
357
338
395
440
467
382
519
547
554
531
518
539
463
521
516
465
474
650
548
570
506
551
557
487
642
620
494
452
531
530
588
401
535
758
643
541
638
567
585
514
726
784
532
805
717
482
318
305
459
307
575
727
793
843
1043
950
763
441
367
346
340
306
416
686
776
1160
1356
1269
699
260
175
214
201
219
362
515
793
1443
2735
1215
0
0
0
0
0
0
0
0
0
0
254
597
567
601
580
506
536
434
473
484
349
349
387
471
383
393
520
554
544
569
536
475
483
499
514
500
538
548
486
522
607
648
577
472
645
489
522
511
507
537
549
559
626
544
531
548
645
619
774
1060
861
644
716
691
781
480
274
458
439
369
363
533
686
741
958
1060
927
590
449
341
359
302
353
598
787
1083
1402
1305
764
374
183
191
205
198
335
470
866
1372
2680
1431
0
0
0
0
0
0
0
0
0
0
270
579
607
607
579
555
514
420
488
472
348
375
376
477
411
397
519
530
585
578
446
473
530
563
489
561
468
573
521
581
534
546
533
460
773
510
605
391
501
544
595
670
805
601
583
557
682
585
712
1173
1110
888
950
817
679
542
550
678
394
459
354
598
691
794
886
949
936
679
498
260
402
320
369
534
764
975
1370
1327
807
401
222
156
241
210
336
435
802
1337
2667
1686
0
0
0
0
0
0
0
0
0
0
302
610
541
611
599
587
524
425
438
424
390
344
386
464
439
440
563
521
543
514
514
456
534
531
472
540
463
512
594
586
540
583
487
642
714
538
476
534
602
566
573
679
610
655
639
490
520
572
604
953
847
1040
764
842
717
811
553
387
313
429
442
591
641
763
923
961
925
702
477
294
356
369
292
537
773
948
1284
1337
870
400
249
149
238
198
283
455
856
1267
2350
1920
0
0
0
0
0
0
0
0
0
0
299
589
586
613
589
575
493
426
424
467
378
344
367
518
409
448
591
445
502
526
450
505
506
499
567
504
481
535
584
534
554
556
537
549
608
602
460
701
732
431
709
570
473
518
533
392
483
527
647
565
849
769
1047
1056
1014
715
665
448
371
404
348
462
690
705
955
930
908
770
548
312
217
414
312
520
701
993
1289
1319
919
375
218
191
221
210
323
478
788
1247
2218
2008
0
0
0
0
0
0
0
0
0
0
295
584
591
569
555
547
525
416
453
464
381
349
363
478
437
432
566
559
525
539
465
487
509
506
583
493
480
528
551
535
558
439
532
607
619
521
485
687
746
409
678
630
556
637
671
711
643
678
429
574
791
656
814
921
999
695
738
398
361
335
463
441
639
730
831
867
1012
775
453
348
276
360
369
513
702
894
1318
1317
930
379
256
183
211
238
237
475
847
1331
2198
2104
0
0
0
0
0
0
0
0
0
0
309
553
626
625
549
579
533
456
415
401
409
337
407
523
409
410
507
514
523
495
473
509
484
531
591
505
445
501
566
505
523
431
579
644
589
532
469
812
799
601
514
522
477
520
535
540
565
710
527
481
610
742
761
961
1163
889
619
393
223
334
388
545
578
937
846
865
1027
624
514
344
256
316
488
511
698
1005
1276
1424
840
372
210
168
222
226
298
440
779
1373
2262
1913
0
0
0
0
0
0
0
0
0
0
261
577
566
615
510
570
496
457
418
427
389
331
364
479
416
494
461
503
507
529
512
478
556
524
559
523
492
507
609
498
546
487
505
568
578
575
586
649
701
678
463
556
511
534
450
449
194
541
570
517
520
784
940
876
825
635
563
439
272
298
411
558
800
982
728
984
1026
633
499
376
262
327
453
464
744
985
1160
1533
864
338
203
176
247
191
271
466
804
1338
2436
1806
0
0
0
0
0
0
0
0
0
0
231
540
600
604
532
512
519
429
433
454
365
359
398
431
429
467
472
513
433
514
570
434
567
510
550
512
492
527
621
520
525
562
511
578
570
551
568
656
600
623
708
546
514
588
476
395
335
253
255
474
564
655
825
681
726
545
571
519
305
352
440
507
681
879
773
977
1172
592
419
338
220
314
401
482
622
1130
1203
1487
795
287
219
182
188
191
315
461
824
1558
2547
1594
0
0
0
0
0
0
0
0
0
0
202
532
617
538
512
517
568
435
369
439
430
407
380
459
466
445
479
479
524
569
465
421
495
539
476
560
525
482
602
532
499
510
581
539
469
520
512
602
480
600
812
688
501
512
559
490
406
384
342
366
288
674
960
849
426
712
579
423
246
291
460
556
803
946
795
1093
934
539
406
303
251
322
405
512
717
1149
1229
1375
681
297
230
119
257
244
277
504
764
1606
2730
1172
0
0
0
0
0
0
0
0
0
0
119
525
576
545
563
549
496
465
371
406
375
391
412
436
457
441
513
503
506
541
459
494
560
501
533
476
494
554
463
551
615
523
552
536
534
464
502
642
514
663
701
704
605
548
538
475
536
505
415
553
521
794
834
867
537
425
411
296
245
375
576
534
799
812
893
1084
739
514
429
273
291
345
442
605
756
1195
1412
1339
575
270
210
181
203
278
306
532
893
1682
2936
730
0
0
0
0
0
0
0
0
0
0
27
581
547
542
549
559
500
489
374
414
393
437
367
394
442
402
540
488
473
521
509
460
517
468
539
543
507
514
523
546
553
563
433
530
552
494
551
639
597
583
530
736
533
597
562
487
409
435
557
558
456
784
551
619
628
507
411
429
451
413
565
669
727
968
845
1063
680
502
393
331
346
373
436
582
917
1114
1376
1257
453
263
189
173
182
233
369
537
965
1842
3329
215
0
0
0
0
0
0
0
0
0
0
0
481
539
555
524
540
520
489
397
406
437
426
380
353
563
382
522
481
470
594
480
457
495
519
558
515
576
517
591
558
500
632
481
490
536
605
529
536
710
581
508
719
732
598
568
524
560
498
557
541
554
663
580
717
673
568
476
519
551
498
461
653
984
916
948
952
577
468
363
289
361
379
508
599
983
1160
1440
1130
449
264
137
202
192
274
384
607
1094
1825
3094
0
0
0
0
0
0
0
0
0
0
0
0
404
507
507
525
537
524
516
375
419
399
356
389
343
498
404
468
452
529
530
468
466
458
542
441
522
564
504
607
456
553
551
582
491
541
503
544
593
624
717
606
605
582
593
718
762
624
682
638
742
635
684
842
698
554
521
539
531
597
516
569
745
881
1002
972
888
581
473
354
294
377
349
557
693
1036
1215
1275
1015
354
214
147
179
241
318
385
714
1192
2226
2676
0
0
0
0
0
0
0
0
0
0
0
0
269
553
534
553
520
536
530
425
431
357
355
426
374
405
444
430
479
486
519
482
485
537
500
545
528
545
534
615
488
562
510
466
579
616
577
579
508
610
544
670
561
515
657
676
924
773
719
622
654
601
936
828
684
573
494
510
522
514
554
679
817
969
995
885
617
564
387
345
356
378
406
614
793
1084
1345
1342
770
271
165
177
144
274
307
450
766
1411
2482
1928
0
0
0
0
0
0
0
0
0
0
0
0
159
538
589
511
535
579
516
439
415
401
399
431
363
432
473
406
477
447
589
522
417
474
461
492
542
607
464
594
502
598
469
465
566
525
647
561
598
605
635
507
460
505
636
695
691
831
756
785
838
750
639
670
501
564
572
607
515
605
637
696
848
1005
890
802
598
472
393
410
332
375
425
684
822
1300
1241
1280
591
262
223
147
155
298
358
462
857
1705
2758
1085
0
0
0
0
0
0
0
0
0
0
0
0
16
553
584
551
604
533
522
466
397
432
373
384
374
370
432
391
451
476
539
521
501
509
445
512
497
549
535
533
569
514
643
431
525
549
691
554
499
553
565
598
642
609
590
611
608
584
709
827
671
711
626
515
591
556
587
457
557
664
746
854
912
1001
797
687
493
429
345
357
379
424
443
766
1064
1212
1345
1021
356
229
200
171
190
281
431
556
1055
1897
3117
141
0
0
0
0
0
0
0
0
0
0
0
0
0
379
568
559
531
523
572
490
414
417
418
360
367
378
419
432
484
480
487
518
519
430
448
561
445
570
517
534
587
596
544
509
425
569
507
540
590
538
603
581
558
634
610
666
610
609
537
566
551
585
554
499
457
398
536
637
637
665
825
863
861
794
742
559
383
369
362
338
357
398
674
936
1101
1225
1392
748
288
184
197
164
257
322
441
578
1375
2130
2550
0
0
0
0
0
0
0
0
0
0
0
0
0
0
213
576
502
492
551
532
513
453
429
411
352
384
385
442
415
427
511
444
534
513
457
495
407
499
535
530
476
585
634
566
584
505
542
545
460
518
549
482
498
507
539
579
643
646
571
672
621
597
583
555
494
469
550
640
665
721
762
875
793
778
757
692
401
411
349
365
373
423
530
734
1057
1214
1269
1158
449
203
202
174
178
281
322
433
848
1568
2588
1515
0
0
0
0
0
0
0
0
0
0
0
0
0
0
47
538
532
506
520
514
556
435
476
367
444
372
391
413
429
423
499
472
503
521
476
464
503
466
510
516
527
527
520
606
605
508
515
482
552
421
519
665
651
467
450
443
571
488
589
490
426
460
454
528
430
537
525
582
607
720
796
837
736
849
751
547
321
343
337
397
424
444
662
878
1012
1331
1354
800
308
183
212
203
217
254
399
581
1009
1915
3124
430
0
0
0
0
0
0
0
0
0
0
0
0
0
0
0
433
494
532
592
487
524
487
468
419
422
394
356
393
449
413
400
499
464
512
485
500
514
467
466
517
546
460
554
502
642
545
472
490
514
538
446
469
535
501
401
434
353
454
431
439
399
416
476
429
439
513
599
615
638
793
888
710
807
764
591
388
411
412
388
484
400
484
819
904
1289
1326
1036
576
254
175
193
198
241
309
433
684
1277
2178
2520
0
0
0
0
0
0
0
0
0
0
0
0
0
0
0
0
200
524
516
490
577
481
515
405
442
391
407
386
350
440
476
419
509
517
509
465
466
501
613
417
525
538
537
478
550
529
631
567
624
478
536
493
531
549
388
448
479
547
495
465
461
488
549
537
494
575
498
582
725
798
811
885
722
662
554
444
409
426
381
402
360
437
681
901
1081
1283
1235
826
424
211
205
210
211
267
361
522
898
1704
2535
1501
0
0
0
0
0
0
0
0
0
0
0
0
0
0
0
0
22
550
510
543
588
432
503
456
431
387
440
382
359
403
425
392
465
520
520
509
416
493
474
525
420
514
530
495
574
515
505
693
502
549
674
589
522
571
508
505
523
468
518
504
482
605
555
571
594
562
656
735
814
778
765
697
596
532
486
392
397
353
356
364
391
594
878
976
1259
1335
1036
461
291
203
232
186
189
263
450
659
1253
2044
2885
137
0
0
0
0
0
0
0
0
0
0
0
0
0
0
0
0
0
321
507
537
508
538
487
495
473
463
363
402
331
374
441
402
441
474
497
491
457
495
438
526
495
473
558
494
513
571
554
561
687
522
513
622
624
531
605
553
409
544
578
518
497
497
534
579
682
782
772
841
823
806
758
509
524
503
419
399
362
386
421
470
581
752
982
1239
1235
1269
625
359
205
198
210
184
226
389
594
944
1588
2600
1650
0
0
0
0
0
0
0
0
0
0
0
0
0
0
0
0
0
0
52
580
532
580
550
488
437
491
434
397
376
408
339
383
407
394
503
466
449
555
436
526
490
452
502
445
624
482
519
614
571
576
644
591
551
618
595
640
615
570
622
594
692
729
702
717
721
846
913
766
730
776
635
482
578
485
399
408
402
380
423
478
583
711
884
1189
1181
1336
807
421
286
208
180
201
199
252
532
660
1228
1965
2847
276
0
0
0
0
0
0
0
0
0
0
0
0
0
0
0
0
0
0
0
333
528
532
518
511
484
466
490
472
375
430
386
301
395
412
411
457
472
525
471
504
461
494
471
562
487
530
521
542
627
582
546
564
550
589
628
708
704
687
590
667
684
681
676
843
866
795
792
695
555
656
576
586
521
443
413
360
348
439
471
535
715
836
1084
1209
1355
940
479
361
241
211
207
197
207
356
600
890
1600
2465
1822
0
0
0
0
0
0
0
0
0
0
0
0
0
0
0
0
0
0
0
0
42
592
523
600
470
532
460
465
472
433
343
394
332
351
376
414
390
489
481
530
511
521
452
478
487
477
494
494
468
489
612
572
638
565
649
629
648
665
785
778
685
729
761
754
789
778
792
666
651
602
512
462
631
430
431
380
399
437
524
573
716
780
920
1143
1239
973
495
411
306
186
236
191
212
267
480
681
1239
2075
2822
209
0
0
0
0
0
0
0
0
0
0
0
0
0
0
0
0
0
0
0
0
0
277
619
513
552
532
488
464
421
502
415
426
344
346
388
422
365
421
474
599
495
499
533
407
516
608
469
463
515
481
589
662
576
595
542
626
583
533
571
671
662
658
745
678
656
573
566
558
549
473
466
442
402
395
354
321
396
465
544
672
825
1054
1159
1250
1066
574
419
303
204
198
226
207
229
464
569
1039
1670
2632
1555
0
0
0
0
0
0
0
0
0
0
0
0
0
0
0
0
0
0
0
0
0
0
6
505
570
564
505
515
486
458
457
437
454
375
370
322
371
455
425
403
457
561
502
564
512
453
559
507
479
495
471
427
523
495
605
676
571
489
526
594
512
619
577
555
588
541
455
454
410
389
386
400
353
396
405
411
474
492
580
651
869
1064
1256
1250
1036
625
417
350
194
212
236
221
234
397
625
810
1396
2159
2718
72
0
0
0
0
0
0
0
0
0
0
0
0
0
0
0
0
0
0
0
0
0
0
0
121
607
545
546
515
528
457
438
505
444
436
422
321
311
375
455
411
476
458
533
482
610
508
442
497
593
492
463
469
514
510
471
494
677
528
501
493
532
468
482
522
507
523
479
409
484
441
426
447
448
437
458
427
466
591
658
819
1104
1138
1222
1087
649
398
301
241
190
231
184
260
300
495
710
1108
1775
2972
832
0
0
0
0
0
0
0
0
0
0
0
0
0
0
0
0
0
0
0
0
0
0
0
0
0
368
591
537
559
538
479
481
462
464
422
465
425
319
319
370
432
436
445
511
534
438
557
554
469
427
579
542
521
546
499
470
506
430
536
504
491
504
471
567
489
431
414
431
419
458
415
413
446
442
388
505
545
553
719
959
1094
1124
1149
1037
648
402
281
291
213
164
229
308
293
425
731
971
1555
2568
1893
0
0
0
0
0
0
0
0
0
0
0
0
0
0
0
0
0
0
0
0
0
0
0
0
0
0
8
557
517
540
523
501
454
482
442
481
442
457
377
330
325
385
415
484
417
484
546
467
595
609
483
399
562
554
530
508
526
494
587
462
479
516
525
572
492
452
438
425
429
430
402
434
425
410
425
567
706
644
874
1089
1195
1099
1180
974
617
347
311
274
225
190
258
249
292
442
589
961
1427
2331
2694
70
0
0
0
0
0
0
0
0
0
0
0
0
0
0
0
0
0
0
0
0
0
0
0
0
0
0
0
72
600
623
560
510
541
441
476
458
446
466
424
387
304
332
350
400
451
491
517
561
575
532
610
546
407
473
528
582
534
480
417
471
497
424
404
411
431
480
417
506
496
437
390
383
457
531
609
656
793
933
1036
1120
1179
1205
843
448
338
323
258
246
143
202
250
278
387
586
894
1216
2038
2940
404
0
0
0
0
0
0
0
0
0
0
0
0
0
0
0
0
0
0
0
0
0
0
0
0
0
0
0
0
0
179
717
597
559
540
536
466
527
449
455
429
446
434
344
362
384
380
460
475
513
529
541
503
555
679
510
443
509
526
555
581
529
484
509
556
556
515
530
487
438
454
533
609
646
780
761
896
881
1071
1123
1212
1145
990
682
476
372
286
238
225
137
257
307
331
356
516
814
1265
2019
2971
924
0
0
0
0
0
0
0
0
0
0
0
0
0
0
0
0
0
0
0
0
0
0
0
0
0
0
0
0
0
0
0
206
707
654
594
544
498
483
507
480
434
432
420
425
335
356
367
378
386
414
460
528
598
570
542
568
568
439
539
508
579
559
567
580
510
605
652
620
538
492
580
624
674
719
847
810
921
1159
1198
1162
1027
741
531
404
342
322
256
238
181
272
310
326
295
525
813
1171
1883
2940
1346
0
0
0
0
0
0
0
0
0
0
0
0
0
0
0
0
0
0
0
0
0
0
0
0
0
0
0
0
0
0
0
0
0
297
700
618
654
554
520
435
510
435
444
386
397
449
366
349
404
351
378
475
462
525
579
570
602
587
650
589
607
628
601
602
612
693
630
631
732
814
846
807
828
880
979
1075
1077
1138
1152
911
692
559
475
344
312
228
226
179
214
249
241
299
381
566
825
1189
1861
2712
1510
0
0
0
0
0
0
0
0
0
0
0
0
0
0
0
0
0
0
0
0
0
0
0
0
0
0
0
0
0
0
0
0
0
0
0
319
718
607
555
511
543
461
484
493
442
422
395
430
464
314
348
396
331
410
482
529
539
565
690
584
618
632
685
702
727
773
756
697
741
705
747
778
901
904
1040
995
966
920
786
707
585
442
353
234
231
246
256
215
185
208
266
376
428
595
818
1179
1909
2678
1763
0
0
0
0
0
0
0
0
0
0
0
0
0
0
0
0
0
0
0
0
0
0
0
0
0
0
0
0
0
0
0
0
0
0
0
0
0
342
729
636
621
542
510
460
452
447
456
497
359
396
427
364
313
383
392
397
403
460
477
522
590
532
641
700
684
694
750
836
919
861
929
967
991
906
978
900
831
727
610
521
503
309
244
237
210
235
196
172
188
193
291
420
413
613
869
1216
1852
2978
1634
0
0
0
0
0
0
0
0
0
0
0
0
0
0
0
0
0
0
0
0
0
0
0
0
0
0
0
0
0
0
0
0
0
0
0
0
0
0
0
261
739
622
660
544
521
494
452
470
416
496
419
335
465
419
356
366
382
389
355
440
420
447
477
439
479
503
540
570
523
576
680
708
657
623
577
514
506
466
439
343
251
280
221
208
227
193
166
194
191
285
403
483
465
645
908
1322
2071
2980
1332
0
0
0
0
0
0
0
0
0
0
0
0
0
0
0
0
0
0
0
0
0
0
0
0
0
0
0
0
0
0
0
0
0
0
0
0
0
0
0
0
0
203
751
699
666
563
601
490
490
530
442
483
439
330
371
452
381
372
371
364
408
428
439
382
445
470
478
490
433
443
441
410
408
353
370
320
302
319
307
259
290
236
237
267
245
212
192
242
286
329
400
475
519
820
1090
1533
2408
2823
888
0
0
0
0
0
0
0
0
0
0
0
0
0
0
0
0
0
0
0
0
0
0
0
0
0
0
0
0
0
0
0
0
0
0
0
0
0
0
0
0
0
0
0
91
633
822
687
628
614
603
514
432
452
515
450
402
347
369
401
366
380
398
322
349
365
339
330
319
344
348
365
317
329
348
382
418
391
377
370
287
293
278
252
295
323
276
299
314
357
341
414
598
705
953
1340
1884
2597
2630
387
0
0
0
0
0
0
0
0
0
0
0
0
0
0
0
0
0
0
0
0
0
0
0
0
0
0
0
0
0
0
0
0
0
0
0
0
0
0
0
0
0
0
0
0
0
17
452
832
764
576
592
570
578
549
526
489
498
414
371
342
428
356
412
431
347
349
357
343
341
284
322
282
331
358
349
312
283
277
293
263
229
255
231
263
250
217
262
298
354
388
487
657
807
1089
1469
2128
2790
1783
57
0
0
0
0
0
0
0
0
0
0
0
0
0
0
0
0
0
0
0
0
0
0
0
0
0
0
0
0
0
0
0
0
0
0
0
0
0
0
0
0
0
0
0
0
0
0
0
0
181
780
881
690
655
598
624
531
554
533
503
517
484
394
421
396
356
390
409
373
397
377
404
333
288
279
256
252
280
262
274
293
259
287
275
246
302
276
367
399
438
538
706
799
1063
1401
1894
2454
2479
780
0
0
0
0
0
0
0
0
0
0
0
0
0
0
0
0
0
0
0
0
0
0
0
0
0
0
0
0
0
0
0
0
0
0
0
0
0
0
0
0
0
0
0
0
0
0
0
0
0
0
0
12
449
940
882
733
675
623
529
586
541
561
479
424
456
497
508
440
405
382
388
425
431
446
381
374
355
293
293
251
255
224
255
310
331
410
380
416
466
546
693
864
1122
1235
1637
2231
2752
1496
60
0
0
0
0
0
0
0
0
0
0
0
0
0
0
0
0
0
0
0
0
0
0
0
0
0
0
0
0
0
0
0
0
0
0
0
0
0
0
0
0
0
0
0
0
0
0
0
0
0
0
0
0
0
0
96
660
1115
1015
731
724
675
642
646
583
631
534
477
412
461
433
426
409
428
375
386
408
417
412
420
342
368
386
408
453
422
501
514
553
626
772
988
973
1346
1690
2247
2829
1860
291
0
0
0
0
0
0
0
0
0
0
0
0
0
0
0
0
0
0
0
0
0
0
0
0
0
0
0
0
0
0
0
0
0
0
0
0
0
0
0
0
0
0
0
0
0
0
0
0
0
0
0
0
0
0
0
0
0
0
68
622
1159
1145
915
725
666
711
695
729
634
614
564
514
529
503
503
510
482
480
532
461
548
568
572
582
584
528
572
638
731
944
1106
1151
1483
1974
2363
2578
1697
284
0
0
0
0
0
0
0
0
0
0
0
0
0
0
0
0
0
0
0
0
0
0
0
0
0
0
0
0
0
0
0
0
0
0
0
0
0
0
0
0
0
0
0
0
0
0
0
0
0
0
0
0
0
0
0
0
0
0
0
0
0
0
27
569
1097
1380
1098
888
851
844
874
733
785
680
723
729
682
684
715
658
671
686
652
722
723
774
793
850
1065
1100
1316
1501
1804
2262
2631
2319
1248
133
0
0
0
0
0
0
0
0
0
0
0
0
0
0
0
0
0
0
0
0
0
0
0
0
0
0
0
0
0
0
0
0
0
0
0
0
0
0
0
0
0
0
0
0
0
0
0
0
0
0
0
0
0
0
0
0
0
0
0
0
0
0
0
0
0
0
0
241
758
1314
1494
1296
1179
1262
1176
1063
962
957
987
918
912
973
991
1038
1051
1013
1131
1271
1376
1540
1838
2071
2388
2638
2170
1462
414
0
0
0
0
0
0
0
0
0
0
0
0
0
0
0
0
0
0
0
0
0
0
0
0
0
0
0
0
0
0
0
0
0
0
0
0
0
0
0
0
0
0
0
0
0
0
0
0
0
0
0
0
0
0
0
0
0
0
0
0
0
0
0
0
0
0
0
0
0
0
0
0
0
92
542
919
1233
1438
1663
1589
1588
1661
1520
1536
1473
1539
1542
1675
1884
2039
2242
2467
2366
2042
1561
888
144
0
0
0
0
0
0
0
0
0
0
0
0
0
0
0
0
0
0
0
0
0
0
0
0
0
0
0
0
0
0
0
0
0
0
0
0
0
0
0
0
0
0
0
0
0
0
0
0
0
0
0
0
0
0
0
0
0
0
0
0
0
0
0
0
0
0
0
0
0
0
0
0
0
0
0
0
0
0
0
0
0
127
459
646
765
1018
1101
1159
1289
1210
1167
1054
872
531
171
0
0
0
0
0
0
0
0
0
0
0
0
0
0
0
0
0
0
0
0
0
0
0
0
0
0
0
0
0
0
0
0
0
0
0
0
0
0
0
0
0
0
0
0
0
0
0
0
0
0
0
0
0
0
0
0
0
0
0
0
0
0
0
0
0
0
0
0
0
0
0
0
0
0
0
0
0
0
0
0
0
0
0
0
0
0
0
0
0
0
0
0
0
0
0
0
0
0
0
0
0
0
0
0
0
0
0
0
0
0
0
0
0
0
0
0
0
0
0
0
0
0
0
0
0
0
0
0
0
0
0
0
0
0
0
0
0
0
0
0
0
0
0
0
0
0
0
0
0
0
0
0
0
0
0
0
0
0
0
0
0
0
0
0
0
0
0
0
0
0
0
0
0
0
0
0
0
0
0
0
0
0
0
0
0
0
0
0
0
0
0
0
0
0
0
0
0
0
0
0
0
0
0
0
0
0
0
0
0
0
0
0
0
0
0
0
0
0
0
0
0
0
0
0
0
0
0
0
0
0
0
0
0
0
0
0
0
0
0
0
0
0
0
0
0
0
0
0
0
0
0
0
0
0
0
0
0
0
0
0
0
0
0
0
0
0
0
0
0
0
0
0
0
0
0
0
0
0
0
0
0
0
0
0
0
0
0
0
0
0
0
0
0
0
0
0
0
0
0
0
0
0
0
0
0
0
0
0
0
0
0
0
0
0
0
0
0
0
0
0
0
0
0
0
0
0
0
0
0
0
0
0
0
0
0
0
0
0
0
0
0
0
0
0
0
0
0
0
0
0
0
0
0
0
0
0
0
0
0
0
0
0
0
0
0
0
0
0
0
0
0
0
0
0
0
0
0
0
0
0
0
0
0
0
0
0
0
0
0
0
0
0
0
0
0
0
0
0
0
0
0
0
0
0
0
0
0
0
0
0
0
0
0
0
0
0
0
0
0
0
0
0
0
0
0
0
0
0
0
0
0
0
0
0
0
0
0
0
0
0
0
0
0
0
0
0
0
0
0
0
0
0
0
0
0
0
0
0
0
0
0
0
0
0
0
0
0
0
0
0
0
0
0
0
0
0
0
0
0
0
0
0
0
0
0
0
0
0
0
0
0
0
0
0
0
0
0
0
0
0
0
0
0
0
0
0
0
0
0
0
0
0
0
0
0
0
0
0
0
0
0
0
0
0
0
0
0
0
0
0
0
0
0
0
0
0
0
0
0
0
0
0
0
-0.003304104640378371
