./RotationSim t
0.02830661459400466
0.02558670354093029
0.02479613600579044
0.02060139479016495
0.02056517494071521
0.01881598526222835
0.01601283566471143
0.01614705962458585
0.01438768855621725
0.01412954967315171
0.01314864359270187
0.0114136785223004
0.011710955691107
0.009104699807148795
0.009385324545081031
0.008460882413174255
0.006870302132322959
0.006643325915783741
0.006892273618873746
0.005400770327520931
0.005896886111526447
0.005429590933766006
0.004836033501642125
0.004666009412863724
0.00415174072779448
0.003602610723721927
0.00311276018001492
0.002262568681234748
0.00331877889066361
0.002065815320026217
0.0015704418894329
0.002333903223336059
0.001936139557100348
0.0012156850375762
0.001784741781979271
0.001767413495574976
1.839128655026305e-05
-0.001055247870064887
6.877260022153971e-05
-0.00134137922180459
-0.001830803383232179
-0.003198376773180028
-0.002697740056089343
-0.003786135752175033
