./RotationSim t
0.5300394550888745
0.5271408711231261
0.527679043351605
0.5262676603337823
0.5258710020066202
0.5259062244081996
0.5246983282810433
0.5176158742743805
0.5075528221791397
0.4963816413014311
0.4895450196845143
0.4803120567244653
0.4757172432152364
0.46984306490493
0.4646278486818736
0.4603851646560319
0.4529287682998681
0.4482483178938952
0.4403005016520023
0.4344021797882295
0.4260690006873755
0.41736239231943
0.4069364435112077
0.3961815746474286
0.382693617633066
0.3663846544032819
0.3482632255174213
0.3275447439010944
0.3044673756591866
0.2813986001869173
0.2546793193598901
0.2286171191761242
0.2042851717499279
0.1812826385669607
0.1632512577473147
0.1377143570615344
0.1184206348868477
0.09678139255556251
0.08193876342775103
0.06884433081902221
0.05737947578416567
0.04727444291569917
0.03886962228989477
0.03235273041894129
