./RotationSim t
0.0243416788844143
0.02624001658292741
0.02393212659570792
0.02403202708741014
0.02394486445873122
0.02272478620030613
0.02215272937003525
0.0201982943794814
0.0196145419500505
0.01911589354547572
0.01722018699589412
0.01722262517730358
0.01479934906912684
0.01460864017365772
0.01246845550558706
0.01233800284791902
0.01072802667989784
0.009392146996919107
0.007479743461391103
0.006056971042321213
0.005401794127655193
0.003318821462095677
0.002174167706780188
0.0007683728238144648
-0.0009589477845126852
-0.002136051059421858
-0.004139218395516104
-0.004822986875031071
-0.006065339242529519
-0.006617643244537496
-0.008153174212056351
-0.009119234424337512
-0.010856836900844
-0.01210109503951573
-0.01343066911975692
-0.01425602889246814
-0.01532394534411996
-0.01695624214970483
-0.018331043865893
-0.02089365559541695
-0.0223239863159573
-0.02370041686669073
-0.02398537676876895
-0.02300353599929872
