./RotationSim r 30
-6.772193750059608e-20
1.62271131960933e-19
1.113093149108809e-19
3.757421011824508e-19
-8.26879114666204e-20
1.270785802169056e-19
-2.016066022810863e-19
2.180670617192718e-20
-2.950505161741443e-19
1.267806702118052e-19
1.373918014966737e-19
9.795462588499331e-20
-1.953335069215425e-19
1.506565691036225e-19
-5.37223424240568e-20
-1.513491214295367e-19
5.155435452171612e-20
-2.335865274582631e-19
4.945885306375268e-20
7.669404701748801e-20
-1.167602339599774e-19
2.225431014723293e-19
3.839704136549454e-19
-2.205210052523785e-19
-6.069807788706124e-20
-5.055221924789307e-19
-6.342681813443536e-21
-1.01390230559375e-19
-3.461126935282263e-19
1.99885832622842e-19
6.799028181320073e-20
3.338170580798613e-19
4.875101103447701e-19
-5.285568177869613e-20
9.618268777693188e-20
1.810539831417411e-20
5.778664074219565e-19
4.581387997077674e-19
3.854941057726238e-20
-1.075102993504025e-19
-7.352470361756004e-20
3.272615716812022e-19
-1.092739197465705e-19
-5.575507970496706e-19
-8.330004686563299e-21
-2.238352872228138e-19
-2.284904405099434e-19
5.06853361293635e-19
1.102578480493733e-19
5.658629075561451e-20
-3.53235184787467e-19
-2.904359595811943e-19
4.795779803996356e-20
-2.335204679199548e-19
-1.266414096530597e-19
9.366890527476898e-20
2.325074397120747e-19
2.935685882422289e-19
-1.717757965209308e-19
-2.26678929710218e-19
6.149261596207971e-19
1.287827954464776e-19
-2.424979937622029e-19
-1.271341440569305e-19
-1.216613804191715e-20
2.534682044935865e-19
-6.422036061823149e-20
3.712916913494219e-19
7.664889056004234e-20
-8.455191596962504e-20
1.035542327437067e-19
2.67038545739473e-19
2.273503431097948e-19
-1.324216393875425e-19
-8.796319665067036e-20
-1.465705454090596e-19
-5.171475385976527e-20
-2.03565990397821e-19
-2.032312022064879e-20
-1.185108117251482e-19
-2.191344987812168e-20
-3.983874813818499e-20
6.974270639032757e-20
-2.095136908440716e-19
-6.517747164074709e-20
1.037247342439331e-19
-5.001004615428633e-20
1.155860886733606e-19
1.269685989429884e-19
2.104594821138615e-19
-1.166755637395568e-19
1.238934958417767e-19
-1.522840757734867e-19
-9.821203679376385e-20
-2.582694045200515e-19
-1.259465454601263e-19
-2.169441362830871e-19
-6.189506655185447e-20
-6.05532776766732e-20
-1.715519895061935e-19
7659
7697
7543
7313
7049
6880
6505
6364
5997
5911
5707
5242
5142
4790
4779
4493
4307
4040
3788
3619
3328
3118
3036
2769
2515
2306
2188
2190
2085
1944
1786
1850
1708
1641
1515
1533
1543
1454
1440
1549
1510
1463
1524
1593
1666
1736
1731
1944
1888
1962
2151
2198
2315
2496
2630
2815
2865
3120
3272
3306
3515
3610
3820
3957
4135
4298
4484
4560
4798
4924
4991
5067
5158
5502
5443
5681
5518
5897
5975
6060
6333
6488
6865
6955
6920
7158
7215
7444
7593
7748
7880
8086
8179
8125
8275
8209
8364
8352
8136
8130
