./RotationSim r 30
0.0002769395100352879
0.0004488230406844074
0.0005469059627135043
0.00058244848219864
0.000782505876199611
0.0007457120780637453
0.0007589512853678759
0.0007978595388119004
0.0009222501699495908
0.0008195407845751821
0.0008788895013078596
0.0008822460277223743
0.0008287268129967584
0.0007702700643262169
0.0008763761990666963
0.0008988058308248399
0.0007728847532096983
0.0008306109530337558
0.0006699776300404074
0.0006903808169476088
0.0006613951341720953
0.0006627812905941243
0.0005927603592287232
0.0005694937272702917
0.0005696793635689063
0.0005486793036354458
0.0004614497689663676
0.0003954889337183782
0.000442313249277733
0.0003649043549494582
0.0002967526612709553
0.0003472622599721293
0.0002370727075206786
0.0001898387284898234
0.0001581794623426411
7.176595186257078e-05
0.0001151676145871581
9.288271793638918e-05
-8.521187087176603e-05
1.072368444143652e-05
-6.305722589626979e-06
-4.217211459969956e-05
-9.785868160196009e-05
-0.0001213420734195387
-0.0002090555029869623
-0.0001289253801143387
-0.0002284798670279831
-0.0002536875151639584
-0.0003683983838701926
-0.000303540992883283
-0.000387290924567273
-0.0003965281273141509
-0.0004442460452120361
-0.0004286661557158252
-0.0004267427396242279
-0.0004834459765050247
-0.0004751395827582257
-0.0005707726359457284
-0.0005467506866086909
-0.00053672791851511
-0.0005393935669260539
-0.0005855829762089359
-0.000619250298999205
-0.0006342625529849142
-0.0006054150333902408
-0.0006168222566299009
-0.0006250035127803342
-0.0006483665033426891
-0.0006833910033738014
-0.000612997383584298
-0.000612655419274872
-0.0006523448328985788
-0.000660396584556959
-0.0006901230442872207
-0.0006759297139917659
-0.000676726905599214
-0.0006710333351070887
-0.0006979462339152645
-0.0007204518071788162
-0.0006553272770358128
-0.0006899634791955329
-0.0006561631422001155
-0.0006744699307858991
-0.0006378899951656851
-0.000683736017820072
-0.000718094982235819
-0.0007199702479770277
-0.0006413712197779026
-0.0006227307470597195
-0.0005968747308233721
-0.0005232921088160331
-0.000540960240367738
-0.0005073935196361561
-0.0004105038201398552
-0.0003998995142048765
-0.0002955178468651506
-0.0001351848276120941
-0.0001127040687107251
-2.49249041024636e-05
0.0001229254637988548
2110
1878
1617
1474
1266
1121
995
874
801
763
668
607
601
489
509
482
449
432
395
424
370
382
367
359
396
362
392
355
362
414
436
428
465
466
511
513
543
596
620
643
706
751
807
826
878
988
1076
1191
1172
1310
1386
1486
1501
1659
1740
1836
2014
2062
2108
2400
2398
2525
2692
2860
2937
3044
3080
3254
3296
3563
3491
3691
3706
3777
3988
4077
4136
4131
4304
4304
4373
4445
4435
4571
4549
4569
4490
4525
4431
4299
4434
4218
3856
3733
3701
3299
3229
2732
2551
2263
