./RotationSim r 40
1.917935138805557e-20
4.755733647243997e-20
-1.019431082796719e-19
8.430088503460591e-20
4.923315351135015e-20
-5.653051176846989e-20
4.526412571985988e-20
-1.374887441607924e-20
-4.920594369369112e-20
-1.955904336185276e-19
5.045506695371567e-20
1.575738515326004e-20
-5.389974540696067e-20
7.50964400325205e-20
1.316127158947621e-19
1.004708734176995e-19
-5.603998570863894e-20
1.233747299724884e-19
1.112290311669067e-19
-5.96161028361143e-20
7.393745584553514e-20
-2.154723560460151e-20
-4.369172933896809e-20
-2.103675857061427e-20
8.082940927490499e-20
5.328502144638656e-20
3.673070080814408e-20
1.350138554415911e-20
-1.000802005371235e-19
-2.474018380168265e-20
9.92859132312733e-20
6.973467533556147e-20
-8.019246837910536e-20
7.362445548452604e-20
4.038575427596435e-21
7.928791510697318e-20
-1.230754434645618e-19
-4.025503115664001e-21
-1.52564466777043e-19
-2.662129239534057e-20
2.389905203544155e-20
2.240557904611025e-20
4.623803382658769e-20
6.018796048163488e-20
8.081009981258418e-21
-3.678810130088746e-20
-6.470684303305208e-20
1.558620815416292e-19
1.629676059604201e-20
1.315025152912306e-20
3.832929229442299e-20
-1.337134363793954e-20
5.308551280607476e-20
7.742527727940378e-20
-1.520424140321469e-20
-1.94759322507605e-20
-7.479678865465533e-20
-2.167019667866941e-20
5.533812355041364e-21
-2.722660164089159e-20
-3.61004234064016e-20
-2.132245140700714e-20
-1.429094573291426e-21
-5.301901675673365e-20
1.077467997501122e-20
-1.811926799810943e-20
-9.972424094228544e-20
8.806744445695517e-21
-7.007430402878036e-20
3.386174745384556e-20
-2.056017534408487e-20
2.475661841530873e-20
-6.712976259760566e-21
-2.656344866557155e-20
1.762725482921398e-20
-3.779692387365894e-21
5.005457946424131e-20
3.800211424340143e-20
-5.776919660565652e-20
-3.529571456580538e-20
2.420669206885953e-20
9.821338387773312e-20
-8.208243044917234e-20
2.243475903620989e-20
4.459850407315187e-20
4.964901933303942e-20
3.073977633799877e-20
1.147446675593029e-20
-5.3193850562224e-20
-5.697073932843718e-21
5.166880293040651e-20
-1.425174951562611e-20
-7.603584797342482e-20
-3.683410313646634e-20
-3.481105288721516e-20
-5.006181906208108e-20
7.116322393623262e-20
3.63079672407941e-20
5.236003925569385e-21
6.045930401734245e-20
2871
2579
2469
2147
1996
1777
1649
1484
1346
1199
1025
922
786
632
575
491
474
406
386
361
338
317
268
268
279
293
283
265
286
298
273
323
338
289
349
361
381
404
447
471
486
571
544
662
644
725
785
845
884
977
1007
1122
1181
1310
1280
1454
1524
1566
1658
1784
1823
1889
2129
2196
2254
2294
2470
2543
2732
2770
2870
2972
2998
3009
3173
3141
3276
3355
3389
3483
3535
3433
3568
3601
3702
3654
3751
3622
3734
3623
3631
3679
3558
3580
3513
3432
3264
3175
3084
2957
