./RotationSim r 40
0.0001721851852610118
0.0001916209645649328
0.0002664325971420667
0.000315905922268862
0.0003447115600303249
0.0004208100445152437
0.0004222268311568359
0.000487718210169141
0.0004746678183226678
0.0005530771872600803
0.0005264739415031165
0.0005444142150178041
0.0005922265232744711
0.000556254797632559
0.0005616872834802371
0.000598299385488484
0.0005813474709053534
0.000571844874533941
0.0005226613227577873
0.0004977202768751068
0.0005188721924261586
0.0004810046679947838
0.0004684322634889431
0.0003702486560814866
0.0003423890786942047
0.0003585516249305839
0.0004295062768970218
0.0003465697479519833
0.0002712435574770759
0.0003107234955706265
0.0002375662937828641
0.0002672435470191963
0.0002363249201004924
0.0002069023683258993
0.0002739169273199287
0.0001555464054150706
0.000175004721294745
0.0001305081864279568
9.275103877065989e-05
9.77143026895252e-05
6.07670861297867e-05
1.332205295278834e-05
-5.984301183352934e-05
-1.840317086389647e-05
9.454172848056622e-06
-4.821068439816685e-05
-7.493152427129991e-05
-8.323811654537511e-05
-9.245945230351508e-05
-0.0001153064225003357
-0.0001132743840492345
-0.0001539793301305505
-0.0001951092144280695
-0.0001498414532090116
-0.0001634136010882018
-0.0001749219307700882
-0.0001935903811181826
-0.000234342806770572
-0.0002338707207939112
-0.000260509013078032
-0.0002602359495539182
-0.0002542590852590516
-0.0002798725606683845
-0.0002692884982426448
-0.0003055055780919085
-0.0002764046438610951
-0.0003002574728566046
-0.0003227578746176035
-0.000281293527537995
-0.0002994726242965088
-0.0003001277594651221
-0.0003062839093805766
-0.0003068378042754039
-0.0003199787398904515
-0.0003135440038798791
-0.0003358793292554178
-0.0003285081883344191
-0.0003287031555039002
-0.0002818088238373823
-0.0003014557592110235
-0.000316673990575586
-0.0002889441212510041
-0.0002823407469678185
-0.0003160724767418025
-0.0002662026404579101
-0.0002805026743813473
-0.000269757407187473
-0.0002608259029829228
-0.0002792639736008075
-0.0002154666834758
-0.0002151544422813365
-0.000206424500170629
-0.0001537250145031158
-0.0001527441520909356
-0.0001593993051451668
-9.865540265727595e-05
-4.49385455591602e-05
-2.822498355657217e-05
2.595940948867468e-05
6.867620286097714e-05
2488
2122
1999
1681
1554
1426
1159
985
901
767
644
594
516
471
481
378
335
293
286
263
238
266
214
237
217
198
200
206
222
229
221
234
247
288
301
325
298
339
412
422
478
495
530
581
639
690
740
863
885
943
973
1022
1184
1218
1280
1430
1518
1582
1715
1805
1832
1959
2086
2204
2273
2405
2398
2655
2631
2711
2891
3007
3000
3128
3220
3268
3431
3382
3588
3506
3411
3585
3764
3737
3787
3828
3710
3747
3704
3636
3645
3670
3630
3569
3554
3282
3213
2976
2838
2574
