./RotationSim r 50
4.043128695168579e-21
-3.214320124803503e-20
6.362218718833419e-21
-4.351045688166575e-20
4.247228202449086e-20
4.206853161440688e-20
-3.978538912647921e-21
6.991383056702162e-21
-1.731056895444481e-20
-4.321548006772036e-20
1.86569979410692e-21
2.26327203506349e-20
-2.172165066792323e-20
2.900346278536126e-20
3.849928804736906e-21
2.670743884598848e-20
-9.087854467227425e-20
7.165704013553622e-21
3.69748295236225e-20
-4.087000352394417e-20
-7.006748733749859e-20
1.158418392625881e-19
-7.750521554314048e-20
-8.875106279195501e-20
4.584626329367276e-20
-1.940151256026692e-20
4.665354802816413e-20
8.783571845489876e-20
-1.235167031945511e-20
-3.702153759706601e-20
-5.082197683525802e-21
-7.234119225198889e-21
1.408054769461694e-20
-4.876489682049757e-20
-4.830603738796802e-20
-7.269082747345995e-20
-9.466130643020647e-20
1.522811233172822e-19
1.664345440218976e-21
-4.103554039287766e-21
-1.6538677207406e-20
-2.093631781351319e-20
3.660340667792943e-20
-2.244298497044994e-20
-4.489274620447792e-20
-1.284599730433062e-20
-7.118799978682296e-20
-6.066634332696097e-21
1.353094669881392e-20
3.18599595121803e-20
-1.006868542950875e-20
1.815739135550655e-21
3.962911551511429e-20
1.250040371235662e-20
-3.887706487115503e-20
3.338229072744855e-20
7.342507825602015e-22
2.927803039122791e-20
1.236995142739253e-20
-3.656587592035059e-20
1.623207749313594e-20
1.889074122879687e-21
-9.06505473338113e-21
-5.249107560140869e-21
-1.415710085819827e-20
-4.347233710831301e-21
-1.671662339794448e-20
-5.584143133750573e-21
2.348025155256406e-20
-2.230936387009418e-20
-5.554877107869485e-21
2.157506214057291e-20
-6.493472514947919e-21
-7.000272291357853e-21
-7.201264155866443e-21
-1.915004836685095e-20
-2.583737772702871e-21
-3.078151270355468e-20
-5.105958014345612e-20
6.803386714437476e-21
-2.687409628813445e-20
7.12038786760669e-21
1.76332440613459e-21
2.21030036216767e-20
2.807439763419379e-20
-1.756693099481192e-20
1.904919457744089e-21
-2.866300860819991e-20
-7.219730717033176e-21
-8.196639388691998e-21
2.724773425931014e-20
1.743133991034164e-20
9.575480346310759e-21
6.150762324677381e-21
-2.045447949401836e-21
3.852870714140987e-22
-2.228699716611085e-20
-3.37384246878675e-20
1.555394912854191e-21
-1.872244153085659e-20
2695
2692
2504
2475
2289
2196
2020
1764
1667
1563
1293
1150
973
771
697
605
513
435
368
319
294
252
249
226
175
190
165
159
158
164
160
148
154
168
202
198
197
220
228
251
295
290
351
375
400
422
546
487
628
647
708
724
817
921
921
1032
1089
1208
1295
1358
1401
1555
1692
1832
1883
1950
2087
2160
2176
2306
2369
2512
2528
2662
2711
2814
2801
2879
2966
2998
3022
3086
3137
3086
3151
3246
3277
3236
3163
3132
3277
3342
3170
3120
3100
3113
3040
3035
2935
2839
