./RotationSim r 55
-3.055889608228647e-20
8.969346587604833e-21
7.897326944102086e-21
1.048489432006675e-20
-1.965586603359589e-20
1.507354730159867e-20
-4.514611886345962e-20
-2.527437020032993e-20
6.908340182695604e-20
-3.274533221720135e-20
1.543181092171035e-20
5.221139130103257e-20
-9.71013687783239e-21
-2.765263116692827e-21
-2.51847194537864e-21
-3.535441866800558e-21
2.688959283111903e-20
4.186959609191989e-20
1.954811520667989e-20
7.767418549149883e-21
-3.771137991253928e-20
-5.463695987328526e-20
-4.170008355713479e-21
-3.014610918618232e-20
-1.755374945928912e-19
-9.896073520673061e-20
1.257045997084643e-20
4.097771990496395e-20
-4.863710680308805e-20
-7.723083968389894e-20
-1.347358039593636e-19
-1.014997778497068e-19
-1.445602896647339e-20
1.671063898876741e-19
6.969871108835386e-20
1.023968718458532e-19
5.90041998631567e-21
-1.170249963952608e-19
1.112002228190261e-19
-6.424901762877063e-20
0
-8.76588990520195e-20
-5.971367295161281e-20
-4.777840082139511e-20
2.768175759537458e-20
1.949127501097536e-20
-3.427265226093996e-20
7.342744871859501e-20
3.779787390316438e-20
3.511585983758719e-21
-9.799008605490925e-21
-2.75568052173399e-20
2.065548462355743e-21
-6.062972675083413e-21
1.576273702096498e-20
6.479702395560427e-20
1.47677934958298e-20
-2.607974187937974e-20
-5.357975852399295e-21
6.302438913352974e-21
-4.21407287699808e-20
8.363586995869e-21
-3.101289295226805e-20
-4.874383562876384e-21
-1.054085445472018e-20
5.943174780875007e-20
-4.078699552062511e-20
-1.82652920020888e-20
-2.678393543851703e-20
-4.035938935745322e-20
2.974287317901952e-20
-1.116813115456844e-20
-1.001497835132617e-20
-4.526265911074747e-20
1.001415710729396e-20
-1.187949787237587e-20
-2.56648031683742e-21
-9.26202860917265e-21
-3.056372477506988e-20
-1.609641412471536e-20
4.682359566475731e-21
7.278967254014801e-21
3.355523533170365e-20
-1.88518847233918e-20
1.344614939189244e-20
2.005451858157114e-20
2.629770550234388e-20
-2.2714799036228e-20
3.783722602594957e-21
4.687057880423796e-20
-8.749790048764943e-21
-3.743399714873406e-20
2.515377422422194e-20
-2.975268947689721e-21
3.65649923840096e-20
7.053845459544245e-21
-1.28886364676803e-20
-4.356037377857859e-20
1.441355807711174e-20
3.976988337387515e-20
2707
2614
2581
2368
2306
2281
2183
1984
1847
1709
1500
1329
1171
990
861
736
629
492
434
335
299
254
208
205
168
149
138
127
107
146
103
94
120
109
112
144
147
126
156
189
199
188
197
236
282
267
329
378
436
494
510
600
643
646
791
850
881
1031
1118
1187
1261
1349
1519
1557
1656
1713
1885
2036
2068
2227
2312
2427
2517
2631
2616
2738
2870
2786
2978
3038
2987
2979
3034
3097
3185
3113
3223
3124
3109
3176
3231
3068
3056
3061
2917
2905
2960
2932
2723
2687
