./RotationSim r 55
7.084841237297135e-05
8.670415898651631e-05
0.0001072891960865103
0.0001408597249323653
0.000141000041596677
0.0001685509919531941
0.0002169415938983548
0.0002132181512771764
0.0002620919843120614
0.0002394489638939552
0.0002862849712246234
0.0003041278525260917
0.000311517960784377
0.0003088437643906244
0.0003036739902485747
0.0002854095542974524
0.0003471765428225699
0.0003322871815322797
0.0003037172829352982
0.0003019689988347041
0.0002564601558869094
0.0002681544068812771
0.0002676088937300111
0.0002350043513461834
0.0002754348297546155
0.0002438886619149148
0.0002469836603940559
0.0001892464450610812
0.0001805577018721434
0.0002153834559465398
0.0001747807470300985
0.0001982063793250696
0.0001558742902430801
0.0001649393925387701
0.0001452191398141688
0.0001207171265399486
0.0001644647258174466
0.0001085680645181161
0.000103055916481532
9.320254137940732e-05
7.765286721485744e-05
7.832282725011102e-05
6.961907421668214e-05
5.258736992921931e-05
5.244773915203513e-05
3.086355974424997e-05
2.147259837853762e-05
1.94622975778056e-05
1.166236209291984e-05
2.26024188701296e-05
2.417145867863461e-05
-7.180095909478048e-06
-2.464883585161267e-05
-6.855447968082882e-06
-2.690273851873645e-05
-1.215779715478896e-05
-1.097970427613558e-05
-2.408854535195071e-05
-1.757721151918961e-05
-2.640065179001075e-05
-3.867031800740487e-05
-3.621584404137744e-05
-3.699129023143215e-05
-4.32664204247412e-05
-4.482279220289059e-05
-5.350508376159366e-05
-4.613274103627709e-05
-5.39184617404972e-05
-5.833093019421545e-05
-5.384155295434514e-05
-7.987396337204178e-05
-7.46987367243459e-05
-7.907526405642292e-05
-8.453044539387569e-05
-7.080134131381565e-05
-7.811171004286775e-05
-7.284108142029061e-05
-7.153407595815327e-05
-8.35221804469043e-05
-8.705190207268073e-05
-7.074247626034237e-05
-7.601602383752506e-05
-6.490635499185448e-05
-5.517856329153665e-05
-7.38942277125008e-05
-6.452455226956495e-05
-5.154385550067289e-05
-4.618016629960783e-05
-4.499306028734641e-05
-3.412034719794026e-05
-3.296660747009084e-05
-2.221156089340289e-05
-6.462524649330811e-06
4.482432944289097e-06
-1.331236139098312e-06
1.375271294020388e-05
6.064117120853699e-06
4.698782697311746e-05
4.057194407588568e-05
7.238047429205143e-05
2423
2478
2362
2279
2210
2001
1913
1721
1513
1300
1028
863
788
623
486
421
302
308
219
182
152
131
118
120
101
90
73
91
70
78
75
81
78
71
94
65
106
99
104
122
127
159
183
188
219
287
297
353
389
438
457
554
620
646
753
865
957
970
1111
1185
1316
1371
1538
1670
1751
1940
2008
2119
2269
2387
2457
2492
2697
2721
2716
2881
2926
3002
3058
3171
3132
3128
3217
3211
3179
3291
3230
3213
3251
3074
3152
3071
3006
2887
2917
2922
2817
2805
2669
2707
