./RotationSim t
0.2883770357503688
0.2870413865417279
0.2863700612742614
0.2843148521252173
0.2814175663278018
0.2794707742149823
0.2762589597923059
0.2689511680303784
0.2634172114265235
0.2588281224035968
0.2504984357906372
0.2437847898664361
0.2358781937526086
0.2288338312332426
0.2215954990300104
0.2137167821724802
0.2063613727975599
0.1994626643001722
0.1920098154061338
0.1847389701569814
0.1772095906540324
0.1703385006755603
0.1602785547888251
0.1558807718226434
0.1470671499014855
0.1402521937587512
0.1332334785632071
0.1258325278950211
0.1188712262488898
0.1126372864781988
0.1045325612852174
0.09921512752329725
0.09172557409142895
0.08564232552890111
0.07833675605473019
0.07100063626316057
0.0648770378115698
0.0568294271894171
0.05192236215700973
0.04373364755841731
0.0356581243847381
0.02956414087072734
0.02190124222024334
0.01774131636375808
0.01322647506829578
0.009522183718593922
0.003294776651728323
0.0003580209292010921
-0.003394305512743214
-0.008106047369852716
-0.01190284153540436
-0.01499202023384189
