0.5166908951051538
0.5116713266878538
0.5018755728797678
0.5144325172928758
0.464818342088303
0.5164568426506055
0.4271047027434564
0.4134358213863876
0.07205282720341781
0.4298496451548189
0.4452975840353977
0.06525765527231982
0.06145759527784964
0.05610437598351416
0.05620018587384627
0.05255564397479076
0.04974136650875388
0.04845406027009556
0.04507802276576247
0.0446823658015367
0.04241041251983428
0.03730661706776611
0.03706169029580506
0.03470260296386205
0.03335535007278672
0.03093684287687666
0.02933980966222949
0.02764412201315598
0.02649973540370863
0.0264378198044158
0.02253236843608849
0.02330855926975067
0.02096331673003986
0.01940657425321077
0.01947990035833987
0.01776725806522698
0.01560018170869116
0.01427253880853669
0.01251132481060658
0.01310709505439413
0.01221845729929561
0.01003298844143072
0.01136588915787369
0.009854933975650097
0.0087182362793284
0.006453523926076354
0.006526512729405685
0.005984883556801291
0.005742572355431653
0.004752080660251371
0.003903106664046925
0.002946467688851421
