0.5222266754317975
0.5227716217466966
0.5224636152481226
0.5232199054878386
0.5230990005885353
0.5234376040154222
0.5240839295160158
0.5233858370276625
0.5258273044769625
0.527296825259832
0.5237247435967871
0.5252773529469881
0.5257966415142534
0.5249508369037512
0.5231435852675742
0.5239259950324446
0.5206895045213497
0.522512931137245
0.521405407626803
0.5199945775938153
0.5198544122957505
0.519860318334562
0.4931289022810688
0.497110930660795
0.4294604101136805
0.4176319538253838
0.4265163840168418
0.3832250388970075
0.2172164070089629
0.1198364905906229
0.0530616860299656
0.04607679715726043
0.0408161505574182
0.03327713548471099
0.02821709340355594
0.02369836474264467
0.01687941178382298
0.01622076430591569
0.01056359708873834
0.006871583772227139
0.005216581332755195
-0.001324687438764288
0.0002287721399530194
-0.007468468672776098
-0.008063757001374176
-0.0124244603259406
-0.01518719875425291
-0.0157229455470209
-0.01573961572504516
-0.02011208004991305
-0.02291738792079513
-0.02345451932565504
