0.08150678293492174
0.08211251061387433
0.08280218981685997
0.07757297126916017
0.07640121342826495
0.07148038751836679
0.07045348961917916
0.06540850051091351
0.06306205442323835
0.0614379589013483
0.0551021661674866
0.05250128133639388
0.04726952278030473
0.04479329883028599
0.04085215106667778
0.03791365068094849
0.03470034055976608
0.03229048364951535
0.02850228846148524
0.02663866849748775
0.02480858951729809
0.02029386412203929
0.01813758630463029
0.01640830622968494
0.01296600254575201
0.0125075126128846
0.01067186810945477
0.008233084653983487
0.007119615727137488
0.005102430077108568
0.003732978695342644
0.002891569878011717
0.0004019396746067754
-0.001215625101973305
-0.001869305839432156
-0.002722314987207462
-0.004827679603006622
-0.005543575664261081
-0.007218003653580232
-0.007345813283342279
-0.00797809167119363
-0.009962030668033027
-0.01039953246143727
-0.01128439757071665
-0.01206708095442283
-0.01260990006101273
-0.01234099241286721
-0.01289527607167171
-0.01220931035255066
-0.01173102619733167
-0.01197802539499455
-0.01388056210796586
