7.790213809110409
7.751550307922209
7.724963913516842
7.717561905057784
7.71900060228511
7.730001340951026
7.73971234497084
7.751634999269569
7.767469385945827
7.780302547976882
7.800468050248679
7.812862213980389
7.844879595928048
7.863466521524378
7.877585848550256
7.903564879212169
7.92860216739196
7.941759853936354
7.970330432577596
7.992019576724842
8.016873945466607
8.037596557904189
8.068333166767431
8.084929088545673
8.111518404525542
8.128633506459948
8.148834919130524
8.175897158484904
8.19509747996865
8.220586188978698
8.242747856400831
8.266392785746447
8.29145288053706
8.309709860058783
8.338887039608583
8.358311647379491
8.382285781259593
8.401770872448639
8.424152553261882
8.444922487716722
8.467578914956219
8.490367097725432
8.510449500861924
8.53602132183442
8.556009233514219
8.577561404697347
8.600985427339534
8.627331247676173
8.648822112086847
8.667435995951973
8.674989939026634
8.686135797269289
