./RotationSim t
0.5290192410416151
0.5290118346770021
0.528783691959445
0.528760776207525
0.5285825034596486
0.5287226695838765
0.528603439598581
0.5286968781870929
0.5283029554844607
0.5280663465835687
0.5278476130588924
0.5276050111544943
0.5274001196548838
0.5270076580673847
0.5267484165558715
0.5262505122052461
0.5258491196301995
0.5255240312978551
0.5251245179130382
0.524404459664643
0.523943469534217
0.5235736808467786
0.5222311337847426
0.5220419341887705
0.5207467098099179
0.5201220940290978
0.5182660331744048
0.5174930505966568
0.515978426821412
0.5139193358179629
0.5129267738719568
0.5108788802768299
0.5069551447287187
0.5048880881179478
0.5035327599237029
0.5011202271586507
0.4980694030754461
0.4947156455706631
0.4898496891101641
0.4860600162931371
0.4803974053107075
0.4753202401527583
0.464825439443637
0.4604085141768087
