./RotationSim t
0.5293911200693419
0.5292911087396248
0.5292600937651266
0.5293063520841392
0.5293436626035738
0.5293898421600665
0.5290994875566559
0.5290850233901758
0.5291827646549855
0.5293089518523221
0.5295962060737782
0.5294787444937992
0.5294801128794461
0.5295501646398376
0.5294463132296329
0.5299123825706583
0.5295674184523655
0.5282501860208938
0.531157726582651
0.5310520699532635
0.5307510200394632
0.5302902070254633
0.5295974025298988
0.5298757435489677
0.5292800328274199
0.5310146567935331
0.530742333238532
0.5292961353268543
0.5300847077207671
0.5306527497669231
0.5316031810267975
0.5296445248505336
0.5310222494138331
0.530140867895884
0.5289506004294308
0.5288715346408479
0.5334876520309481
0.5283866704447546
0.5282903104841957
0.5373392277002427
0.5323338597886181
0.534265482974062
0.5241186380024333
0.5336214908984879
