./RotationSim t
0.09377896320170483
0.08564072801779556
0.07897337872367612
0.07157636869025355
0.06521206593499379
0.05947806303099119
0.05405434063633022
0.05171228026891884
0.04827190748629216
0.04450558182933083
0.04259691990893163
0.03944383650734724
0.03759741336462627
0.03537174624057741
0.03377106124132383
0.03230430062782187
0.0303506861508039
0.02840471115749027
0.02647166012815405
0.024950461975705
0.02341687389874931
0.02058828754713743
0.01956601114307486
0.01814641619879822
0.01515504770791885
0.01312830690047238
0.01182055395643163
0.01019957309656815
0.009129499357142256
0.006389737584275521
0.005881855622591305
0.003843262267579246
0.002496020723890522
0.0003311760403827379
-0.0009393688953325914
-0.003063648660574021
-0.005722544309505685
-0.008444185865317141
-0.01057142958578012
-0.01343258289022523
-0.01583702360172253
-0.01743285477601371
-0.01846163548032785
-0.02026962661696543
