./RotationSim r 30
0
0
0
0
0
0
0
0
0
0
0
0
0
0
0
0
0
0
0
0
0
0
0
0
0
0
0
0
0
0
0
0
0
0
0
0
0
0
0
0
0
0
0
0
0
0
0
0
0
0
0
0
0
0
0
0
0
0
0
0
0
0
0
0
0
0
0
0
0
0
0
0
0
0
0
0
0
0
0
0
0
0
0
0
0
0
0
0
0
0
0
0
0
0
0
0
0
0
0
0
0
0
0
0
0
0
0
0
0
0
0
0
0
0
0
0
0
0
0
0
0
0
0
0
0
0
0
0
0
0
0
0
0
0
0
0
0
0
0
0
0
0
0
0
0
0
0
0
0
0
0
0
0
0
0
0
0
0
0
0
0
0
0
0
0
0
0
0
0
0
0
0
0
0
0
0
0
0
0
0
0
0
0
0
0
0
0
0
0
0
0
0
0
0
0
0
0
0
0
0
0
0
0
0
0
0
0
0
0
0
0
0
0
0
0
0
0
0
0
0
0
0
0
0
0
0
0
0
0
0
0
0
0
0
0
0
0
0
0
0
0
0
0
0
0
0
0
0
0
0
0
0
0
0
0
0
0
0
0
0
0
0
0
0
0
0
0
0
0
0
0
0
0
0
0
0
0
0
0
0
0
0
0
0
0
0
0
0
0
0
0
0
0
0
0
0
0
0
0
0
0
0
0
0
0
0
0
0
0
0
0
0
0
0
0
0
0
0
0
0
0
0
0
0
0
0
0
0
0
0
0
0
0
0
0
0
0
0
0
0
0
0
0
0
0
0
0
0
0
0
0
0
0
0
0
0
0
0
0
0
0
0
0
0
0
0
0
0
0
0
0
0
0
0
0
0
0
0
0
0
0
0
0
0
0
0
0
0
0
0
0
0
0
0
0
0
0
0
0
0
0
0
0
0
0
0
0
0
0
0
0
0
0
0
0
0
0
0
0
0
0
0
0
0
0
0
0
0
0
0
0
0
0
0
0
0
0
0
0
0
0
0
0
0
0
0
0
0
0
0
0
0
0
0
0
0
0
0
0
0
0
0
0
0
0
0
0
0
0
0
0
0
0
0
0
0
0
0
0
0
0
0
0
0
0
0
0
0
0
0
0
0
0
0
0
0
0
0
0
0
0
0
0
0
0
0
0
0
0
0
0
0
0
0
0
0
0
0
0
0
0
0
0
0
0
0
0
0
0
0
0
0
0
0
0
0
0
0
0
0
0
0
0
122
468
910
1274
1589
2095
2502
2689
2974
2971
2784
2287
1576
405
0
0
0
0
0
0
0
0
0
0
0
0
0
0
0
0
0
0
0
0
0
0
0
0
0
0
0
0
0
0
0
0
0
0
0
0
0
0
0
0
0
0
0
0
0
0
0
0
0
0
0
0
0
0
0
0
0
0
0
0
0
0
0
0
0
0
0
0
0
0
0
0
0
0
0
0
0
0
0
0
0
46
383
928
1463
2150
2949
3485
3902
4725
5332
5975
6279
6833
7499
7728
8249
8726
9447
9684
9255
7677
6092
3660
515
0
0
0
0
0
0
0
0
0
0
0
0
0
0
0
0
0
0
0
0
0
0
0
0
0
0
0
0
0
0
0
0
0
0
0
0
0
0
0
0
0
0
0
0
0
0
0
0
0
0
0
0
0
0
0
0
0
0
0
0
0
0
0
0
0
0
0
0
0
0
0
0
0
117
543
981
1622
2145
2595
3286
4012
4563
5145
5748
6285
6769
7381
7546
8237
8359
8913
9463
9940
10606
10950
11597
11919
12462
12901
13701
10971
6908
1705
0
0
0
0
0
0
0
0
0
0
0
0
0
0
0
0
0
0
0
0
0
0
0
0
0
0
0
0
0
0
0
0
0
0
0
0
0
0
0
0
0
0
0
0
0
0
0
0
0
0
0
0
0
0
0
0
0
0
0
0
0
0
0
0
0
0
0
20
296
779
1218
1477
2017
2586
3164
3945
4561
5018
5370
6181
6419
6899
7403
7634
8374
8675
9141
9445
9715
9879
9958
10647
11194
11744
12329
13133
13812
14581
15457
16681
13172
6412
544
0
0
0
0
0
0
0
0
0
0
0
0
0
0
0
0
0
0
0
0
0
0
0
0
0
0
0
0
0
0
0
0
0
0
0
0
0
0
0
0
0
0
0
0
0
0
0
0
0
0
0
0
0
0
0
0
0
0
0
0
0
0
31
366
791
1009
1347
1855
2573
3145
3736
4489
4879
5337
5896
6102
6596
7054
7619
7973
7955
8199
8215
8655
8945
8972
9338
9558
9407
9613
10446
10899
11043
12005
12982
13983
15139
16409
18149
17754
10335
1586
0
0
0
0
0
0
0
0
0
0
0
0
0
0
0
0
0
0
0
0
0
0
0
0
0
0
0
0
0
0
0
0
0
0
0
0
0
0
0
0
0
0
0
0
0
0
0
0
0
0
0
0
0
0
0
0
0
0
28
255
608
911
1142
1658
2174
2953
3425
3994
4511
4896
5421
5820
6350
6821
7047
6989
7020
7138
7290
7514
7656
7391
7401
7845
7914
8384
8204
8556
8735
9200
9634
10612
10991
11528
12511
14236
15542
17197
19127
20391
12266
1635
0
0
0
0
0
0
0
0
0
0
0
0
0
0
0
0
0
0
0
0
0
0
0
0
0
0
0
0
0
0
0
0
0
0
0
0
0
0
0
0
0
0
0
0
0
0
0
0
0
0
0
0
0
0
2
173
506
805
1083
1286
1728
2435
2941
3584
4046
4655
4777
5412
5904
6064
6501
6779
6619
6959
6818
6607
6679
6569
6807
6747
6708
6572
6554
6261
6477
6535
6923
7026
7422
7810
8464
9325
9832
10867
12381
13666
15868
17550
20530
22047
11534
358
0
0
0
0
0
0
0
0
0
0
0
0
0
0
0
0
0
0
0
0
0
0
0
0
0
0
0
0
0
0
0
0
0
0
0
0
0
0
0
0
0
0
0
0
0
0
0
0
0
0
0
61
323
582
755
1097
1362
1876
2533
3066
3729
3926
4587
4672
5428
5745
5875
6611
6537
6241
6206
6104
6148
6532
6278
5965
5918
5721
5633
5688
5370
5288
5126
5086
5045
5123
5368
5692
5871
6521
7253
8024
8916
10190
11839
14268
16287
19031
23101
22328
6223
0
0
0
0
0
0
0
0
0
0
0
0
0
0
0
0
0
0
0
0
0
0
0
0
0
0
0
0
0
0
0
0
0
0
0
0
0
0
0
0
0
0
0
0
0
0
0
0
2
184
420
579
848
1085
1438
1843
2456
2858
3593
3882
4504
4584
5192
5505
5690
6157
5868
5750
5926
5879
5790
5870
5598
5360
5468
5435
5135
4814
4543
4563
4509
4398
4374
4335
4474
4521
4435
4816
5053
5462
6115
6683
7258
8339
9473
11689
14433
16528
20899
26288
15941
483
0
0
0
0
0
0
0
0
0
0
0
0
0
0
0
0
0
0
0
0
0
0
0
0
0
0
0
0
0
0
0
0
0
0
0
0
0
0
0
0
0
0
0
0
0
40
301
392
583
761
1045
1438
1907
2409
2932
3597
3730
4423
4703
5043
5431
5521
5699
5796
5651
5487
5392
5276
5405
5180
5211
4811
4631
4130
4079
4158
4112
3932
3625
3838
3724
3705
3561
3582
3639
3907
3754
4084
4190
4636
5366
6174
6797
7896
9810
11819
14765
19340
24621
24102
3989
0
0
0
0
0
0
0
0
0
0
0
0
0
0
0
0
0
0
0
0
0
0
0
0
0
0
0
0
0
0
0
0
0
0
0
0
0
0
0
0
0
0
0
56
293
384
581
742
1083
1424
1844
2271
2879
3353
3645
4107
4400
4905
5267
5270
5270
5597
5346
5233
5071
5010
5192
4982
4602
4332
3905
4317
4094
4083
3737
3595
3234
3249
3147
3085
3226
2820
2984
3005
2852
3036
3139
3237
3459
3792
4205
4844
5523
6543
8128
10453
13411
17458
23574
28701
8727
0
0
0
0
0
0
0
0
0
0
0
0
0
0
0
0
0
0
0
0
0
0
0
0
0
0
0
0
0
0
0
0
0
0
0
0
0
0
0
0
0
94
285
378
494
699
1001
1270
1780
2048
2755
3190
3663
3980
4167
4692
4975
5156
4908
5326
5113
5182
4825
4851
4639
4448
4314
4115
4018
4099
3722
3737
3451
3347
3350
3076
2858
3097
2914
2687
2600
2530
2596
2424
2185
2161
2279
2439
2632
3017
3478
3980
4470
5628
7023
9059
12044
16083
22117
30349
13717
0
0
0
0
0
0
0
0
0
0
0
0
0
0
0
0
0
0
0
0
0
0
0
0
0
0
0
0
0
0
0
0
0
0
0
0
0
0
0
112
255
333
537
664
968
1286
1653
2110
2594
2940
3543
3836
3998
4401
4654
5042
4797
4986
5172
5283
4996
4361
4711
4353
4274
4163
4345
4037
3979
3803
3823
3687
3842
3920
3949
3808
3487
3594
3252
2850
2328
2077
2012
1989
1982
1841
2006
2013
2051
2151
2692
3315
3928
4849
6148
7985
10338
15093
21644
31118
17390
0
0
0
0
0
0
0
0
0
0
0
0
0
0
0
0
0
0
0
0
0
0
0
0
0
0
0
0
0
0
0
0
0
0
0
0
0
112
276
386
537
598
840
1171
1490
2015
2258
2914
3152
3577
3816
4199
4674
4851
4647
5005
5021
5167
4894
4266
4547
4449
4319
4322
4172
3958
4055
4097
4504
4554
4474
4698
4540
4651
4845
4769
4811
4592
4523
4321
3445
2812
2390
1971
1842
1618
1684
1770
1891
1911
2240
2570
3215
4020
5204
7130
8998
13599
20874
31085
20129
0
0
0
0
0
0
0
0
0
0
0
0
0
0
0
0
0
0
0
0
0
0
0
0
0
0
0
0
0
0
0
0
0
0
0
76
236
346
432
561
726
1041
1290
1736
2118
2713
3014
3438
3842
4094
4570
4499
4804
4836
5005
4995
4696
4502
4427
4456
4396
4348
4143
4320
4424
4701
4675
4754
4959
5160
5377
5242
5444
6270
6548
6684
6555
6720
6770
6179
5660
4762
3319
2243
1873
1607
1487
1544
1607
1620
1913
2282
2756
3365
4797
6448
8291
12910
20158
31775
19749
0
0
0
0
0
0
0
0
0
0
0
0
0
0
0
0
0
0
0
0
0
0
0
0
0
0
0
0
0
0
0
0
0
53
228
294
391
539
671
983
1202
1554
1952
2333
2862
3104
3912
3849
4161
4498
4604
4656
4667
4716
4765
4568
4355
4373
4347
4295
4383
4442
4803
4818
4939
4923
5494
5719
6113
6298
6460
6772
7405
7507
7772
8058
8054
7957
8289
8049
7653
6843
5759
3765
2671
1924
1662
1456
1442
1559
1851
2011
2528
3179
4312
6103
8117
12596
20374
33436
16532
0
0
0
0
0
0
0
0
0
0
0
0
0
0
0
0
0
0
0
0
0
0
0
0
0
0
0
0
0
0
0
29
162
224
383
443
617
775
1084
1388
1813
2161
2477
2856
3531
3498
3939
4234
4257
4527
4337
4513
4615
4512
4247
4287
4418
4502
4525
4384
4551
4748
4775
5031
5513
5814
6038
6661
6967
7444
7813
7688
7869
7889
8027
8544
9302
9385
9376
9506
9680
9671
8465
6221
3654
2362
1757
1400
1351
1487
1508
1692
2094
2802
4044
5803
8090
12800
20998
35754
11729
0
0
0
0
0
0
0
0
0
0
0
0
0
0
0
0
0
0
0
0
0
0
0
0
0
0
0
0
0
23
150
169
332
447
588
673
955
1166
1609
1918
2226
2687
3148
3439
3735
3971
4266
4398
4313
4370
4628
4684
4419
4406
4493
4572
4400
4456
4601
4789
4658
5241
5706
6103
6184
6730
6445
7164
7295
7198
7384
8292
8479
8578
8760
9107
9523
9997
10646
10854
10872
11131
10848
8597
5164
2760
1868
1307
1205
1324
1257
1701
1926
2520
3897
5655
8095
12860
22834
36932
5854
0
0
0
0
0
0
0
0
0
0
0
0
0
0
0
0
0
0
0
0
0
0
0
0
0
0
0
0
122
172
250
437
434
606
779
1004
1407
1735
2105
2286
3026
3240
3616
4019
3934
4249
4282
4293
4470
4686
4391
4432
4478
4345
4210
4789
4830
4763
4945
5233
5674
5849
6240
6077
6310
6756
6788
6783
7184
7512
7748
7192
7627
7717
8165
8213
8312
9365
9871
10885
11191
11932
12542
11615
7444
3644
1973
1422
1192
1324
1320
1567
1789
2650
3779
5671
8809
14232
26507
34580
907
0
0
0
0
0
0
0
0
0
0
0
0
0
0
0
0
0
0
0
0
0
0
0
0
0
0
54
149
207
347
436
513
618
937
1202
1494
1848
2058
2486
3125
3284
3841
3748
4018
4181
4366
4118
4485
4600
4390
4327
4188
4260
4498
4842
4721
4812
5027
5420
5626
5665
6047
6247
6253
6703
6572
7010
6760
6901
6532
6158
6468
6714
7327
7400
8061
8320
8740
9053
10518
11986
11949
13476
12891
9209
4650
2206
1525
1167
972
1495
1511
1854
2393
3815
5800
9474
16544
30925
25420
0
0
0
0
0
0
0
0
0
0
0
0
0
0
0
0
0
0
0
0
0
0
0
0
0
22
143
160
260
412
482
582
700
1030
1361
1599
1900
2322
2772
3187
3333
3801
3575
4066
4145
4120
4324
4564
4462
4398
4195
4151
4683
4355
4783
4771
4842
5439
5507
5824
5775
6114
6092
6569
6748
6698
5779
5855
5693
5640
6040
5994
6096
5708
6239
6902
7166
7433
7975
8504
9960
11558
13136
13862
13696
10311
5370
2510
1636
1194
1037
1195
1445
1859
2496
4096
6429
10789
19670
38137
10744
0
0
0
0
0
0
0
0
0
0
0
0
0
0
0
0
0
0
0
0
0
0
0
0
100
183
186
337
445
569
564
876
1192
1430
1755
1962
2311
2745
3227
3553
3847
3739
4026
4203
4174
4607
4473
4426
4249
4118
4287
4741
4568
4884
4955
5403
5193
5496
6176
6036
6051
5717
6433
6693
6003
5958
5766
5561
5499
5436
4938
5269
5615
5881
5765
5958
6396
6974
7241
8207
9470
11182
12937
14529
14864
12173
6005
2520
1352
1176
986
1107
1479
1897
2558
4076
7476
12741
24526
37818
777
0
0
0
0
0
0
0
0
0
0
0
0
0
0
0
0
0
0
0
0
0
0
36
150
158
263
363
530
521
628
989
1348
1452
1774
1968
2409
2959
3159
3505
3736
3931
3810
3946
4448
4377
4090
4433
4194
4179
4482
4833
4631
4999
5234
5346
5271
5584
5938
5577
5513
5949
6321
5750
5373
5101
5228
4384
5017
4477
4548
4582
4188
4447
4321
4655
4843
5337
5954
6272
7357
9029
11477
12993
14307
15882
12949
5805
2453
1415
1152
1057
1098
1553
1935
2788
4838
8664
15857
32040
23489
0
0
0
0
0
0
0
0
0
0
0
0
0
0
0
0
0
0
0
0
0
16
109
140
213
294
419
485
507
769
1149
1337
1477
1770
2172
2575
2971
3045
3536
3775
3668
3754
4026
4477
4276
4157
4330
4095
4397
4510
4406
4749
4925
5207
4995
5635
5744
6041
5565
5794
5670
5873
5768
5641
4764
4806
4414
4691
4199
4188
3859
4015
4363
3845
3609
3912
4119
4672
5211
5868
6946
8106
10644
12535
15298
16899
13082
5405
2252
1468
1203
948
1140
1545
2034
3110
5836
10751
20609
40981
4170
0
0
0
0
0
0
0
0
0
0
0
0
0
0
0
0
0
0
0
0
37
148
198
220
333
428
448
575
847
1160
1230
1658
1804
2281
2642
3145
3147
3687
3683
3478
3734
4163
4495
4253
3965
4213
4318
4707
4399
4644
4976
5010
5113
5444
5718
5490
5625
5705
5431
5705
6021
5272
5209
5152
5030
5149
4304
4288
4284
4017
3724
3820
3498
4091
3585
3632
3804
4106
4162
4919
6330
8194
10542
13424
15914
16949
11807
4518
1968
1458
1296
988
1173
1574
2328
3793
7343
13766
29155
29119
0
0
0
0
0
0
0
0
0
0
0
0
0
0
0
0
0
0
0
19
118
168
168
252
351
411
510
706
887
1273
1336
1637
1992
2278
2594
2953
3231
3667
3527
3492
4123
4019
4316
4218
4208
4132
4326
4597
4587
4841
4927
5072
5205
5767
5788
5830
5747
5690
5228
5148
5477
5558
5171
4964
5106
4960
4675
4721
4848
4615
4560
4231
4041
3337
3301
3076
2822
3025
3417
3868
4606
5848
8032
10555
13446
16255
17971
9722
3533
1679
1393
974
1043
1190
1808
2902
4746
9318
18977
41796
4903
0
0
0
0
0
0
0
0
0
0
0
0
0
0
0
0
0
0
91
102
177
222
388
319
445
592
714
957
1333
1319
1677
2171
2370
2609
2871
3193
3584
3733
3631
3995
4002
4251
4166
4155
4312
4280
4635
4586
4856
4708
5181
5407
5602
5607
5565
5605
5531
5139
5186
5277
5676
5222
5267
5456
5672
5471
4969
4836
5036
5058
4821
4260
3667
2994
2875
2774
2541
2841
3151
3861
4786
5297
7840
10305
14067
18100
16787
7467
2811
1554
1141
862
1112
1354
2042
3464
6146
12940
29893
27926
0
0
0
0
0
0
0
0
0
0
0
0
0
0
0
0
0
6
131
139
145
266
298
378
456
645
750
1035
1266
1375
1695
2067
2400
2681
2951
3332
3359
3759
3592
3849
3909
4251
4133
4128
4244
4413
4506
4440
4834
4761
5360
5370
5294
5586
5865
5488
5287
5157
5273
5289
5364
5093
5654
5733
5734
5554
5322
6070
6068
6462
6479
5832
4721
4347
3206
2891
2512
2562
2234
2754
3297
4189
6040
8083
11665
15516
18413
14122
5228
2358
1402
1075
1071
1166
1745
2422
4671
8708
19625
42693
1971
0
0
0
0
0
0
0
0
0
0
0
0
0
0
0
0
59
106
147
162
277
298
390
509
615
857
1138
1297
1474
1759
2086
2395
2727
2973
3416
3575
3796
3522
3773
3789
4233
4016
4322
4268
4336
4453
4705
4818
4695
5177
5549
5892
5772
5686
5286
5492
5137
5261
5804
5341
5105
5390
5667
5788
6117
6254
6953
7142
7107
7245
7689
6775
6108
4443
3047
2760
2117
2121
2122
2574
3001
3960
6227
8862
12472
17324
18441
10251
3561
1790
1097
1046
1193
1339
2023
3589
6339
13544
32713
22051
0
0
0
0
0
0
0
0
0
0
0
0
0
0
0
0
92
100
155
192
264
293
408
549
630
888
1147
1306
1401
1879
1951
2466
2622
2944
3402
3409
3570
3750
3725
3939
4155
4111
4364
4062
4320
4625
4732
5123
4934
5313
5691
5822
5449
5138
5097
4960
5069
5134
5349
5216
5115
5473
5702
5820
5823
6358
6523
7191
7354
7870
8283
8004
7077
6336
5104
3395
2791
2348
2369
2202
2537
3013
4495
7516
10034
14158
18171
16110
6436
2394
1401
1147
1011
1277
1610
2721
4932
10124
22241
38383
0
0
0
0
0
0
0
0
0
0
0
0
0
0
0
12
90
139
151
227
291
316
482
508
732
870
1096
1316
1420
1736
2090
2501
2628
3086
3302
3454
3508
3657
3784
3981
4145
4122
4264
4446
4150
4600
4860
4851
4890
5016
5920
5826
5337
4969
5490
5269
5503
5081
4935
5510
5523
6062
6354
6363
6853
6801
7128
7295
7111
7595
8748
9032
9442
8959
7412
5848
3794
2891
2538
2299
2340
2553
3219
5320
8021
10919
16356
20047
11513
3805
1675
1298
1062
1141
1517
2136
3779
7405
16340
41168
7102
0
0
0
0
0
0
0
0
0
0
0
0
0
0
37
119
118
199
241
281
395
453
591
715
918
1089
1344
1569
1815
2121
2313
2556
3138
3289
3444
3678
3334
3739
3796
4186
4053
4076
4374
4551
4674
4770
4727
4975
4951
5727
5731
5448
4890
5046
5420
5352
5164
4814
5527
5585
6267
6187
6051
6457
6526
6270
6807
7074
7422
8131
8954
9082
9990
9845
7945
5393
3668
2388
2137
2211
2412
2920
4013
6181
9141
13606
18553
17134
6007
2230
1343
1230
1152
1391
1705
2932
5763
12252
29681
25691
0
0
0
0
0
0
0
0
0
0
0
0
0
0
57
115
130
200
251
272
426
493
620
707
843
1180
1317
1531
1787
2176
2362
2737
3054
3102
3362
3526
3491
3514
3866
4212
4177
4283
4558
4610
4672
4840
4727
4996
5067
5655
5469
4992
5173
4718
5611
5301
4955
4900
5755
5691
6324
6314
6335
6341
6639
6516
6518
6890
7045
7224
8017
9603
10770
10947
10054
8471
4549
2951
2189
1809
2045
2768
3221
4729
7066
11628
16795
19551
10476
3328
1522
1278
1271
1205
1633
2515
4570
9382
22517
37480
0
0
0
0
0
0
0
0
0
0
0
0
0
3
96
100
130
175
243
369
387
541
606
711
899
1195
1300
1566
1719
2112
2288
2878
2973
3251
3412
3298
3337
3547
4084
3954
4227
4308
4548
4434
4623
4704
4860
5028
4977
5268
5318
5030
4990
4984
5090
4929
4904
4867
5301
5900
6003
6362
6067
6047
6317
6308
5755
6007
5947
6450
7548
9049
10501
10969
11233
10623
6747
4123
2675
2045
2069
2183
2636
3639
6064
9755
14495
19313
14716
4951
1959
1249
1204
1119
1495
2105
3866
7615
17147
42665
3074
0
0
0
0
0
0
0
0
0
0
0
0
18
104
109
145
182
258
379
330
493
561
792
921
1123
1257
1615
1634
2201
2204
2805
2788
3093
3367
3382
3292
3599
4005
4028
4008
4513
4290
4670
4496
4637
5171
5041
5138
5011
5431
5331
4839
5154
5439
5245
4812
4917
5533
5735
5953
6258
6122
5528
5750
5935
5399
5054
4685
5045
6101
7494
8717
9916
11925
12842
10318
6532
3594
2382
2084
2242
2300
3231
4978
7638
11593
18089
18526
8203
2699
1538
1348
1121
1283
1888
2961
6469
13444
34188
17435
0
0
0
0
0
0
0
0
0
0
0
0
47
100
126
143
211
267
379
356
480
537
841
878
1108
1233
1570
1722
2184
2123
2617
2683
2945
3371
3200
3053
3491
3941
3906
4148
4166
4255
4637
4321
4600
4896
5016
4830
5263
5144
5214
4980
4914
5478
4899
5029
5255
5988
6247
5746
6334
5975
5753
5375
5038
5193
5031
4893
4532
5635
6091
7125
9237
10540
12944
12517
8705
4477
3145
2216
2012
2228
2472
4361
6377
9960
15445
20375
11601
3768
1847
1148
1234
1216
1643
2591
5016
10969
27212
29037
0
0
0
0
0
0
0
0
0
0
0
0
52
106
124
146
224
294
369
396
542
626
803
833
1104
1250
1571
1662
1954
2276
2591
2837
3074
3298
3199
3363
3509
3780
4033
4159
4145
4580
4540
4560
4624
4707
4747
4973
5350
5072
4703
4807
4971
5035
5015
5165
5534
6037
6447
6050
6013
5607
5286
5139
4950
4673
4339
4096
4145
4475
4891
6165
7779
9376
11643
12914
11103
6510
3636
2337
1950
2006
2473
3303
5252
8163
13540
19453
15193
4639
2260
1298
1351
1275
1525
2437
4114
9216
21672
37018
0
0
0
0
0
0
0
0
0
0
0
0
86
105
133
128
221
340
352
372
516
649
775
837
1052
1305
1531
1667
1973
2187
2587
2636
2981
3246
3266
3299
3566
3669
4008
4189
3853
4755
4219
4732
4224
4556
4769
4648
4922
4774
4679
4981
5037
5248
4980
5488
5315
5595
5981
5852
5942
6060
5734
5661
5029
4372
4147
3740
3327
3691
3621
5032
6586
8663
11114
13080
13800
8887
4568
2543
1942
1879
2419
3546
4579
7681
12354
18877
17559
6221
2531
1549
1183
1268
1484
2064
3563
7625
18078
42796
0
0
0
0
0
0
0
0
0
0
0
5
79
98
162
118
214
323
325
368
490
586
766
861
969
1312
1577
1632
1900
2300
2363
2404
2858
3152
3133
3376
3592
3639
3967
4194
4129
4447
4433
4622
4216
4576
4715
4716
4581
4835
4946
5167
5182
5346
5637
5495
5415
5885
6168
5457
5609
6087
6136
6179
5596
4580
3837
3131
2667
2540
3564
4110
5141
7531
9563
12376
14368
10363
6013
3089
2680
2094
2358
2870
4229
5784
9979
17091
20469
8301
2668
1699
1256
1224
1357
1966
3348
6685
15622
43215
3765
0
0
0
0
0
0
0
0
0
0
18
113
101
138
181
271
281
323
409
515
561
784
803
966
1182
1567
1598
1835
2423
2257
2616
2771
3239
3106
3390
3540
3661
3915
4116
4043
4373
4459
4595
4428
4320
4403
4848
4401
4638
5040
5278
5274
5583
5588
5369
5418
5499
5944
5464
5286
5524
6084
5822
6118
5301
4102
3432
2667
2785
3038
3393
4405
6560
8596
11294
13939
12006
7341
3718
2708
2339
2064
2492
3917
5997
9647
15659
20568
10317
3099
1790
1325
1277
1232
1768
3071
5776
13555
36554
12891
0
0
0
0
0
0
0
0
0
0
21
111
122
145
186
243
271
264
425
482
553
730
821
943
1212
1416
1632
1823
2303
2199
2537
2684
3135
3150
3440
3640
3667
3606
4006
4088
4230
4520
4607
4248
4480
4532
4517
4387
4507
5040
5291
5644
5606
6085
5960
5579
5151
5165
5265
5374
5797
6236
6637
6626
6289
4931
3266
2939
2477
2892
3260
4049
5712
7649
10614
12008
12426
8877
4301
2893
2177
2081
2507
3659
5564
9051
14151
20150
12078
3803
1924
1442
1326
1355
1851
2807
5655
12073
31908
19435
0
0
0
0
0
0
0
0
0
0
23
111
125
173
177
249
283
324
341
501
628
685
831
940
1114
1391
1605
1750
2052
2271
2461
2611
2934
3244
3427
3571
3700
3713
4043
4166
4280
4390
4224
4379
4229
4616
4461
4759
4768
4848
5224
5865
5918
6062
5634
5193
4745
4763
4783
5262
5609
5964
6377
7059
6805
6106
4597
3349
2883
2554
2885
3278
4721
6810
9170
12279
13200
9224
5238
3336
2247
2397
2672
3370
5041
7891
13967
19032
13902
4480
2175
1530
1309
1372
1730
2592
5123
11621
28783
23867
0
0
0
0
0
0
0
0
0
0
55
99
126
178
223
237
298
321
373
442
545
751
764
983
1050
1363
1707
1688
1950
2328
2419
2630
2899
2913
3429
3543
3454
3634
3636
4156
4025
4418
4432
4395
4233
4547
4328
4409
4707
5254
5358
6023
6106
6001
5629
5003
4661
4829
4662
4490
5308
6195
7061
7824
8042
7504
5336
3793
2838
2409
2631
3184
4275
6135
8323
10691
12379
10277
5754
3330
2664
2595
2528
3388
4802
7361
12337
18263
14815
5294
2301
1466
1468
1166
1725
2538
5043
10817
26538
26569
0
0
0
0
0
0
0
0
0
0
67
97
149
145
173
221
314
321
402
437
607
697
806
840
1106
1387
1740
1552
1999
2151
2337
2499
2726
2917
3446
3495
3545
3748
3661
3949
4164
4240
4425
4099
4169
4182
4323
4560
4734
4871
5338
6310
5673
5530
5396
4862
4171
4145
4245
4378
4797
5837
6940
8876
8818
8770
7227
4430
3718
2695
2853
3228
4282
5099
7546
11253
13494
10149
5996
3652
2801
2634
2795
3039
4547
7375
12150
18112
16224
5305
2502
1513
1366
1366
1741
2579
4891
10522
25536
28302
0
0
0
0
0
0
0
0
0
0
64
111
131
114
222
246
316
300
344
402
578
610
843
843
990
1266
1636
1555
1837
2295
2304
2394
2552
2869
3435
3464
3565
3806
3518
3687
4105
4482
4400
4037
4148
4079
4364
4382
4844
4949
5366
5843
5753
5803
5292
4766
4485
4252
4071
4392
4876
5856
7376
9495
10001
9460
7964
5472
3696
3009
2927
3035
4216
5478
7444
10843
12750
10478
6181
3953
2993
2503
2747
3066
4651
7285
12077
17704
16057
5814
2635
1697
1333
1492
1578
2720
5031
10549
24716
28904
0
0
0
0
0
0
0
0
0
0
62
118
114
153
190
217
278
310
339
459
492
609
779
771
1034
1326
1553
1629
1685
2213
2196
2428
2455
2802
3233
3228
3458
3825
3439
3804
3840
4187
4282
4037
3965
4204
4164
4358
4733
4932
5172
6018
5480
5629
5279
4446
3970
3858
3706
4181
4724
5817
7106
8396
9863
10100
8082
6210
4403
3384
3433
3552
4109
5427
7777
10785
12458
10115
6530
4077
3109
2194
2895
3837
4762
6960
11220
17543
15102
5767
2761
1668
1412
1384
1760
2627
5020
10088
24568
29014
0
0
0
0
0
0
0
0
0
0
73
129
102
124
210
232
261
310
271
460
445
634
736
780
986
1335
1392
1624
1743
2047
2303
2202
2272
2724
3083
3345
3434
3652
3628
3705
3821
4119
4154
4133
3925
4093
4034
4572
4501
5248
5398
5442
5865
5429
5228
4595
3506
3783
3954
4121
5169
5724
7178
8599
9810
10134
8243
5576
4465
3610
3232
3320
4083
5635
7944
10360
11717
9527
6049
3997
3342
2537
2882
3555
5048
6963
11525
17811
15253
5269
2585
1889
1497
1424
1793
2654
4933
10490
25201
27920
0
0
0
0
0
0
0
0
0
0
80
127
117
177
198
216
236
315
255
428
464
598
678
829
923
1266
1301
1450
1688
1867
2151
2203
2239
2825
2810
3315
3158
3450
3547
3673
4098
3947
4103
3860
3913
3937
4343
4368
4606
4898
5329
5760
5793
5373
5116
4957
3879
4099
3905
4093
4800
6204
6973
9199
10257
8905
7767
5943
4148
3642
3099
3229
4446
6194
7451
10242
11721
9575
5588
4012
2916
2746
3151
3708
4773
7039
12230
16942
14170
5028
2502
1742
1453
1584
1855
2721
4935
10718
26506
26078
0
0
0
0
0
0
0
0
0
0
66
120
140
146
181
229
208
281
289
389
482
615
720
815
829
1185
1274
1356
1792
1830
2091
2067
2225
2605
2784
3118
3363
3321
3490
3570
4151
3786
4073
4039
4035
4020
4251
4324
4463
4940
5352
5399
5117
5400
5207
4670
4258
3934
4132
3944
4679
5969
7643
8512
9345
8651
6825
5821
4575
3421
3576
3702
4623
5960
7845
10392
10923
8365
5502
3875
3260
2588
3117
3749
5155
7551
12610
17540
13139
4864
2379
1895
1605
1669
1996
2937
5509
11092
28329
23141
0
0
0
0
0
0
0
0
0
0
51
144
141
166
190
209
199
282
310
392
445
584
632
761
815
1181
1150
1379
1600
1795
1949
1994
2323
2570
2523
2988
3236
3262
3509
3589
3756
3981
3784
4056
3897
4039
3944
4164
4360
4816
5250
5534
5267
5561
4710
4475
4549
4201
4283
4460
4785
5605
6682
8474
8625
8177
6248
4971
4551
3960
3256
4064
4936
6543
9298
11584
11497
8454
4911
3659
3059
2883
3423
4342
5299
8311
13198
17912
11337
4198
2330
1668
1545
1478
2095
2945
5756
12080
30482
18519
0
0
0
0
0
0
0
0
0
0
41
146
139
183
184
201
193
273
328
377
362
544
577
754
857
1073
1300
1343
1457
1786
1883
2027
2180
2368
2531
2693
3151
3275
3322
3542
3849
3532
4082
4113
3895
3894
3792
4252
3924
4528
5215
5148
5188
5606
5669
4689
4379
4310
4209
4268
4881
5749
6426
7643
7151
7192
5786
4573
3944
3822
3941
4287
5126
6605
9677
11316
10961
7282
4429
3700
3131
3290
3385
4273
5920
8748
13635
17512
9789
3705
2320
1786
1571
1720
2169
3279
6012
13173
34794
12498
0
0
0
0
0
0
0
0
0
0
8
114
144
209
155
199
210
286
354
387
358
472
575
746
828
880
1216
1300
1410
1686
1881
1844
2173
2417
2510
2765
2984
3362
3462
3443
3709
3512
3908
4015
3960
3703
4030
4270
4202
4401
4953
5284
5372
5474
5530
4736
4535
4456
4584
4493
4702
5393
5956
6704
6194
5990
5492
4961
4248
3716
4269
4513
5703
7010
9222
11376
9260
6673
4578
3467
3104
2891
3431
4421
6410
9839
15055
17276
8377
3205
2093
1551
1603
1830
2292
3477
6654
14849
39806
3622
0
0
0
0
0
0
0
0
0
0
0
119
122
217
175
212
264
205
324
362
395
414
637
696
797
860
1196
1248
1409
1541
1751
1748
2066
2348
2500
2623
3201
3159
3215
3654
3397
3672
3681
3875
4089
3713
4005
4209
4554
4678
4719
4939
5007
5475
5383
5201
4877
4491
5073
4448
4773
5185
5925
5806
5688
5417
4671
4122
4343
4211
4291
5249
6415
7896
9381
10358
8724
5958
4103
3600
2996
2926
3884
4888
7292
11097
15389
15233
6474
2885
2013
1594
1695
1921
2412
3990
7625
17613
39788
0
0
0
0
0
0
0
0
0
0
0
0
86
129
187
175
178
245
205
263
305
401
468
640
646
764
807
996
1149
1329
1576
1652
1715
2124
2112
2395
2654
2808
3387
3307
3289
3493
3677
3452
3695
4121
3666
3903
4114
4275
4602
4762
4745
5160
5456
5244
5176
5135
4854
4778
4868
5215
5327
5386
5148
4901
4878
4080
4048
4186
4735
4836
5727
7125
8405
10582
10092
7168
5249
3806
3028
2941
3005
3822
5372
7658
12512
15818
12638
5214
2637
1801
1512
1782
1986
2736
4468
9310
20522
33889
0
0
0
0
0
0
0
0
0
0
0
0
62
108
171
205
214
245
229
238
313
360
417
567
625
726
785
930
1171
1315
1464
1605
1648
2082
2184
2259
2707
2751
3020
3238
3223
3389
3499
3574
3670
4004
3756
3858
4094
3950
4318
4482
4804
5151
5607
5352
5080
5036
5158
4929
5482
5441
4758
5488
5150
4768
4167
4173
4409
4443
4670
5237
6208
7734
8771
9921
8284
6351
4945
3703
2900
2994
3430
4109
6083
8960
13043
16592
10179
3995
2603
1882
1705
1842
2257
3119
5455
10905
24803
26352
0
0
0
0
0
0
0
0
0
0
0
0
38
134
170
202
204
228
257
245
341
359
446
514
550
658
758
930
1078
1288
1363
1580
1591
1915
1993
2193
2532
2681
2912
3002
3150
3232
3286
3382
3636
3723
3556
3846
3887
4071
4384
4753
4482
4841
5438
5460
5039
5131
4925
4941
4994
5203
5079
4834
4821
4674
4409
4169
4256
4599
5342
6345
7351
8738
9118
8162
7231
5495
4021
3342
3092
3121
3803
4991
6832
10229
14523
15387
7374
3667
2358
1696
1791
1997
2356
3631
6362
12987
30809
16444
0
0
0
0
0
0
0
0
0
0
0
0
4
154
127
189
241
198
220
250
283
344
381
497
561
615
809
921
1000
1099
1293
1409
1611
1867
1766
2107
2395
2460
2983
3028
3291
3161
3393
3271
3567
3585
3697
3669
3980
4108
3936
4306
4611
4721
4667
4939
4947
4703
5125
5094
4856
4751
4752
4801
4692
4765
4851
4601
4652
5180
5862
6951
7689
9201
8858
7411
6151
4492
3967
3507
3244
3427
4402
6126
8067
11669
14900
12300
5493
2999
2121
1783
1801
2032
2909
4387
7458
16129
38781
3158
0
0
0
0
0
0
0
0
0
0
0
0
0
114
160
178
210
166
226
282
290
348
380
517
578
609
775
803
958
1095
1182
1335
1451
1805
1796
1913
2130
2403
2767
2966
3151
3194
3376
3350
3435
3659
3925
3871
3999
3974
4080
4097
4695
4665
4720
4693
5042
4919
5279
5121
5011
4841
4544
4579
5290
4788
4814
5255
5409
5589
6490
7767
8490
9116
7914
6562
4915
4117
3674
3271
3531
3680
4947
7227
9348
13054
15469
9144
4067
2890
2064
1849
2017
2396
3164
4987
9268
20420
33119
0
0
0
0
0
0
0
0
0
0
0
0
0
0
77
156
195
191
174
228
272
308
319
366
523
584
603
713
818
830
1136
1179
1179
1442
1674
1854
2120
2131
2161
2596
2908
3031
3306
3175
3317
3519
3569
3609
3939
3884
4009
4209
3955
4403
4539
4645
4672
4927
5081
5049
4882
5087
5162
5183
4945
4843
5335
5097
5490
6005
6606
7047
8071
8493
7674
6551
4938
4315
3750
3623
3375
3478
4356
5912
7863
10460
14138
13470
6519
3795
2485
1938
1984
2110
2673
3599
5845
12077
26750
22367
0
0
0
0
0
0
0
0
0
0
0
0
0
0
29
139
174
192
198
237
245
306
357
346
451
493
588
733
779
811
1005
1079
1178
1450
1666
1759
2000
2050
2107
2464
2723
2934
3238
3087
3118
3524
3494
3566
3828
3768
3623
4185
4124
4065
4334
4716
4467
4677
5082
5037
5398
5257
5178
5451
5297
5112
5088
5161
6230
6322
6672
7380
7454
7577
6763
5324
4578
3827
3629
3609
3566
4239
5523
6604
9193
12446
14555
9845
4680
2844
2196
1972
1879
2459
2920
4228
7576
15859
35358
6498
0
0
0
0
0
0
0
0
0
0
0
0
0
0
0
122
198
199
196
230
230
269
370
360
448
488
560
670
732
815
958
1032
1066
1352
1496
1595
1871
2062
2170
2348
2484
3085
3028
3183
2999
3498
3410
3487
3625
3915
3760
3818
4079
4053
4166
4573
4698
4820
4751
5105
5249
5572
5174
5262
5303
5369
5612
5803
6124
6829
7175
7119
6951
6522
5619
4508
4004
3717
3620
3734
4308
4747
6187
8067
10766
13425
13136
6567
3318
2321
1982
1867
2017
2427
3329
5117
10209
21383
31685
0
0
0
0
0
0
0
0
0
0
0
0
0
0
0
0
69
157
165
182
226
234
243
324
328
391
530
561
658
673
773
871
896
1063
1327
1562
1355
1669
1965
1942
2288
2404
2848
2896
3021
3060
3160
3483
3469
3406
3595
3801
3848
4045
4049
4081
4339
4605
4667
4585
4528
4876
5381
5829
5356
5340
5685
5772
6177
6413
6841
7114
6756
5808
5469
3925
3850
3842
3781
3813
4156
4795
5687
7832
9322
12517
13478
8600
4483
2991
2289
1953
2034
2261
2796
4170
7165
13237
28654
17820
0
0
0
0
0
0
0
0
0
0
0
0
0
0
0
0
10
201
203
184
199
215
249
286
355
363
424
533
582
695
756
875
912
1050
1195
1461
1360
1553
1827
1924
2231
2226
2720
2745
2863
3294
3317
3188
3370
3468
3721
3928
3839
3796
4112
3994
4275
4569
4603
4599
4928
4982
5046
5529
5673
5622
5841
5650
5693
6174
6024
6398
6019
4666
4263
4106
3802
3900
3594
4108
4519
5450
6898
8946
11192
12999
10870
5730
3535
2496
1813
2113
1906
2395
3314
5883
9240
18198
34776
1608
0
0
0
0
0
0
0
0
0
0
0
0
0
0
0
0
0
131
185
205
218
234
260
249
395
387
411
472
596
608
718
769
909
992
1107
1400
1287
1434
1869
1795
2146
2373
2526
2723
2802
2990
3243
3305
3349
3389
3535
3755
3845
3953
3987
3932
4144
4593
4739
4403
4868
4699
5254
5190
5172
5424
5417
6029
5843
5321
5742
5456
4920
4521
4331
3880
3996
3867
3966
4388
4995
6976
8242
10197
12387
12098
7613
3751
2729
1900
2128
1948
2249
3023
4360
7166
12553
25285
22935
0
0
0
0
0
0
0
0
0
0
0
0
0
0
0
0
0
0
14
182
181
252
232
269
260
295
366
441
511
608
557
665
735
831
849
1112
1260
1362
1468
1580
1866
2015
2192
2503
2473
2729
3107
2992
3160
3505
3398
3622
3379
3946
4099
3937
4137
4071
4485
4598
5004
4649
4705
4912
4975
4910
5137
5834
5477
5096
5175
4815
4599
4151
3920
3709
4160
3826
4082
4782
5397
6475
8278
9976
11462
12233
8140
4817
3038
2416
2141
2050
2129
2562
3574
5333
9182
17041
33672
4307
0
0
0
0
0
0
0
0
0
0
0
0
0
0
0
0
0
0
0
131
193
214
205
317
277
267
311
401
424
580
527
638
594
787
930
1066
1228
1277
1475
1553
1811
1939
2261
2238
2631
2680
2865
2934
3086
3380
3490
3306
3740
3690
3899
3873
4024
4220
4460
4390
4467
4328
4606
4848
4529
4549
4899
4700
4789
4632
4641
4264
4063
3858
3710
4105
4192
4199
4813
5444
6578
7704
9205
11018
11735
9877
5514
3274
2552
2117
2078
2088
2462
2978
4614
7385
12566
24776
23422
0
0
0
0
0
0
0
0
0
0
0
0
0
0
0
0
0
0
0
0
22
243
245
189
253
295
300
281
409
470
497
524
580
603
718
809
979
1139
1236
1422
1429
1759
1876
1992
2264
2348
2536
2657
2896
3192
3180
3221
3438
3507
3587
3692
3977
3805
4168
4234
4366
4130
4272
4540
4513
4456
4587
4998
4916
4591
4432
4190
4086
4019
4059
3810
4172
4342
5093
5583
6260
7359
8703
9915
11334
9383
5826
3626
2782
2338
2042
1922
2361
2827
4094
5947
10106
18068
33278
3648
0
0
0
0
0
0
0
0
0
0
0
0
0
0
0
0
0
0
0
0
0
98
227
222
242
305
286
273
344
456
475
459
568
591
649
804
988
1012
1113
1341
1374
1709
1839
1780
2196
2282
2508
2707
2644
3119
3092
3208
3316
3573
3402
3667
4205
3832
3879
4155
4535
4366
3923
4141
4285
4221
4161
4324
4445
4132
4115
4597
4629
4234
4340
4457
5024
5337
5747
6291
7330
8254
9732
10712
10114
6250
3952
2828
2539
2155
2180
2293
2837
3854
5360
7938
13774
26579
18324
0
0
0
0
0
0
0
0
0
0
0
0
0
0
0
0
0
0
0
0
0
0
3
241
253
254
340
291
297
318
401
508
520
520
616
699
811
832
882
1002
1298
1444
1374
1792
1869
2068
2259
2481
2551
2749
2815
3069
3243
3511
3383
3493
3242
3995
3762
3808
3939
4384
4215
4130
3972
3980
4221
4476
4569
4405
4195
4182
4662
4769
4720
5142
4823
5648
6078
6913
7096
8010
9762
10630
9769
6443
3912
3287
2560
2325
2141
2405
2638
3502
4576
6771
11679
20310
30022
811
0
0
0
0
0
0
0
0
0
0
0
0
0
0
0
0
0
0
0
0
0
0
0
52
228
262
316
304
297
349
419
507
472
513
581
706
808
792
912
975
1224
1435
1311
1694
1954
1982
2044
2367
2548
2379
2806
2827
3200
3446
3488
3165
3314
3796
3866
3603
3870
3944
4148
4020
4181
3926
4053
4164
4407
4520
4319
4709
4795
4840
5247
5248
5586
6327
6896
7539
8652
9213
10172
8839
5395
3874
3179
2645
2372
2265
2270
2628
3313
4678
6201
10092
16356
30238
9071
0
0
0
0
0
0
0
0
0
0
0
0
0
0
0
0
0
0
0
0
0
0
0
0
0
152
300
258
289
366
341
408
485
439
530
637
668
743
832
753
889
1232
1205
1464
1442
1706
2103
1933
2213
2539
2556
2828
2818
2911
3196
3455
3499
3567
3499
3926
3504
3698
4202
3897
4196
4163
4122
3999
4384
4124
4199
4697
4848
5041
5290
5599
6055
6614
7297
7733
8597
8945
8917
7734
5364
3473
2863
2552
2131
2160
2402
2522
3238
4276
6068
9006
13966
24520
20133
0
0
0
0
0
0
0
0
0
0
0
0
0
0
0
0
0
0
0
0
0
0
0
0
0
0
5
224
277
318
324
316
368
465
463
551
607
651
640
881
762
840
1110
1165
1327
1423
1556
1946
2053
2006
2375
2574
2692
2773
2832
3161
3444
3575
3858
3606
3760
3632
3506
4004
4102
4177
4223
4639
4646
4636
4697
5052
4906
5140
5364
5992
6182
6082
6904
7497
8170
8280
8242
6888
4638
3769
2990
2785
2419
2398
2473
2677
3130
3966
5986
8159
12662
20497
26689
842
0
0
0
0
0
0
0
0
0
0
0
0
0
0
0
0
0
0
0
0
0
0
0
0
0
0
0
54
292
317
330
374
389
399
481
438
512
692
589
768
783
882
1011
1221
1272
1368
1698
1804
1906
1930
2091
2561
2554
2783
2740
2854
3474
3479
3575
3899
3740
3728
3677
4124
4144
3914
4269
4451
4974
4990
4974
5535
5391
5752
5881
6371
7010
7030
7590
7543
8079
7470
5945
4524
3556
2996
2663
2417
2532
2610
2725
3189
4523
5757
8260
11568
18280
27572
4575
0
0
0
0
0
0
0
0
0
0
0
0
0
0
0
0
0
0
0
0
0
0
0
0
0
0
0
0
0
67
334
340
339
400
409
471
452
511
607
638
687
744
861
964
1181
1301
1367
1572
1687
1786
1876
2185
2309
2674
2944
2710
3054
3220
3527
3414
3682
3941
3706
4010
3943
4000
4266
4356
4898
5047
5424
5320
5479
5903
5946
6125
6524
6810
7367
7492
7204
6337
4607
3719
3249
2896
2790
2675
2628
2667
2879
3438
4455
5625
7722
11128
16954
26485
9387
0
0
0
0
0
0
0
0
0
0
0
0
0
0
0
0
0
0
0
0
0
0
0
0
0
0
0
0
0
0
0
153
423
294
391
425
487
481
499
543
657
645
649
813
844
1037
1278
1337
1474
1625
1696
1846
2077
2297
2367
2769
2762
2894
3071
3235
3346
3557
4036
3901
4062
4065
4237
4607
4586
4588
5049
5175
5275
5681
5907
6482
6289
6425
6544
6594
5904
4827
4119
3398
3058
2668
2559
2557
2547
2733
2898
3778
4655
5716
7736
10807
16550
25148
13223
0
0
0
0
0
0
0
0
0
0
0
0
0
0
0
0
0
0
0
0
0
0
0
0
0
0
0
0
0
0
0
0
0
232
376
380
436
464
507
469
548
655
683
718
747
805
893
1088
1282
1372
1624
1542
1722
1921
2009
2292
2576
2826
2716
3251
3150
3316
3526
3716
3884
3973
4006
4149
4600
4713
4542
4742
5223
5372
5648
5717
6119
6072
5678
4948
4459
3549
3147
3401
2676
2540
2591
2627
2973
3048
3282
3991
4507
5863
7977
10437
15400
23754
15137
0
0
0
0
0
0
0
0
0
0
0
0
0
0
0
0
0
0
0
0
0
0
0
0
0
0
0
0
0
0
0
0
0
0
0
171
402
394
494
440
485
537
635
693
707
798
712
872
1043
1176
1329
1515
1579
1695
1818
1950
2349
2507
2738
2788
3012
3062
3175
3348
3634
3705
4065
4082
3894
4188
4497
4567
4871
5405
5326
4675
5149
4665
4250
3595
3321
3257
2967
2943
2887
2608
2869
2605
3025
3398
3617
4025
4768
6145
7859
11053
15292
23643
15708
0
0
0
0
0
0
0
0
0
0
0
0
0
0
0
0
0
0
0
0
0
0
0
0
0
0
0
0
0
0
0
0
0
0
0
0
0
247
452
493
538
549
560
564
680
745
835
844
897
930
1122
1195
1362
1593
1720
1709
1806
2105
2302
2624
2782
2902
2826
3037
3133
3438
3811
3892
3937
3914
4055
4097
4540
4805
4122
4303
4144
3747
3354
3250
3093
2896
2664
2710
2600
2598
2865
2855
3098
3529
3778
4436
5324
6635
8452
11224
15293
23390
14129
0
0
0
0
0
0
0
0
0
0
0
0
0
0
0
0
0
0
0
0
0
0
0
0
0
0
0
0
0
0
0
0
0
0
0
0
0
0
0
198
495
500
611
590
650
689
760
818
856
975
924
1110
1179
1360
1412
1614
1743
1801
2049
2270
2490
2578
2817
2948
2730
2886
3048
3323
3569
3599
3631
3418
3482
3332
3588
3689
3516
3168
3447
3010
2984
2975
2824
2790
2708
2829
2779
3453
3439
3886
4186
4992
5774
7241
9193
12068
16356
22784
11646
0
0
0
0
0
0
0
0
0
0
0
0
0
0
0
0
0
0
0
0
0
0
0
0
0
0
0
0
0
0
0
0
0
0
0
0
0
0
0
0
0
167
542
609
555
540
714
675
862
921
924
1073
1135
1205
1298
1439
1565
1638
1620
1971
2166
2308
2305
2518
2525
2853
2638
2863
2915
3099
3045
3172
2782
3018
2928
3246
3045
2952
3050
2911
2982
3023
3086
3055
2994
3054
3254
3373
3729
4195
4920
5764
6560
8031
10162
12755
17701
21683
7247
0
0
0
0
0
0
0
0
0
0
0
0
0
0
0
0
0
0
0
0
0
0
0
0
0
0
0
0
0
0
0
0
0
0
0
0
0
0
0
0
0
0
0
83
516
645
590
765
755
833
978
957
1004
1188
1152
1222
1411
1613
1617
1679
1835
2188
2234
2349
2374
2478
2691
2945
3020
2863
2686
3195
2987
3297
3172
3008
3083
2951
3152
3151
3165
3185
3060
3070
3231
3663
3621
3567
4149
4598
5245
6110
7143
8601
10990
14210
18351
19221
3613
0
0
0
0
0
0
0
0
0
0
0
0
0
0
0
0
0
0
0
0
0
0
0
0
0
0
0
0
0
0
0
0
0
0
0
0
0
0
0
0
0
0
0
0
0
19
429
719
732
864
852
877
1035
997
1011
1145
1387
1335
1547
1675
1754
1897
2001
2025
2365
2341
2545
2660
2881
3074
3097
2823
2950
2994
3265
3241
3198
3167
3144
3180
3506
3350
3467
3641
3670
3888
4105
4270
4677
5409
6258
7432
8526
10645
12458
15262
19419
12469
606
0
0
0
0
0
0
0
0
0
0
0
0
0
0
0
0
0
0
0
0
0
0
0
0
0
0
0
0
0
0
0
0
0
0
0
0
0
0
0
0
0
0
0
0
0
0
0
0
188
566
834
847
857
949
1116
1185
1150
1363
1456
1622
1837
1899
1989
2021
2263
2189
2515
2766
2862
2866
3243
3242
3163
3258
3288
3416
3405
3291
3344
3636
3620
3764
3930
3998
4001
4455
4879
5115
5596
6045
7149
8149
9411
10787
13500
16998
17496
5667
0
0
0
0
0
0
0
0
0
0
0
0
0
0
0
0
0
0
0
0
0
0
0
0
0
0
0
0
0
0
0
0
0
0
0
0
0
0
0
0
0
0
0
0
0
0
0
0
0
0
0
13
401
857
975
1057
1155
1343
1261
1324
1549
1701
1802
2027
1964
2098
2212
2532
2765
2791
2920
2920
2990
3351
3362
3618
3340
3510
3444
3499
3908
4246
4371
4411
4421
4727
5175
5528
5700
6447
7031
7998
8990
10760
12856
15791
17897
10043
519
0
0
0
0
0
0
0
0
0
0
0
0
0
0
0
0
0
0
0
0
0
0
0
0
0
0
0
0
0
0
0
0
0
0
0
0
0
0
0
0
0
0
0
0
0
0
0
0
0
0
0
0
0
0
105
590
1186
1183
1332
1347
1500
1621
1737
1723
2167
2137
2169
2395
2686
2774
2894
3081
3274
3037
3684
3712
3851
3953
3850
3955
4110
4523
4608
5080
5028
5571
5608
6132
6886
7513
8115
9034
10803
12116
14737
16591
11365
1867
0
0
0
0
0
0
0
0
0
0
0
0
0
0
0
0
0
0
0
0
0
0
0
0
0
0
0
0
0
0
0
0
0
0
0
0
0
0
0
0
0
0
0
0
0
0
0
0
0
0
0
0
0
0
0
0
0
0
186
700
1404
1515
1495
1598
1740
1752
2179
2333
2336
2421
2786
2925
3064
3160
3373
3707
3948
4075
4345
4350
4236
4626
5128
5352
5721
6007
6242
6501
7243
8043
8607
9782
10395
12104
14155
15409
9974
1974
0
0
0
0
0
0
0
0
0
0
0
0
0
0
0
0
0
0
0
0
0
0
0
0
0
0
0
0
0
0
0
0
0
0
0
0
0
0
0
0
0
0
0
0
0
0
0
0
0
0
0
0
0
0
0
0
0
0
0
0
0
0
105
754
1334
1665
1932
2009
2108
2372
2562
2700
3146
3267
3207
3424
3729
4084
4204
4442
4866
4816
4945
5286
5606
6022
6533
6999
7675
8426
9188
9969
10914
11866
13818
12302
6820
821
0
0
0
0
0
0
0
0
0
0
0
0
0
0
0
0
0
0
0
0
0
0
0
0
0
0
0
0
0
0
0
0
0
0
0
0
0
0
0
0
0
0
0
0
0
0
0
0
0
0
0
0
0
0
0
0
0
0
0
0
0
0
0
0
0
0
0
355
1161
1758
2371
2575
2709
3018
3259
3506
3672
3795
4007
4082
4851
4798
5115
5727
5776
6414
6880
7316
8309
8508
9306
9854
10914
12185
10425
7076
2157
0
0
0
0
0
0
0
0
0
0
0
0
0
0
0
0
0
0
0
0
0
0
0
0
0
0
0
0
0
0
0
0
0
0
0
0
0
0
0
0
0
0
0
0
0
0
0
0
0
0
0
0
0
0
0
0
0
0
0
0
0
0
0
0
0
0
0
0
0
0
0
0
0
164
985
1792
2368
3416
3898
4185
4461
4740
4907
5373
5751
5946
6264
7002
7564
8312
8712
9632
9649
8580
6651
4138
872
0
0
0
0
0
0
0
0
0
0
0
0
0
0
0
0
0
0
0
0
0
0
0
0
0
0
0
0
0
0
0
0
0
0
0
0
0
0
0
0
0
0
0
0
0
0
0
0
0
0
0
0
0
0
0
0
0
0
0
0
0
0
0
0
0
0
0
0
0
0
0
0
0
0
0
0
0
0
0
0
0
459
1131
1679
2338
2953
3226
3654
3969
4057
4037
3784
3302
2521
913
0
0
0
0
0
0
0
0
0
0
0
0
0
0
0
0
0
0
0
0
0
0
0
0
0
0
0
0
0
0
0
0
0
0
0
0
0
0
0
0
0
0
0
0
0
0
0
0
0
0
0
0
0
0
0
0
0
0
0
0
0
0
0
0
0
0
0
0
0
0
0
0
0
0
0
0
0
0
0
0
0
0
0
0
0
0
0
0
0
0
0
0
0
0
0
0
0
0
0
0
0
0
0
0
0
0
0
0
0
0
0
0
0
0
0
0
0
0
0
0
0
0
0
0
0
0
0
0
0
0
0
0
0
0
0
0
0
0
0
0
0
0
0
0
0
0
0
0
0
0
0
0
0
0
0
0
0
0
0
0
0
0
0
0
0
0
0
0
0
0
0
0
0
0
0
0
0
0
0
0
0
0
0
0
0
0
0
0
0
0
0
0
0
0
0
0
0
0
0
0
0
0
0
0
0
0
0
0
0
0
0
0
0
0
0
0
0
0
0
0
0
0
0
0
0
0
0
0
0
0
0
0
0
0
0
0
0
0
0
0
0
0
0
0
0
0
0
0
0
0
0
0
0
0
0
0
0
0
0
0
0
0
0
0
0
0
0
0
0
0
0
0
0
0
0
0
0
0
0
0
0
0
0
0
0
0
0
0
0
0
0
0
0
0
0
0
0
0
0
0
0
0
0
0
0
0
0
0
0
0
0
0
0
0
0
0
0
0
0
0
0
0
0
0
0
0
0
0
0
0
0
0
0
0
0
0
0
0
0
0
0
0
0
0
0
0
0
0
0
0
0
0
0
0
0
0
0
0
0
0
0
0
0
0
0
0
0
0
0
0
0
0
0
0
0
0
0
0
0
0
0
0
0
0
0
0
0
0
0
0
0
0
0
0
0
0
0
0
0
0
0
0
0
0
0
0
0
0
0
0
0
0
0
0
0
0
0
0
0
0
0
0
0
0
0
0
0
0
0
0
0
0
0
0
0
0
0
0
0
0
0
0
0
0
0
0
0
0
0
0
0
0
0
0
0
0
0
0
0
0
0
0
0
0
0
0
0
0
0
0
0
0
0
0
0
0
0
0
0
0
0
0
0
0
0
0
0
0
0
0
0
0
0
0
0
0
0
0
0
0
0
0
0
0
0
0
0
0
0
0
0
0
0
0
0
0
0
0
0
0
0
0
0
0
0
0
0
0
0
0
0
0
0
0
0
0
0
0
0
0
0
0
0
