./RotationSim r 38
0
0
0
0
0
0
0
0
0
0
0
0
0
0
0
0
0
0
0
0
0
0
0
0
0
0
0
0
0
0
0
0
0
0
0
0
0
0
0
0
0
0
0
0
0
0
0
0
0
0
0
0
0
0
0
0
0
0
0
0
0
0
0
0
0
0
0
0
0
0
0
0
0
0
0
0
0
0
0
0
0
0
0
0
0
0
0
0
0
0
0
0
0
0
0
0
0
0
0
0
0
0
0
0
0
0
0
0
0
0
0
0
0
0
0
0
0
0
0
0
0
0
0
0
0
0
0
0
0
0
0
0
0
0
0
0
0
0
0
0
0
0
0
0
0
0
0
0
0
0
0
0
0
0
0
0
0
0
0
0
0
0
0
0
0
0
0
0
0
0
0
0
0
0
0
0
0
0
0
0
0
0
0
0
0
0
0
0
0
0
0
0
0
0
0
0
0
0
0
0
0
0
0
0
0
0
0
0
0
0
0
0
0
0
0
0
0
0
0
0
0
0
0
0
0
0
0
0
0
0
0
0
0
0
0
0
0
0
0
0
0
0
0
0
0
0
0
0
0
0
0
0
0
0
0
0
0
0
0
0
0
0
0
0
0
0
0
0
0
0
0
0
0
0
0
0
0
0
0
0
0
0
0
0
0
0
0
0
0
0
0
0
0
0
0
0
0
0
0
0
0
0
0
0
0
0
0
0
0
0
0
0
0
0
0
0
0
0
0
0
0
0
0
0
0
0
0
0
0
0
0
0
0
0
0
0
0
0
0
0
0
0
0
0
0
0
0
0
0
0
0
0
0
0
0
0
0
0
0
0
0
0
0
0
0
0
0
0
0
0
0
0
0
0
0
0
0
0
0
0
0
0
0
0
0
0
0
0
0
0
0
0
0
0
0
0
0
0
0
0
0
0
0
0
0
0
0
0
0
0
0
0
0
0
0
0
0
0
0
0
0
0
0
0
0
0
0
0
0
0
0
0
0
0
0
0
0
0
0
0
0
0
0
0
0
0
0
0
0
0
0
0
0
0
0
0
0
0
0
0
0
0
0
0
0
0
0
0
0
0
0
0
0
0
0
0
0
0
0
0
0
0
0
0
0
0
0
0
0
0
0
0
0
0
0
0
0
0
0
0
0
0
0
0
0
0
0
0
0
0
0
0
0
0
0
0
0
0
0
0
0
0
0
0
0
0
0
0
0
0
0
0
0
0
0
0
0
0
0
0
0
0
0
0
0
1
140
393
632
818
857
812
644
279
0
0
0
0
0
0
0
0
0
0
0
0
0
0
0
0
0
0
0
0
0
0
0
0
0
0
0
0
0
0
0
0
0
0
0
0
0
0
0
0
0
0
0
0
0
0
0
0
0
0
0
0
0
0
0
0
0
0
0
0
0
0
0
0
0
0
0
0
0
0
0
0
0
0
0
0
0
0
0
0
0
0
0
0
0
5
189
619
1424
2241
3444
4619
5987
7199
8213
9480
10124
11048
11595
11991
11598
10846
9240
7374
4803
1823
42
0
0
0
0
0
0
0
0
0
0
0
0
0
0
0
0
0
0
0
0
0
0
0
0
0
0
0
0
0
0
0
0
0
0
0
0
0
0
0
0
0
0
0
0
0
0
0
0
0
0
0
0
0
0
0
0
0
0
0
0
0
0
0
0
0
0
0
0
0
0
0
0
0
0
0
75
471
1160
2224
3520
4715
6112
7707
9509
11398
12452
14071
14917
15986
17215
17980
18717
19211
19797
20284
21156
21428
21425
21079
18877
13632
7544
1693
0
0
0
0
0
0
0
0
0
0
0
0
0
0
0
0
0
0
0
0
0
0
0
0
0
0
0
0
0
0
0
0
0
0
0
0
0
0
0
0
0
0
0
0
0
0
0
0
0
0
0
0
0
0
0
0
0
0
0
0
0
0
0
0
0
0
0
0
0
38
390
976
1943
2943
4347
5847
7653
9543
11497
12844
14023
14937
15679
16342
16554
16774
16745
17069
17226
17152
17655
18229
18813
19564
20397
21944
23819
25345
26432
26111
19668
9744
1137
0
0
0
0
0
0
0
0
0
0
0
0
0
0
0
0
0
0
0
0
0
0
0
0
0
0
0
0
0
0
0
0
0
0
0
0
0
0
0
0
0
0
0
0
0
0
0
0
0
0
0
0
0
0
0
0
0
0
0
0
0
0
0
0
95
541
1148
2067
3247
4587
6246
8077
10245
12209
13313
14034
14595
15046
14740
14618
14264
14126
13352
12920
12439
12197
12058
12267
12582
12735
13618
14317
15359
16618
18221
20457
23528
26771
29960
29108
18422
4368
0
0
0
0
0
0
0
0
0
0
0
0
0
0
0
0
0
0
0
0
0
0
0
0
0
0
0
0
0
0
0
0
0
0
0
0
0
0
0
0
0
0
0
0
0
0
0
0
0
0
0
0
0
0
0
0
0
0
0
0
86
501
1063
1881
3085
4487
6272
7913
10211
12045
12825
13269
13796
13626
13303
12766
12088
11398
10219
9459
9029
8759
8058
7743
7558
7599
7479
7392
7539
7936
8749
9411
10550
12043
14121
16560
20555
24712
29940
33991
23743
6103
0
0
0
0
0
0
0
0
0
0
0
0
0
0
0
0
0
0
0
0
0
0
0
0
0
0
0
0
0
0
0
0
0
0
0
0
0
0
0
0
0
0
0
0
0
0
0
0
0
0
0
0
0
0
0
0
47
384
936
1532
2504
3961
5704
7480
9643
11265
12382
12520
12554
12725
12012
11697
10431
9349
8567
7629
7280
6281
5475
4867
4503
4258
4065
3831
3772
3833
4003
4221
4473
4830
5474
6349
7436
8754
10590
13503
17365
22693
30039
36166
25226
4023
0
0
0
0
0
0
0
0
0
0
0
0
0
0
0
0
0
0
0
0
0
0
0
0
0
0
0
0
0
0
0
0
0
0
0
0
0
0
0
0
0
0
0
0
0
0
0
0
0
0
0
0
2
235
700
1080
1907
3287
4673
6749
8388
10481
11719
12151
12181
12135
11628
10916
9879
8271
7603
6523
5638
4871
4185
3395
3014
2641
2529
2259
2105
2059
2006
2003
2011
2065
2193
2360
2668
3029
3502
4165
5165
6354
8638
11313
15710
22083
31362
38819
19903
417
0
0
0
0
0
0
0
0
0
0
0
0
0
0
0
0
0
0
0
0
0
0
0
0
0
0
0
0
0
0
0
0
0
0
0
0
0
0
0
0
0
0
0
0
0
0
0
0
0
58
372
828
1241
2253
3765
5479
7142
9198
10859
11631
11622
11401
11443
10563
9416
8107
6883
5939
4951
4034
3227
2653
2157
1992
1743
1554
1487
1475
1466
1329
1275
1170
1321
1324
1355
1512
1581
1761
1944
2245
2817
3281
3989
5279
7041
10618
15893
23829
36056
36777
7746
0
0
0
0
0
0
0
0
0
0
0
0
0
0
0
0
0
0
0
0
0
0
0
0
0
0
0
0
0
0
0
0
0
0
0
0
0
0
0
0
0
0
0
0
0
0
0
117
475
981
1498
2570
3926
5781
7594
9174
10816
11438
11240
11125
10749
9391
8243
6873
5674
4575
3588
2874
2357
1990
1684
1456
1327
1255
1228
1098
1149
1188
1098
1107
1090
1028
1003
1064
1093
1079
1140
1135
1328
1571
1744
2158
2758
3562
4921
7006
10898
17646
28762
42899
20956
0
0
0
0
0
0
0
0
0
0
0
0
0
0
0
0
0
0
0
0
0
0
0
0
0
0
0
0
0
0
0
0
0
0
0
0
0
0
0
0
0
0
0
0
5
185
571
972
1694
2686
4165
5919
7620
9376
10651
11125
10821
10919
9950
8414
7300
5884
4710
3860
2916
2402
1849
1598
1347
1267
1248
1199
1196
1215
1215
1186
1178
1061
1032
1030
995
1022
1020
985
1058
944
1031
1095
1153
1176
1291
1598
2027
2611
3489
4986
7786
13220
22475
40078
34497
1593
0
0
0
0
0
0
0
0
0
0
0
0
0
0
0
0
0
0
0
0
0
0
0
0
0
0
0
0
0
0
0
0
0
0
0
0
0
0
0
0
0
12
250
576
1025
1663
2844
4123
5958
7389
9328
10907
10518
10539
10260
9248
7737
6735
5081
4016
3167
2398
1858
1488
1418
1188
1358
1425
1403
1377
1398
1412
1355
1301
1484
1454
1439
1402
1286
1175
1057
1056
935
967
956
977
956
1042
1081
1186
1242
1456
1912
2521
3421
5685
10131
17778
34302
43215
5074
0
0
0
0
0
0
0
0
0
0
0
0
0
0
0
0
0
0
0
0
0
0
0
0
0
0
0
0
0
0
0
0
0
0
0
0
0
0
0
24
225
540
1020
1538
2672
4171
6061
7251
9353
10350
10286
10397
10073
8726
7497
6131
4548
3730
2626
1977
1676
1441
1423
1405
1465
1569
1652
1815
2096
2264
2478
2601
2807
2858
2839
2547
2347
2189
2077
1798
1552
1287
1192
1179
1033
939
945
825
959
1088
1112
1290
1543
2177
2846
4326
8000
15004
29708
46904
8223
0
0
0
0
0
0
0
0
0
0
0
0
0
0
0
0
0
0
0
0
0
0
0
0
0
0
0
0
0
0
0
0
0
0
0
0
0
23
250
511
1006
1507
2518
3862
5815
7161
9053
10116
10243
10085
9683
8189
7268
5802
4189
3242
2386
1899
1581
1428
1488
1604
1768
2257
2652
3326
3657
4654
5511
6259
7232
7906
8250
8088
8044
7466
6284
5238
4184
3310
2587
2107
1681
1507
1347
1169
1025
855
880
965
1078
1038
1238
1824
2336
3567
6445
12871
26745
48278
9834
0
0
0
0
0
0
0
0
0
0
0
0
0
0
0
0
0
0
0
0
0
0
0
0
0
0
0
0
0
0
0
0
0
0
0
13
212
452
874
1418
2339
3714
5448
6811
8814
9732
10302
9842
9551
8034
7125
5485
4072
2959
2236
1917
1503
1555
1704
1907
2553
3205
4143
5212
6540
8008
9253
10907
11963
12726
13484
14167
14757
14941
14862
14923
14187
12742
10305
7779
5124
3657
2731
1921
1597
1340
1153
1043
919
920
1027
1083
1038
1534
2113
3103
5695
11186
25392
50161
9477
0
0
0
0
0
0
0
0
0
0
0
0
0
0
0
0
0
0
0
0
0
0
0
0
0
0
0
0
0
0
0
0
0
4
187
380
820
1297
2106
3342
5111
6382
8259
9222
9759
9755
9517
8055
7063
5434
3848
2993
2307
1839
1507
1628
2038
2416
3417
4546
5901
7472
8981
10699
12217
13798
14755
14818
15488
15912
16193
16695
16822
17545
17678
18871
19140
19398
18728
16173
11736
7152
4360
3000
1975
1592
1355
1248
1047
923
1099
1093
984
1298
1933
2829
5093
10759
25454
51007
6616
0
0
0
0
0
0
0
0
0
0
0
0
0
0
0
0
0
0
0
0
0
0
0
0
0
0
0
0
0
0
0
1
169
323
690
1143
1800
2929
4437
5926
7493
8736
9813
9928
9478
8044
7123
5666
3850
2836
2337
1816
1610
1766
2177
3037
4378
5781
7524
9427
11117
12452
13340
13942
13911
13919
13301
12924
12834
12891
13072
13255
13668
14605
15421
16693
17669
19760
20549
21675
20305
14546
7990
4428
2677
2009
1461
1339
1143
901
975
1082
1010
1183
1812
2746
4915
10741
27453
50736
2283
0
0
0
0
0
0
0
0
0
0
0
0
0
0
0
0
0
0
0
0
0
0
0
0
0
0
0
0
0
0
111
310
529
1021
1606
2512
3957
5421
7049
8387
9382
9437
9736
8051
7019
5768
4068
2857
2525
1876
1718
1986
2631
3672
4995
6660
8713
10775
11721
12393
13012
12713
12373
11638
11064
10712
10303
9791
9459
9040
9117
9099
9274
9660
10387
11616
13319
16029
18336
21076
23145
21878
14507
7103
3691
2308
1803
1457
1292
1050
923
1022
991
1160
1702
2586
4892
11298
31148
45185
0
0
0
0
0
0
0
0
0
0
0
0
0
0
0
0
0
0
0
0
0
0
0
0
0
0
0
0
0
56
221
416
778
1407
2062
3271
4835
6293
8082
8821
9469
9681
8427
7184
6073
4395
3013
2520
2026
1823
1989
3040
4112
5695
7536
9683
10720
11591
12463
12388
11474
10988
10226
9166
8579
7753
6770
6561
5843
5581
5469
5391
5447
5901
6354
6823
7570
8800
11143
14226
18027
21452
24709
21090
11379
5136
2799
1939
1620
1265
1234
948
1096
965
1188
1843
2657
5137
13005
40014
32228
0
0
0
0
0
0
0
0
0
0
0
0
0
0
0
0
0
0
0
0
0
0
0
0
0
0
0
30
192
329
674
1223
1720
2752
4230
5742
7285
8546
9449
9391
8742
7310
6252
5013
3294
2606
2043
1972
2156
3202
4422
6023
7953
9856
10615
11609
12023
11587
10837
9556
8560
7521
6698
5671
5003
4587
3991
3690
3246
3255
3133
3429
3429
3667
4315
4776
5665
6408
7709
10122
13714
18847
23658
25163
15826
6794
3302
2156
1694
1278
1285
923
1090
939
1230
1872
2898
6012
16264
50861
14750
0
0
0
0
0
0
0
0
0
0
0
0
0
0
0
0
0
0
0
0
0
0
0
0
0
1
120
286
567
911
1437
2181
3446
4985
6641
7908
8771
9202
9072
7777
6412
5544
3729
2720
2237
2130
2262
3106
4467
6058
7914
9782
10712
11568
11595
10841
9641
8455
7463
6264
5266
4572
3949
3053
2813
2682
2351
2280
2167
2285
2260
2290
2403
2503
2724
3094
3568
4566
5829
7526
10003
15263
21741
26835
19946
8606
3732
2367
1687
1344
1221
1009
1098
1044
1309
1852
3244
7324
21502
55004
1241
0
0
0
0
0
0
0
0
0
0
0
0
0
0
0
0
0
0
0
0
0
0
0
0
58
204
401
747
1292
1729
2840
4189
5911
7311
8318
9063
9404
8161
6695
6257
4440
2963
2403
2208
2280
2971
4289
5789
7786
9656
10847
11451
11195
10145
8945
7803
6532
5356
4556
3827
2906
2466
2302
2070
1964
1902
1768
1674
1563
1505
1565
1573
1722
1774
1921
2205
2499
3075
4330
6049
7968
12126
19426
26890
22731
9684
3897
2460
1899
1435
1234
1039
1039
1091
1400
2047
4119
9781
32745
39005
0
0
0
0
0
0
0
0
0
0
0
0
0
0
0
0
0
0
0
0
0
0
0
12
141
273
541
947
1421
2208
3416
4968
6571
7633
8594
9174
8732
7403
6517
5239
3448
2561
2251
2240
3016
4033
5432
7457
9102
10677
10931
10839
9562
8824
7258
5932
4796
4043
3182
2680
2373
1962
1710
1767
1619
1515
1480
1508
1488
1379
1401
1373
1322
1289
1319
1516
1743
2077
2148
3182
4599
6764
10687
17764
26781
24003
9816
3834
2468
1792
1347
1198
1061
1038
1143
1513
2446
5282
14162
52477
11115
0
0
0
0
0
0
0
0
0
0
0
0
0
0
0
0
0
0
0
0
0
0
90
211
449
697
1200
1677
2601
4055
5593
7125
7870
8920
8755
7969
6774
5578
4408
2828
2388
2242
2759
3775
4965
6984
8638
10551
10437
10050
9536
8649
6931
5656
4612
3756
2937
2280
2094
1838
1888
1899
1714
1901
1948
1845
1872
1918
1811
1674
1511
1480
1359
1292
1216
1248
1513
1871
2009
2389
3868
5931
9526
16577
27116
24322
9273
3581
2297
1814
1332
1107
1157
997
1278
1715
3276
7228
22581
49763
0
0
0
0
0
0
0
0
0
0
0
0
0
0
0
0
0
0
0
0
0
29
168
277
596
847
1445
2054
3241
4734
6240
7331
8262
8884
8631
7260
6396
4989
3585
2503
2291
2536
3356
4436
6483
8086
10031
10176
10550
9453
8613
7015
5524
4516
3709
2913
2370
2026
2033
2093
2148
2485
2862
2765
2921
3248
3139
3000
2966
2650
2283
2259
1807
1598
1489
1378
1210
1463
1513
1861
2086
3155
5544
9073
16174
27819
22816
7979
3320
2238
1689
1354
1035
1164
963
1332
2093
4474
11047
46400
18496
0
0
0
0
0
0
0
0
0
0
0
0
0
0
0
0
0
0
0
0
98
177
435
668
1007
1613
2451
3739
5449
6940
7372
8512
8760
7924
6976
5756
4539
3006
2386
2337
3050
4045
5393
7312
9300
9997
10211
9735
8302
7323
5701
4446
3668
2898
2195
2209
2401
2453
2751
3299
3862
4852
5849
6467
6713
6515
6415
5728
4888
4350
3711
2976
2457
2213
1808
1493
1390
1418
1459
1733
1947
3048
5390
9576
17492
29004
18906
6131
2963
1960
1553
1216
1055
1076
1186
1543
2764
6330
19833
51731
0
0
0
0
0
0
0
0
0
0
0
0
0
0
0
0
0
0
0
21
150
275
491
775
1243
1710
2889
4219
5915
6830
7651
8889
8381
7695
6549
4844
3870
2786
2304
2761
3636
4788
6574
8400
9713
10010
9892
8308
7809
5980
4632
3874
2886
2335
2434
2460
2907
3748
4819
6154
7534
8551
10193
11322
12308
13112
13082
12370
10838
8770
6655
5183
3912
3185
2552
2082
1807
1439
1427
1443
1658
1913
3014
5698
9882
19899
29882
14304
4746
2656
1790
1518
1161
1125
1093
1245
1959
4152
10500
46888
17606
0
0
0
0
0
0
0
0
0
0
0
0
0
0
0
0
0
0
74
166
408
555
842
1375
2061
3228
4615
6264
7110
8156
8532
7847
7129
5884
4535
3513
2541
2473
3361
4159
5664
7404
9014
9848
9715
8933
8200
6368
4998
3943
3288
2570
2555
2618
3460
4410
5828
7778
9582
11178
13030
13848
14353
14530
14789
14816
15554
15929
15757
13982
10678
7487
4845
3516
2853
2382
1849
1582
1425
1482
1664
1936
2979
6189
11250
23562
26888
9906
3706
2267
1725
1405
1110
1211
1153
1496
2653
6241
20783
48649
0
0
0
0
0
0
0
0
0
0
0
0
0
0
0
0
0
7
131
235
397
640
1060
1532
2504
3598
5125
6442
7148
8307
8340
7803
6817
5184
4294
3141
2476
2852
3752
4616
6442
8116
9494
9593
9348
8068
7384
5488
4582
3532
2910
2799
2778
3787
4562
6382
8850
10593
12002
13252
12811
12694
12721
13205
13445
14144
14766
15713
17222
17878
17844
14605
10313
6290
4433
3234
2510
2082
1809
1410
1551
1660
1770
3537
7394
13979
28503
20235
6193
3053
2037
1635
1257
1196
1140
1226
1967
4219
11244
53876
7022
0
0
0
0
0
0
0
0
0
0
0
0
0
0
0
0
59
150
332
508
665
1216
1631
2772
4010
5682
6650
7635
8031
7856
7494
6337
4689
3940
2811
2453
3098
4150
5370
7211
8470
9229
9510
8907
7745
6458
4928
3873
3093
2978
3067
3720
4860
6728
9130
10252
11852
12222
11629
11707
11306
10596
10240
9796
9712
10285
11232
12895
14741
17652
20177
18602
13272
7441
4674
3537
2500
2088
1829
1595
1598
1630
2346
4321
9117
18552
29574
12679
3956
2450
1767
1364
1150
1190
1159
1544
3009
7197
27427
39227
0
0
0
0
0
0
0
0
0
0
0
0
0
0
0
0
97
160
362
545
778
1292
2066
3014
4339
5897
6734
7622
7859
7744
7271
5895
4480
3790
2525
2791
3468
4364
6071
7379
8642
9293
9713
8043
7258
5615
4510
3458
3206
3169
3366
4731
6511
8417
9925
11627
12073
10629
10124
9154
7898
7483
6497
5764
5771
6104
6503
7643
9867
11958
15234
19995
20931
14651
7882
4989
3637
2505
2033
1819
1623
1505
1795
2719
5855
11504
26400
22333
6909
3156
2213
1490
1221
1197
1178
1348
2265
4777
14902
54147
0
0
0
0
0
0
0
0
0
0
0
0
0
0
0
19
131
262
413
544
928
1389
2164
3148
4712
5990
6746
7452
7766
7564
7069
5646
4320
3431
2627
3073
3738
4733
6551
7737
8768
9436
9075
7712
6635
5473
3900
3309
3107
3374
4160
5965
7689
9608
10723
11391
9999
8630
8114
6389
5929
5239
4340
4140
3794
4006
4243
4582
5555
7338
9500
14190
19644
21624
15250
7496
4764
3372
2518
2006
1904
1629
1649
1940
3744
8092
17089
29689
12392
4232
2511
1725
1442
1244
1148
1222
1637
3738
9843
48424
12640
0
0
0
0
0
0
0
0
0
0
0
0
0
0
43
145
275
445
614
1096
1514
2362
3496
4921
6086
6917
7762
7665
7320
6982
5214
4088
3384
2620
3325
4010
5096
6998
7821
9120
9275
8285
7208
6276
5052
3569
3187
3269
3924
5249
7057
8549
10413
10690
10143
8512
7456
5938
5206
4230
3521
2992
2709
2497
2531
2300
2794
3362
3659
5877
8505
13648
19273
21965
14397
6847
4647
3125
2343
1981
1886
1609
1694
2670
5528
11764
26880
20915
6316
2960
2213
1556
1281
1176
1163
1527
2961
6626
25542
39439
0
0
0
0
0
0
0
0
0
0
0
0
0
0
73
193
273
460
668
1202
1602
2584
3840
5164
6270
6903
7510
7806
7250
6678
5313
4059
3125
2902
3394
4179
5572
7076
8110
8955
9283
7988
7099
5977
4517
3659
3238
3444
4659
5979
7751
9326
10382
9858
9008
7532
5911
4722
3687
3036
2414
1980
2025
2441
1924
1970
1948
1889
2237
2648
4389
7528
12898
20921
21576
11953
6553
4169
2774
2320
1939
1934
1601
2051
3744
8351
18907
28184
10334
3617
2475
1652
1354
1272
1072
1366
2349
4754
15852
51182
0
0
0
0
0
0
0
0
0
0
0
0
0
0
136
197
346
477
725
1188
1838
2671
4020
5106
6134
6963
7259
7799
6940
6468
4873
3680
3126
3036
3444
4617
5973
7199
8198
8872
8951
7861
6643
5592
4307
3488
3426
3939
5208
6717
7895
9981
9793
9187
7652
6446
5251
4098
2889
2609
2360
1768
1539
1441
1603
1590
1588
1807
2016
1910
2508
3770
7283
14135
22657
19047
9197
5471
3620
2645
2110
2046
1659
1869
2777
6021
13574
29047
15573
4852
2736
2032
1370
1388
1182
1247
1970
3924
11042
56189
838
0
0
0
0
0
0
0
0
0
0
0
0
23
145
212
340
508
808
1217
1926
2785
3993
5246
6363
6917
7258
7765
7022
6412
4502
3740
3177
3219
3577
4890
6015
7223
8322
8705
8947
7500
6681
5721
4241
3235
3414
4670
5282
6901
8522
9484
9090
8888
6944
6252
4757
3715
2922
2506
1952
2192
1837
1584
1593
1625
1307
1086
1513
1653
1822
2535
3900
8369
17348
22997
14309
7180
4311
3225
2426
2080
1784
1831
2346
4429
10155
24395
22475
6688
2983
2278
1497
1325
1226
1241
1653
3261
8187
38625
21905
0
0
0
0
0
0
0
0
0
0
0
0
43
153
264
370
588
835
1227
2038
2937
4040
5274
6473
6817
7561
7420
6709
6290
4454
3859
3057
3200
3816
4946
6035
7182
7969
9027
8813
7512
6732
5126
4122
3452
3675
4720
5538
7154
8918
8915
8839
8177
6852
6098
4153
3337
3008
2374
2242
2510
2366
2714
2563
2137
1539
1456
1401
1400
1585
2032
2757
4687
10477
20936
19839
9681
5247
3686
2846
2194
1976
1658
2092
3575
7670
18273
27398
9773
3486
2586
1668
1410
1283
1160
1586
2851
6565
24873
38058
0
0
0
0
0
0
0
0
0
0
0
0
71
161
296
380
577
832
1328
2094
3004
4122
5431
6169
6850
7426
7185
6984
6279
4274
3838
3325
3117
4002
4952
6050
7263
8076
9055
8642
7496
6585
4901
3976
3659
3991
4860
5434
7116
8363
9104
8819
7882
6887
5350
4349
3291
2722
2464
3154
3487
5016
4833
4145
2738
1768
1676
1403
1545
1548
1461
2456
3219
6585
15681
23716
13706
6509
4088
3139
2383
2118
1662
2123
2961
6071
14225
28533
13221
4226
2631
1900
1404
1383
1148
1501
2560
5260
17826
46247
0
0
0
0
0
0
0
0
0
0
0
0
118
158
251
444
642
892
1366
2137
3173
4281
5520
6250
6858
7349
6934
6952
6173
4332
3816
3394
3107
3856
4881
6252
7216
7943
8834
8576
7454
6468
4921
4105
3791
3968
4478
5537
6994
8384
8918
8820
7895
7376
5456
4269
3300
2997
3525
4634
6067
7961
8672
7469
5765
3916
2437
1943
1795
1304
1375
1939
2526
4557
11000
22152
17285
8138
4781
3460
2700
2081
1864
1948
2548
5017
11229
27432
17066
5147
2952
1983
1529
1418
1230
1368
2365
4598
13932
50781
0
0
0
0
0
0
0
0
0
0
0
0
110
165
226
443
609
931
1432
2211
3149
4056
5472
6121
6907
7479
6849
6951
6083
4379
3915
3181
2976
4010
4863
6265
7098
7882
8432
8500
7718
6542
4915
4185
3780
3936
4478
5365
7020
8103
8958
8860
8687
7122
5862
4269
3340
3761
4070
5187
7355
11945
15723
14842
9571
5975
4013
2474
2200
1317
1469
1641
2105
3250
8129
18661
20083
10670
5354
3768
2943
2147
2062
1800
2422
4403
9128
23968
21129
6203
3303
2095
1535
1449
1181
1436
2171
3970
11761
53953
0
0
0
0
0
0
0
0
0
0
0
1
136
183
287
432
565
926
1521
2340
3060
4105
5266
6110
6924
7168
6840
6788
6048
4496
3946
3182
3143
4046
4874
5972
7042
7887
8123
8727
8169
6604
4767
4125
3697
3990
4205
5386
6772
8031
9432
9074
9185
7759
5828
4035
3624
3429
3481
5034
8203
12590
17637
21928
17836
10915
6397
4002
2055
2173
1364
1591
1915
2773
5996
15815
20956
13467
6539
4013
3112
2376
2037
1890
2273
3885
7911
20073
24206
7664
3402
2518
1520
1458
1179
1469
1998
3594
10091
55829
89
0
0
0
0
0
0
0
0
0
0
8
166
172
278
499
605
946
1593
2329
2960
3936
5123
5828
6704
7172
6836
7014
5968
4675
4108
3118
3195
3934
4977
5774
6922
7872
8129
8919
8012
6550
5021
4056
3752
3885
4131
5274
6545
7746
9103
9646
9981
7438
5703
4145
3343
2905
2741
4362
8264
11465
17960
25110
25846
16230
8703
5129
2908
2165
1420
1851
2051
2424
5047
13037
20690
15068
7230
4291
3325
2415
2054
1963
2279
3597
7250
17572
26051
9198
3548
2556
1726
1478
1233
1310
1932
3511
9036
47699
9396
0
0
0
0
0
0
0
0
0
0
11
167
200
317
466
624
858
1401
2248
2847
4113
4947
5802
6656
7172
6989
6965
5920
4734
3836
3284
3040
3873
4917
5775
6786
7447
8251
8852
8504
6762
5160
4145
3688
3681
4062
5099
6081
7893
8973
9948
10435
8127
5604
4207
2835
2283
2513
3756
5918
8957
14266
23956
32659
21912
11313
6169
3887
2327
1803
1576
2057
2438
4797
11080
19846
15700
7846
4691
3420
2601
2097
2007
2219
3447
6681
16239
26184
10319
3880
2510
1835
1437
1282
1391
1820
3375
8388
39624
18224
0
0
0
0
0
0
0
0
0
0
16
142
179
294
416
678
879
1378
2254
2820
3823
4916
5774
6453
6911
6643
6963
5959
5136
3804
3522
3068
3663
4730
5755
6633
7647
8377
8741
8426
7399
5282
4586
3626
3589
4027
4694
6043
7522
9194
10678
10587
8853
5557
3772
2397
2733
2229
2771
3837
5864
11408
18931
28677
26433
14173
8079
4091
2201
2171
1720
2135
2411
5270
9721
19213
16182
8492
4972
3606
2897
2095
1922
2275
3274
6338
15370
26040
11242
4095
2571
1872
1452
1267
1344
1826
3224
8038
35241
22699
0
0
0
0
0
0
0
0
0
0
17
187
198
297
459
608
895
1358
2085
2809
3765
4886
5693
6507
6721
6773
6965
6154
5281
3981
3491
3183
3608
4561
5572
6533
7298
8352
8623
8431
7235
5604
4468
3860
3599
3687
4619
5547
7092
9448
10916
11309
9413
5637
3602
2314
2457
2086
2439
2818
4342
7584
13655
23757
24991
15722
7449
4019
2505
2368
2019
2222
2866
5258
9834
18439
16409
8753
5008
3442
2925
2133
2136
2279
3498
6304
14659
25873
11320
4296
2665
1903
1456
1297
1273
1919
3355
7943
33040
24424
0
0
0
0
0
0
0
0
0
0
21
158
180
276
446
591
860
1383
2047
2805
3591
4717
5397
6351
6742
6775
6803
6341
5299
4266
3533
3218
3528
4343
5331
6256
7176
8020
8871
8557
7330
6071
4472
3816
3619
3387
4447
5185
6829
8979
10971
12079
9739
6098
3732
2491
1973
1609
1483
2160
3077
4846
9287
16927
18724
11818
5998
3597
2696
2534
2630
2538
2841
5201
10235
17370
16099
8979
5081
3564
3027
2177
2224
2173
3725
6389
14580
25341
11237
4289
2610
1885
1484
1376
1359
1892
3470
7915
33421
24393
0
0
0
0
0
0
0
0
0
0
6
149
226
309
418
588
920
1358
1797
2637
3341
4521
5240
6344
6530
6672
6590
6549
5574
4289
3619
3412
3254
4216
5135
5778
6970
7876
8861
8509
7541
6382
4813
3820
3665
3381
3980
5112
6196
8510
11050
12065
10205
6328
4319
2675
1954
1696
1349
1675
2270
3117
5672
10482
11965
7914
5362
3559
3205
2378
2860
2669
3370
5872
10593
17301
15759
8290
5064
3538
3183
2135
2191
2401
3733
6762
14799
25195
10658
4251
2616
1705
1514
1292
1305
1989
3572
8230
35270
21760
0
0
0
0
0
0
0
0
0
0
8
153
167
290
437
601
861
1290
1796
2652
3063
4383
5080
6151
6476
6771
6490
6737
5640
4545
3793
3394
3371
3947
4978
5781
6885
7486
8760
8749
7641
6541
5232
4109
3726
3518
3641
4661
6023
7914
10450
11599
11514
7457
4558
3340
1984
1717
1247
1232
1339
2156
4424
7726
7261
5678
4131
3419
2883
2587
2940
2690
3880
6192
11362
17610
14186
7685
4984
3490
2875
2170
2400
2512
4017
7320
15935
24336
10024
4179
2426
1811
1517
1407
1453
2123
3501
9035
38219
17561
0
0
0
0
0
0
0
0
0
0
16
122
173
304
456
553
855
1193
1631
2400
3014
4209
4845
5957
6444
6600
6327
6849
5971
4732
3919
3577
3364
3747
4578
5609
6574
7234
8225
8850
8133
6921
5616
4404
3578
3661
3608
4183
5277
7246
9287
11628
12130
9182
6016
3510
2213
1870
1377
1317
1388
1830
3700
5367
5004
4204
3545
2886
3318
3300
2826
3397
4424
7307
11219
17433
12876
6749
4591
3556
2682
2217
2497
2564
4497
7843
16957
22932
9079
3848
2476
1798
1426
1467
1543
2296
3728
9690
45746
8952
0
0
0
0
0
0
0
0
0
0
0
142
148
308
391
501
817
1163
1543
2207
2867
3986
4724
5639
6217
6734
6233
6856
6164
4890
4084
3724
3389
3622
4292
5424
6193
7383
7811
8726
8454
7427
5975
4877
3839
3601
3672
3997
4921
6740
8105
10484
11831
11211
7815
5121
3305
2081
1820
1566
1743
2346
3089
4331
4793
4070
3267
3592
3686
3104
2963
3676
5456
7870
13241
16668
11435
6146
4297
3474
2609
2341
2390
2859
4984
9017
19184
20771
7791
3641
2367
1668
1373
1336
1663
2362
4297
10559
52658
116
0
0
0
0
0
0
0
0
0
0
0
125
149
301
385
495
794
1090
1472
2164
2658
3594
4444
5297
6066
6391
6475
6580
6246
5316
4351
3955
3496
3434
3955
4986
5996
6637
7723
8568
8658
7582
6654
5288
4342
3603
3707
3832
4155
5791
7128
8848
11279
11279
9621
7279
5002
3991
2913
3416
2997
3581
4746
4876
4350
4074
3951
3856
3511
3515
3892
4530
6474
9125
14995
15395
9441
5603
3863
3456
2275
2339
2743
3329
5473
10015
21248
17923
6703
3356
2069
1667
1395
1407
1723
2532
4871
12368
50337
0
0
0
0
0
0
0
0
0
0
0
0
106
161
268
341
461
738
989
1422
1899
2581
3356
4298
5268
5807
6186
6609
6622
6335
5685
4521
3938
3582
3358
3794
4484
5573
6284
7299
8638
8534
7778
7155
5773
4730
3753
3697
3869
3887
5114
6237
7838
9394
11077
10861
9436
7592
6403
4553
4625
4860
5488
5585
5238
4804
5117
4536
4227
4283
4105
4008
5830
7429
10682
15860
13358
7516
4864
3889
2922
2505
2352
2671
3821
6146
11435
23540
14123
5667
3027
2050
1669
1414
1435
1911
2805
5480
14895
46482
0
0
0
0
0
0
0
0
0
0
0
0
69
142
276
271
421
703
917
1323
1624
2544
3190
4047
4974
5469
6257
6200
6636
6200
5902
4778
4163
3667
3334
3635
3859
5254
6187
6804
7918
8502
8146
7256
6457
5285
4616
3788
3740
3862
4344
5168
6803
8240
9550
10945
10622
9543
8307
8024
7530
6968
6990
6444
6314
6131
5407
4746
4650
4518
4707
5057
6761
8669
13235
15571
10939
5793
4786
3370
2732
2451
2571
2791
4196
7568
13753
23210
11562
4891
2834
2017
1563
1435
1457
2171
3060
6485
18633
41332
0
0
0
0
0
0
0
0
0
0
0
0
51
176
237
296
433
623
874
1271
1491
2309
2926
3669
4664
5243
6000
5955
6446
6675
5907
5341
4418
3848
3551
3609
3610
4728
5870
6490
7279
8474
8496
7400
6796
5647
4941
4356
3738
3663
3989
4747
5382
7174
8269
9851
10270
10515
10487
9664
9134
8520
7912
7538
6688
6217
5330
4924
4820
5367
4965
6287
7635
10281
14692
12974
8302
5315
4104
3247
2641
2516
2733
3241
5306
8486
16627
21750
9109
4082
2433
1960
1436
1567
1468
2325
3561
7826
24395
33387
0
0
0
0
0
0
0
0
0
0
0
0
30
174
206
302
368
583
845
1056
1348
2152
2828
3582
4355
5059
5694
5960
6540
6728
6229
5536
4584
4078
3495
3553
3622
3911
5662
6223
7004
7872
8228
7830
7160
6604
5086
4897
3986
3729
3890
4137
4692
5650
6797
8060
9071
9961
9873
10537
10484
9680
9421
8515
7842
6555
6338
6114
5612
5671
5920
7300
9352
12614
14092
10130
6384
4604
3882
2791
2807
2572
2697
4214
6355
10142
20484
17092
6774
3659
2257
1870
1338
1518
1667
2532
4022
9569
36537
18708
0
0
0
0
0
0
0
0
0
0
0
0
1
134
177
304
372
518
743
1072
1285
1840
2452
3297
3903
4760
5421
5983
6003
6540
6427
5806
4969
4300
3767
3439
3546
3707
4849
6029
6625
7290
8000
8005
7390
6911
6061
5017
4565
4082
3702
3937
4385
4833
5821
6442
7666
8303
9613
9656
10305
9955
9815
8740
7931
6989
6476
5927
5837
6458
7387
8810
11028
13268
11514
7486
5503
4327
3208
2710
2503
2738
3484
4901
7323
12672
22568
12718
5272
2788
2186
1718
1373
1566
1964
2907
5010
12170
49808
872
0
0
0
0
0
0
0
0
0
0
0
0
0
90
164
309
355
485
693
977
1096
1574
2286
3045
3774
4466
5257
5569
5926
6451
6504
6169
5535
4438
4122
3376
3486
3593
3963
5513
6301
7030
7552
8134
7794
7113
6826
5648
4752
4360
3827
3615
3998
4440
5019
5394
6287
7443
8220
8647
8437
9006
8088
8413
7777
7654
7509
7324
7404
7488
8394
10149
11915
11685
7951
5789
4868
3602
2905
2788
2682
3224
4028
5503
9151
16453
20361
8777
4437
2386
2097
1539
1575
1519
2377
3090
6325
16421
44101
0
0
0
0
0
0
0
0
0
0
0
0
0
0
63
131
280
350
427
580
1030
1098
1286
2137
2723
3418
4108
4967
5386
5637
6375
6304
6457
5587
4762
4146
3767
3450
3450
3816
4563
5719
6361
7531
7784
8118
7498
7016
6544
5721
4621
4303
3688
3626
4031
4374
4762
5342
5931
6965
6882
7369
7529
7632
7795
7446
7159
7100
6894
7263
8002
9375
10467
11288
9076
6291
5332
3794
3129
2991
2731
2857
3681
4579
7289
11502
20656
15079
6307
3376
2166
1864
1556
1408
1731
2468
3907
8136
24846
32496
0
0
0
0
0
0
0
0
0
0
0
0
0
0
21
179
197
372
373
506
777
1078
1152
1911
2335
3167
3688
4502
5180
5788
6028
6531
6376
5852
5200
4448
4151
3548
3337
3702
4155
4917
5998
6671
7640
8110
7600
7508
6926
6129
5448
5070
4208
3653
3481
3973
4157
4693
4974
5899
6443
6166
6340
6778
6670
6572
6709
6546
7023
7535
8643
9594
10158
8705
6327
4981
4122
3319
3165
2982
2860
3409
4197
5904
8887
15197
20518
10161
4508
2792
2122
1680
1528
1422
2150
2685
4699
11249
41968
10466
0
0
0
0
0
0
0
0
0
0
0
0
0
0
0
160
153
312
408
481
736
978
1059
1603
2007
2821
3572
4264
4741
5411
5714
6111
6439
6447
5393
4987
4109
3993
3510
3359
3985
4631
5063
6267
6939
7828
7715
7639
7238
6960
6089
5352
4899
4222
3897
3417
4153
3689
4283
4390
4745
5390
5514
5290
5868
5904
6126
6367
7164
7873
8943
9421
8279
6298
4840
4179
3453
3087
2851
3022
3431
3872
5371
7498
11455
19480
15593
6742
3663
2443
1862
1603
1452
1773
2268
3373
6171
16407
45188
0
0
0
0
0
0
0
0
0
0
0
0
0
0
0
0
93
174
237
361
420
681
832
1164
1294
1938
2620
3027
3955
4269
5155
5459
5912
6048
6228
5757
5538
4462
4246
3733
3364
3620
4072
4685
5344
6469
6882
7769
7495
8053
7241
6882
6146
5067
4691
4202
4115
3541
3933
3804
3804
4208
4317
4481
4985
4957
5398
5590
5815
6599
7655
8407
7067
5919
4605
4212
3600
3371
3249
3278
3639
3656
4814
6966
9417
14849
19492
9960
4596
2945
2113
1892
1530
1538
2155
2591
4345
9110
25809
30883
0
0
0
0
0
0
0
0
0
0
0
0
0
0
0
0
8
176
210
356
406
564
771
1038
1233
1660
2241
2890
3414
3942
4803
5391
5432
5788
6447
6063
5316
5095
4421
3909
3536
3721
3778
4169
4876
5603
6424
6970
7612
7546
8051
7354
6941
6196
5354
4993
4666
4628
3971
3719
3975
4136
4107
4300
4434
4753
5285
5488
6429
7380
7375
6691
5716
4869
4230
3931
3512
3406
3110
3548
3792
4424
5954
8395
12536
18945
14141
6079
3568
2460
2068
1603
1543
1832
2249
3290
5940
13249
44458
5503
0
0
0
0
0
0
0
0
0
0
0
0
0
0
0
0
0
92
227
329
397
502
698
919
1093
1552
1929
2569
3106
3675
4208
5215
5512
5837
5974
6288
5604
5605
4598
4354
3553
3583
3577
3826
4485
5019
5837
6228
7173
7701
7961
7896
7428
7171
6428
5657
4838
4510
4589
4514
4067
4299
3978
4435
5086
5372
5713
5754
6586
6101
5580
5241
4662
4176
3892
3652
3363
3404
3481
3611
4366
5806
7630
10837
16836
17501
8206
4082
2689
2371
1672
1708
1483
1984
2532
4453
8367
20578
38181
0
0
0
0
0
0
0
0
0
0
0
0
0
0
0
0
0
0
28
230
218
379
421
570
790
1007
1273
1736
2081
2719
3435
3903
4465
5161
5675
5719
6238
6223
5641
5075
4620
4175
3730
3643
3624
3783
4606
5041
5614
6106
7366
7455
7883
8178
7648
7075
6986
6230
5544
4850
4753
4720
4651
4787
4983
5179
5309
5508
6226
5791
5070
4886
4313
3969
3736
3635
3595
3528
3772
3942
4494
5758
7044
10282
14763
18391
10729
4985
3154
2604
1817
1665
1561
1784
2323
3295
6068
12166
38397
13712
0
0
0
0
0
0
0
0
0
0
0
0
0
0
0
0
0
0
0
140
212
337
402
545
708
949
1127
1508
1861
2451
3067
3714
4110
4735
5220
5589
5635
6007
6059
5407
4859
4566
3944
3724
3654
3514
3931
4521
5030
5512
6360
6912
7255
7853
8175
7736
7435
7167
6465
6340
5781
5635
5702
5598
5727
5862
5889
5579
5513
5052
4725
4504
4448
4384
4344
4100
4276
4327
4750
5114
5755
7183
9860
13405
17851
12651
5987
3524
2574
2087
1653
1499
1714
2225
2811
4723
8484
19213
40232
0
0
0
0
0
0
0
0
0
0
0
0
0
0
0
0
0
0
0
0
55
248
246
411
473
624
852
972
1347
1728
2014
2709
3242
3945
4400
4870
5569
5477
5639
5837
5750
5344
5022
4565
3780
3867
3611
3620
3952
4496
5254
5400
6514
6791
6979
7644
7774
7719
7586
7220
6948
6932
6560
6318
5957
5979
5873
5448
5438
5473
4845
4934
4698
4782
4730
4619
4465
4624
5049
5135
5752
7228
9190
12438
16443
13835
7162
3980
2646
2254
1779
1618
1696
2051
2544
3745
6342
12699
37634
14168
0
0
0
0
0
0
0
0
0
0
0
0
0
0
0
0
0
0
0
0
0
152
226
324
441
495
729
942
1148
1580
1815
2208
2830
3683
4020
4415
5018
5513
5421
5837
5752
5665
5129
4757
4553
3731
3791
3526
3669
4016
4363
5069
5463
6284
6752
7096
7470
7901
8064
7779
7405
7540
6910
6750
6486
6515
6056
5984
5788
5497
5430
5324
5208
4928
4754
4550
4865
5129
5450
5832
7283
9012
12094
15634
14347
7732
4179
2914
2275
1921
1504
1652
1934
2474
3161
5055
9307
21793
37556
0
0
0
0
0
0
0
0
0
0
0
0
0
0
0
0
0
0
0
0
0
0
23
247
283
357
511
613
828
992
1370
1702
1943
2565
2910
4013
4222
4503
5141
5657
5615
5751
5774
5403
5044
4899
4411
3695
3733
3584
3640
4152
4239
4908
5192
5926
6661
6629
6984
6884
7724
7921
7272
7394
7283
7224
6832
6410
6224
6110
5739
5698
5386
5205
5043
4780
5283
5300
5364
6110
7496
8826
12043
15005
14087
7790
4404
3049
2369
1837
1588
1677
2044
2360
3069
4317
7366
14861
40539
7992
0
0
0
0
0
0
0
0
0
0
0
0
0
0
0
0
0
0
0
0
0
0
0
119
278
390
444
523
731
876
1155
1484
1696
2015
2497
3300
3943
4173
4731
5108
5386
5591
5712
5845
5288
5144
4677
4329
3793
3822
3429
3696
3934
4125
4675
5093
5598
6266
6807
6496
6488
6826
7180
7495
6967
6875
7176
6910
6520
6220
5879
5573
5163
5095
5135
5384
5604
5904
6709
7824
9457
12015
14927
13799
7530
4444
3019
2307
1946
1682
1669
1991
2198
2879
3898
6208
11446
26862
28589
0
0
0
0
0
0
0
0
0
0
0
0
0
0
0
0
0
0
0
0
0
0
0
0
4
257
316
399
570
599
836
873
1279
1569
1815
2319
2632
3576
3952
4415
4608
5315
5373
5602
5838
5576
5425
4973
4645
4278
3844
3726
3544
3675
4004
3898
4691
5014
5416
5641
6207
6536
6222
6395
6399
6645
6518
6705
6505
6391
6253
6022
5883
5911
5889
5981
6056
6511
7088
8214
9814
12001
14504
12283
7088
4410
2994
2328
1895
1827
1705
1997
2076
2676
3700
5502
9539
19348
39625
1033
0
0
0
0
0
0
0
0
0
0
0
0
0
0
0
0
0
0
0
0
0
0
0
0
0
53
330
369
469
610
664
912
1043
1417
1670
1918
2357
2762
3764
4059
4463
4712
5272
5316
5741
5631
5623
5214
5006
4786
4274
3982
3616
3672
3733
3760
3799
4372
4859
5086
5327
5592
5920
6189
6187
5897
6229
6145
6274
6217
5934
6221
5969
5997
6348
6433
6839
7466
9077
10733
12300
13895
10442
6198
3925
2764
2211
1886
1796
1681
1897
2137
2756
3615
4993
8272
15492
37036
11061
0
0
0
0
0
0
0
0
0
0
0
0
0
0
0
0
0
0
0
0
0
0
0
0
0
0
0
151
365
410
464
604
711
874
1196
1390
1762
2094
2344
3090
3690
4171
4469
4759
5010
5371
5553
5669
5816
5289
5146
4855
4232
4097
3633
3638
3699
3728
3619
3995
4565
4576
5020
5100
5356
5540
5962
5708
6089
6078
6037
6369
6197
6315
6632
6874
7497
8093
9305
10746
12222
12242
8059
5213
3684
2794
2239
1984
1840
1751
2137
2272
2629
3474
4739
7735
13275
29864
23696
0
0
0
0
0
0
0
0
0
0
0
0
0
0
0
0
0
0
0
0
0
0
0
0
0
0
0
0
0
259
381
421
496
654
802
1001
1271
1449
1843
2129
2442
3242
3822
4183
4461
4888
5030
5341
5635
5578
5608
5117
5030
4806
4459
4240
3775
3774
3958
3871
3693
3846
4334
4491
4513
4701
5017
5191
5574
5575
5749
5974
6239
6483
6539
7087
7572
7908
9325
11024
11568
9326
6085
4199
3377
2640
2200
2025
1749
1851
2181
2316
2758
3532
4633
7071
12211
24456
32759
0
0
0
0
0
0
0
0
0
0
0
0
0
0
0
0
0
0
0
0
0
0
0
0
0
0
0
0
0
0
9
306
539
499
537
684
971
991
1237
1617
1920
2240
2622
3175
3614
4037
4400
4811
4959
5368
5618
5340
5763
5228
5251
5015
4527
4494
3929
3762
4060
3967
3752
3792
4045
4372
4840
4883
4881
5333
5383
5711
6222
6488
6824
7235
7751
8686
9682
10516
9298
6507
4674
3421
2904
2468
2047
1919
1957
2074
2170
2372
2846
3442
4688
6989
11536
21501
36305
2047
0
0
0
0
0
0
0
0
0
0
0
0
0
0
0
0
0
0
0
0
0
0
0
0
0
0
0
0
0
0
0
36
431
512
573
626
711
962
1053
1257
1798
1974
2267
2642
3078
3707
3996
4382
4797
4993
5292
5392
5363
5540
5250
5313
5361
4724
4441
4242
3869
3986
4151
3988
4130
4183
4491
4698
4853
5264
5331
5621
5749
6449
6915
7686
8468
8571
7754
6066
4485
3655
3180
2792
2269
2040
2026
2074
2114
2218
2408
2875
3392
4806
7274
10998
19914
36308
5151
0
0
0
0
0
0
0
0
0
0
0
0
0
0
0
0
0
0
0
0
0
0
0
0
0
0
0
0
0
0
0
0
0
63
464
579
667
623
766
1021
1111
1298
1861
2154
2205
2748
3165
3602
4013
4356
4827
5034
5168
5324
5237
5583
5305
5277
5357
5166
4854
4637
4415
4278
4385
4521
4590
4634
4743
5033
5140
5688
6269
6528
6963
6794
6833
6066
5102
4332
3504
3019
2648
2347
2237
2150
2141
2186
2175
2258
2515
3220
3779
5192
7488
11228
19516
35303
7302
0
0
0
0
0
0
0
0
0
0
0
0
0
0
0
0
0
0
0
0
0
0
0
0
0
0
0
0
0
0
0
0
0
0
0
65
549
619
690
769
812
1079
1109
1376
1835
2087
2236
2687
3134
3615
3720
4138
4681
4899
5109
5121
5108
5187
5491
5267
5141
5289
4914
4868
4840
4580
4481
4760
4656
4699
4910
5217
5578
5513
5396
4943
4625
4419
3729
3224
2898
2804
2709
2364
2306
2281
2329
2486
2441
2421
2945
3577
4362
5406
7892
11813
19699
34602
8113
0
0
0
0
0
0
0
0
0
0
0
0
0
0
0
0
0
0
0
0
0
0
0
0
0
0
0
0
0
0
0
0
0
0
0
0
0
61
548
702
695
773
888
1155
1102
1411
1940
2115
2221
2653
3174
3513
3663
4126
4533
4880
4973
4997
5165
5189
5248
5354
5103
4995
4946
4640
4652
4739
4522
4516
4663
4601
4531
4434
4307
4014
3743
3493
3478
3097
2995
2835
2690
2640
2664
2507
2583
2582
2555
2756
3194
4091
4829
5945
8505
12547
21312
33312
6647
0
0
0
0
0
0
0
0
0
0
0
0
0
0
0
0
0
0
0
0
0
0
0
0
0
0
0
0
0
0
0
0
0
0
0
0
0
0
0
64
583
739
772
889
930
1100
1182
1403
1794
2123
2350
2584
3135
3340
3624
4111
4526
4854
4802
5073
4905
5090
5103
5237
5339
5036
4905
4713
4386
4247
4236
4349
4188
4279
3895
3790
3643
3481
3405
3270
3130
3135
3220
2913
2864
2794
2841
2895
3131
3272
3896
4602
5345
6865
9299
14110
22626
30725
4310
0
0
0
0
0
0
0
0
0
0
0
0
0
0
0
0
0
0
0
0
0
0
0
0
0
0
0
0
0
0
0
0
0
0
0
0
0
0
0
0
0
35
525
843
872
848
1012
1220
1254
1481
1791
2084
2336
2416
3147
3271
3450
4015
4181
4652
4861
4880
4866
4782
5000
5076
5307
5281
4856
4863
4754
4403
3953
3967
3827
3672
3535
3588
3547
3367
3068
3127
3218
2972
2887
2970
3076
3272
3421
3858
4445
5364
6630
7823
10406
15676
26152
25798
1545
0
0
0
0
0
0
0
0
0
0
0
0
0
0
0
0
0
0
0
0
0
0
0
0
0
0
0
0
0
0
0
0
0
0
0
0
0
0
0
0
0
0
0
0
341
915
917
1071
1085
1197
1379
1479
1704
1930
2421
2448
2872
3340
3405
3813
4110
4375
4682
4886
4874
4625
4659
5034
4855
4910
4758
4574
4677
4796
4489
4433
4102
3820
3846
3622
3693
3757
3419
3390
3353
3458
3649
3693
4053
4402
5059
5891
7153
9008
12224
18546
29530
16675
0
0
0
0
0
0
0
0
0
0
0
0
0
0
0
0
0
0
0
0
0
0
0
0
0
0
0
0
0
0
0
0
0
0
0
0
0
0
0
0
0
0
0
0
0
0
0
168
848
1067
1117
1173
1290
1489
1614
1694
2043
2335
2386
2722
3015
3275
3513
3988
4090
4511
4763
4838
4770
4545
4557
4665
4667
4720
4529
4310
4306
4116
4255
4026
3931
3929
3789
3784
3721
3956
4034
4082
4182
4458
5134
5946
6932
8696
11302
15246
22766
27334
6792
0
0
0
0
0
0
0
0
0
0
0
0
0
0
0
0
0
0
0
0
0
0
0
0
0
0
0
0
0
0
0
0
0
0
0
0
0
0
0
0
0
0
0
0
0
0
0
0
0
24
535
1116
1268
1427
1407
1592
1721
1664
2107
2331
2580
2724
3068
3145
3581
3715
3989
4169
4480
4588
4586
4606
4417
4698
4722
4797
4636
4651
4463
4335
4520
4456
4352
4238
4135
4299
4308
4631
4930
5233
6185
6838
8288
10125
13720
18906
26751
16815
565
0
0
0
0
0
0
0
0
0
0
0
0
0
0
0
0
0
0
0
0
0
0
0
0
0
0
0
0
0
0
0
0
0
0
0
0
0
0
0
0
0
0
0
0
0
0
0
0
0
0
0
0
136
789
1266
1566
1614
1840
1860
1707
2006
2357
2732
2706
2910
3020
3383
3462
3824
4085
4469
4546
4730
4605
4587
4677
4651
4756
4626
4768
4631
4706
4568
4626
4670
4836
5039
5238
5613
6163
6814
8337
10520
12767
17243
24192
20342
4167
0
0
0
0
0
0
0
0
0
0
0
0
0
0
0
0
0
0
0
0
0
0
0
0
0
0
0
0
0
0
0
0
0
0
0
0
0
0
0
0
0
0
0
0
0
0
0
0
0
0
0
0
0
0
0
0
235
1059
1530
1797
1923
2012
2050
2040
2284
2808
2931
2958
3168
3539
3562
3706
3968
4160
4412
4727
4721
4546
4538
4588
4922
5023
5088
5324
5272
5265
5662
6285
6529
6941
7782
8911
10846
13012
16863
22840
20254
6353
0
0
0
0
0
0
0
0
0
0
0
0
0
0
0
0
0
0
0
0
0
0
0
0
0
0
0
0
0
0
0
0
0
0
0
0
0
0
0
0
0
0
0
0
0
0
0
0
0
0
0
0
0
0
0
0
0
0
0
0
272
1130
1869
2064
2267
2362
2400
2489
2832
3274
3219
3279
3600
3926
3864
4150
4361
4558
4560
4897
4999
5150
5293
5285
5684
5906
6312
6579
7122
7746
8578
9652
11369
14071
17802
22094
16642
5586
0
0
0
0
0
0
0
0
0
0
0
0
0
0
0
0
0
0
0
0
0
0
0
0
0
0
0
0
0
0
0
0
0
0
0
0
0
0
0
0
0
0
0
0
0
0
0
0
0
0
0
0
0
0
0
0
0
0
0
0
0
0
0
0
130
920
1802
2546
2770
2764
2835
2995
3448
3501
3778
3881
4223
4375
4304
4765
5027
5298
5462
5963
5946
6384
6691
7320
7769
8531
9308
10969
12419
15041
19157
17515
10507
1730
0
0
0
0
0
0
0
0
0
0
0
0
0
0
0
0
0
0
0
0
0
0
0
0
0
0
0
0
0
0
0
0
0
0
0
0
0
0
0
0
0
0
0
0
0
0
0
0
0
0
0
0
0
0
0
0
0
0
0
0
0
0
0
0
0
0
0
0
0
293
1212
2375
3136
3474
3618
3927
4211
4267
4571
4762
5111
5487
5630
6156
6478
7124
7646
8400
9023
9857
11021
12267
14340
16472
13705
9751
2937
0
0
0
0
0
0
0
0
0
0
0
0
0
0
0
0
0
0
0
0
0
0
0
0
0
0
0
0
0
0
0
0
0
0
0
0
0
0
0
0
0
0
0
0
0
0
0
0
0
0
0
0
0
0
0
0
0
0
0
0
0
0
0
0
0
0
0
0
0
0
0
0
0
0
0
51
734
1668
2515
3480
4460
5258
5745
6086
6774
7085
7671
8371
8967
9972
11126
10699
10224
8902
7099
3680
215
0
0
0
0
0
0
0
0
0
0
0
0
0
0
0
0
0
0
0
0
0
0
0
0
0
0
0
0
0
0
0
0
0
0
0
0
0
0
0
0
0
0
0
0
0
0
0
0
0
0
0
0
0
0
0
0
0
0
0
0
0
0
0
0
0
0
0
0
0
0
0
0
0
0
0
0
0
0
0
0
0
0
0
0
14
642
1170
1614
1964
2146
2061
1868
1192
34
0
0
0
0
0
0
0
0
0
0
0
0
0
0
0
0
0
0
0
0
0
0
0
0
0
0
0
0
0
0
0
0
0
0
0
0
0
0
0
0
0
0
0
0
0
0
0
0
0
0
0
0
0
0
0
0
0
0
0
0
0
0
0
0
0
0
0
0
0
0
0
0
0
0
0
0
0
0
0
0
0
0
0
0
0
0
0
0
0
0
0
0
0
0
0
0
0
0
0
0
0
0
0
0
0
0
0
0
0
0
0
0
0
0
0
0
0
0
0
0
0
0
0
0
0
0
0
0
0
0
0
0
0
0
0
0
0
0
0
0
0
0
0
0
0
0
0
0
0
0
0
0
0
0
0
0
0
0
0
0
0
0
0
0
0
0
0
0
0
0
0
0
0
0
0
0
0
0
0
0
0
0
0
0
0
0
0
0
0
0
0
0
0
0
0
0
0
0
0
0
0
0
0
0
0
0
0
0
0
0
0
0
0
0
0
0
0
0
0
0
0
0
0
0
0
0
0
0
0
0
0
0
0
0
0
0
0
0
0
0
0
0
0
0
0
0
0
0
0
0
0
0
0
0
0
0
0
0
0
0
0
0
0
0
0
0
0
0
0
0
0
0
0
0
0
0
0
0
0
0
0
0
0
0
0
0
0
0
0
0
0
0
0
0
0
0
0
0
0
0
0
0
0
0
0
0
0
0
0
0
0
0
0
0
0
0
0
0
0
0
0
0
0
0
0
0
0
0
0
0
0
0
0
0
0
0
0
0
0
0
0
0
0
0
0
0
0
0
0
0
0
0
0
0
0
0
0
0
0
0
0
0
0
0
0
0
0
0
0
0
0
0
0
0
0
0
0
0
0
0
0
0
0
0
0
0
0
0
0
0
0
0
0
0
0
0
0
0
0
0
0
0
0
0
0
0
0
0
0
0
0
0
0
0
0
0
0
0
0
0
0
0
0
0
0
0
0
0
0
0
0
0
0
0
0
0
0
0
0
0
0
0
0
0
0
0
0
0
0
0
0
0
0
0
0
0
0
0
0
0
0
0
0
0
0
0
0
0
0
0
0
0
0
0
0
0
0
0
0
0
0
0
0
0
0
0
0
0
0
0
0
0
0
0
0
0
0
0
0
0
0
0
0
0
0
0
0
0
0
0
0
0
0
0
0
0
0
0
0
0
0
0
0
0
0
0
0
0
0
0
0
0
0
0
0
0
0
0
0
0
0
0
0
0
0
