./RotationSim r 45
0
0
0
0
0
0
0
0
0
0
0
0
0
0
0
0
0
0
0
0
0
0
0
0
0
0
0
0
0
0
0
0
0
0
0
0
0
0
0
0
0
0
0
0
0
0
0
0
0
0
0
0
0
0
0
0
0
0
0
0
0
0
0
0
0
0
0
0
0
0
0
0
0
0
0
0
0
0
0
0
0
0
0
0
0
0
0
0
0
0
0
0
0
0
0
0
0
0
0
0
0
0
0
0
0
0
0
0
0
0
0
0
0
0
0
0
0
0
0
0
0
0
0
0
0
0
0
0
0
0
0
0
0
0
0
0
0
0
0
0
0
0
0
0
0
0
0
0
0
0
0
0
0
0
0
0
0
0
0
0
0
0
0
0
0
0
0
0
0
0
0
0
0
0
0
0
0
0
0
0
0
0
0
0
0
0
0
0
0
0
0
0
0
0
0
0
0
0
0
0
0
0
0
0
0
0
0
0
0
0
0
0
0
0
0
0
0
0
0
0
0
0
0
0
0
0
0
0
0
0
0
0
0
0
0
0
0
0
0
0
0
0
0
0
0
0
0
0
0
0
0
0
0
0
0
0
0
0
0
0
0
0
0
0
0
0
0
0
0
0
0
0
0
0
0
0
0
0
0
0
0
0
0
0
0
0
0
0
0
0
0
0
0
0
0
0
0
0
0
0
0
0
0
0
0
0
0
0
0
0
0
0
0
0
0
0
0
0
0
0
0
0
0
0
0
0
0
0
0
0
0
0
0
0
0
0
0
0
0
0
0
0
0
0
0
0
0
0
0
0
0
0
0
0
0
0
0
0
0
0
0
0
0
0
0
0
0
0
0
0
0
0
0
0
0
0
0
0
0
0
0
0
0
0
0
0
0
0
0
0
0
0
0
0
0
0
0
0
0
0
0
0
0
0
0
0
0
0
0
0
0
0
0
0
0
0
0
0
0
0
0
0
0
0
0
0
0
0
0
0
0
0
0
0
0
0
0
0
0
0
0
0
0
0
0
0
0
0
0
0
0
0
0
0
0
0
0
0
0
0
0
0
0
0
0
0
0
0
0
0
0
0
0
0
0
0
0
0
0
0
0
0
0
0
0
0
0
0
0
0
0
0
0
0
0
0
0
0
0
0
0
0
0
0
0
0
0
0
0
0
0
0
0
0
0
0
0
0
0
0
0
0
0
0
0
0
0
0
0
0
0
0
0
0
0
0
0
0
0
0
0
0
0
967
3905
6176
8463
10210
11405
12141
12512
12039
11383
9949
7960
5007
1152
0
0
0
0
0
0
0
0
0
0
0
0
0
0
0
0
0
0
0
0
0
0
0
0
0
0
0
0
0
0
0
0
0
0
0
0
0
0
0
0
0
0
0
0
0
0
0
0
0
0
0
0
0
0
0
0
0
0
0
0
0
0
0
0
0
0
0
0
0
0
0
0
0
0
0
0
0
0
0
0
0
605
4947
9597
14065
17333
20136
20145
20165
20260
19893
20182
20185
20817
21083
21796
22457
23439
24705
25663
23522
19504
14399
8213
1205
0
0
0
0
0
0
0
0
0
0
0
0
0
0
0
0
0
0
0
0
0
0
0
0
0
0
0
0
0
0
0
0
0
0
0
0
0
0
0
0
0
0
0
0
0
0
0
0
0
0
0
0
0
0
0
0
0
0
0
0
0
0
0
0
0
0
0
0
0
0
0
0
0
1703
7363
13018
17331
18118
17757
17489
17244
17029
16340
15675
15643
15361
15351
14963
15051
14877
15398
15751
16220
16892
18025
19497
21040
23436
25316
27276
21718
13543
3442
0
0
0
0
0
0
0
0
0
0
0
0
0
0
0
0
0
0
0
0
0
0
0
0
0
0
0
0
0
0
0
0
0
0
0
0
0
0
0
0
0
0
0
0
0
0
0
0
0
0
0
0
0
0
0
0
0
0
0
0
0
0
0
0
0
0
0
391
5888
12070
16935
16871
16781
16363
15582
14903
14099
13185
12327
11835
11096
10618
10497
9966
9852
9591
9875
9866
10188
10594
11336
12070
12662
13973
15580
17251
19237
21891
25027
28583
23315
11553
898
0
0
0
0
0
0
0
0
0
0
0
0
0
0
0
0
0
0
0
0
0
0
0
0
0
0
0
0
0
0
0
0
0
0
0
0
0
0
0
0
0
0
0
0
0
0
0
0
0
0
0
0
0
0
0
0
0
0
0
0
0
0
1122
8121
14594
15847
15538
15479
14682
13697
12582
11771
10728
9990
9350
8785
8324
7532
7367
7198
6849
6607
6568
6375
6483
6557
6736
7043
7382
8165
8741
9622
10738
12355
13843
15923
19051
22356
26959
28908
17291
2805
0
0
0
0
0
0
0
0
0
0
0
0
0
0
0
0
0
0
0
0
0
0
0
0
0
0
0
0
0
0
0
0
0
0
0
0
0
0
0
0
0
0
0
0
0
0
0
0
0
0
0
0
0
0
0
0
0
0
879
8009
14702
14875
14841
14381
13733
12605
11528
10466
9433
8611
8001
6995
6468
6004
5590
5410
4959
4616
4570
4403
4251
4121
4266
4357
4330
4414
4789
4938
5283
5764
6441
7237
8688
10073
11585
14078
16682
20387
25846
30112
19105
2456
0
0
0
0
0
0
0
0
0
0
0
0
0
0
0
0
0
0
0
0
0
0
0
0
0
0
0
0
0
0
0
0
0
0
0
0
0
0
0
0
0
0
0
0
0
0
0
0
0
0
0
0
0
0
167
5917
14003
14520
13968
13811
13071
11774
10666
9623
8589
7778
6815
6069
5672
5214
4696
4129
3748
3339
3194
3210
3024
2958
3050
3010
3082
2939
2982
3091
3207
3355
3733
3700
3956
4617
5206
6034
7125
8684
10541
13029
15792
20346
25719
30440
15897
485
0
0
0
0
0
0
0
0
0
0
0
0
0
0
0
0
0
0
0
0
0
0
0
0
0
0
0
0
0
0
0
0
0
0
0
0
0
0
0
0
0
0
0
0
0
0
0
0
0
0
0
2525
11699
14283
13288
13127
12780
11453
10372
9383
8291
7384
6258
5349
4884
4286
3712
3478
3154
2960
2672
2679
2580
2460
2449
2322
2342
2244
2170
2176
2148
2286
2371
2434
2511
2615
2780
2952
3295
3848
4521
5222
6427
7801
9851
12594
16524
21061
28205
28669
7727
0
0
0
0
0
0
0
0
0
0
0
0
0
0
0
0
0
0
0
0
0
0
0
0
0
0
0
0
0
0
0
0
0
0
0
0
0
0
0
0
0
0
0
0
0
0
0
0
144
6606
13638
13396
12910
12614
11898
10174
9204
8015
6892
6045
5090
4523
4085
3615
3245
2806
2659
2509
2466
2223
2093
1947
1917
1917
1780
1640
1713
1657
1655
1670
1653
1752
1692
1857
1920
2073
2230
2406
2585
2851
3218
3747
4597
5991
7529
9556
13241
17457
23725
32270
19419
556
0
0
0
0
0
0
0
0
0
0
0
0
0
0
0
0
0
0
0
0
0
0
0
0
0
0
0
0
0
0
0
0
0
0
0
0
0
0
0
0
0
0
0
0
0
1256
9968
13219
12652
12360
11650
10641
9801
8295
6944
6043
5277
4437
4159
3564
3228
2819
2608
2436
2292
2037
1906
1778
1833
1786
1735
1786
1713
1658
1621
1685
1574
1450
1318
1385
1502
1445
1378
1430
1519
1624
1956
2170
2399
2835
3165
3643
4596
6189
7736
10434
14380
20231
29024
28685
4349
0
0
0
0
0
0
0
0
0
0
0
0
0
0
0
0
0
0
0
0
0
0
0
0
0
0
0
0
0
0
0
0
0
0
0
0
0
0
0
0
0
0
0
2608
11650
12782
12139
11635
10954
10048
8722
7225
6101
5487
4750
4145
3509
3193
2737
2472
2211
2017
1824
1754
1623
1795
1946
2070
2113
2129
2066
2271
2432
2270
2216
2271
2268
2122
1964
1749
1587
1449
1483
1535
1503
1512
1593
1699
1848
2100
2649
3284
3853
4969
6594
8960
12167
17688
25835
33367
9906
0
0
0
0
0
0
0
0
0
0
0
0
0
0
0
0
0
0
0
0
0
0
0
0
0
0
0
0
0
0
0
0
0
0
0
0
0
0
0
0
0
4088
12579
12265
11887
11418
10369
9240
8094
6619
5680
5239
4235
3762
3244
2757
2418
2226
1990
2056
1966
2080
2293
2564
2675
3064
3480
3910
4379
4822
5314
5404
5411
5319
4909
4283
3786
3176
2722
2408
2215
1910
1602
1395
1358
1384
1356
1497
1622
1821
2043
2663
3402
4221
5653
7625
10589
15425
23355
33403
15010
0
0
0
0
0
0
0
0
0
0
0
0
0
0
0
0
0
0
0
0
0
0
0
0
0
0
0
0
0
0
0
0
0
0
0
0
0
0
0
4914
12296
12005
11591
10973
9883
8738
7738
6300
5550
4856
3922
3499
3017
2391
2169
2044
2060
2209
2264
2618
3351
3872
4528
5596
6742
7422
8304
9153
9527
9954
10083
10174
10307
10424
10109
9720
8852
7658
6380
4751
3441
2709
2247
1943
1698
1420
1321
1311
1514
1634
1720
2219
2929
3631
4837
6823
9345
14015
21874
33243
18538
0
0
0
0
0
0
0
0
0
0
0
0
0
0
0
0
0
0
0
0
0
0
0
0
0
0
0
0
0
0
0
0
0
0
0
0
0
5148
12052
11799
11134
10519
9595
8599
7390
6047
5481
4512
3657
3500
2855
2445
2294
2046
2303
2407
2878
3781
4709
5737
7002
8212
9068
9806
10446
11204
11502
11779
11783
12387
12552
13058
13294
13006
12867
13270
12895
12328
11215
9909
7505
5215
3537
2490
1982
1590
1472
1243
1351
1415
1598
1847
2496
3221
4391
6194
8833
13313
20608
32653
20087
0
0
0
0
0
0
0
0
0
0
0
0
0
0
0
0
0
0
0
0
0
0
0
0
0
0
0
0
0
0
0
0
0
0
0
4633
11659
11393
10770
10448
9135
8218
6968
5941
5172
4249
3561
3183
2738
2374
2183
2186
2542
3093
4014
5182
6374
7604
8847
9487
10405
10846
11173
11279
11145
11501
11707
11607
11569
11616
11754
11960
12419
12941
13183
13725
14237
14151
13626
13039
11551
9282
6221
3903
2794
2099
1612
1356
1338
1398
1419
1621
2236
2982
3886
5582
8472
12903
20253
32983
18921
0
0
0
0
0
0
0
0
0
0
0
0
0
0
0
0
0
0
0
0
0
0
0
0
0
0
0
0
0
0
0
0
0
3668
11110
11395
10591
10287
8887
8320
6864
5904
5212
4187
3656
3015
2659
2360
2201
2458
2915
3852
5106
6415
7727
8775
9773
10592
10770
11042
10916
10553
10131
10258
10210
9573
9602
9709
9477
9299
9971
10075
10455
11158
11636
12342
13134
14055
14461
14635
14291
12693
10115
6501
3818
2459
1837
1541
1435
1312
1294
1564
2043
2706
3807
5395
8053
13118
20746
34414
15774
0
0
0
0
0
0
0
0
0
0
0
0
0
0
0
0
0
0
0
0
0
0
0
0
0
0
0
0
0
0
0
2406
10543
11161
10374
10309
8787
8181
6719
5952
4902
4126
3438
3060
2644
2487
2310
2656
3335
4581
5856
7573
8545
9440
10088
10320
10055
10278
9699
9199
8932
8547
7918
7790
7630
7286
7511
7446
7650
7490
7701
7969
8251
8690
9337
10177
11357
12437
13625
14312
15219
14688
13023
9442
5658
3081
2073
1684
1492
1264
1301
1494
1867
2506
3655
5301
7974
13220
21692
36065
10808
0
0
0
0
0
0
0
0
0
0
0
0
0
0
0
0
0
0
0
0
0
0
0
0
0
0
0
0
0
978
9431
11009
10464
10117
8869
8144
7050
6113
4944
4244
3457
3059
2705
2509
2373
2983
3858
5154
6650
8319
8903
9478
10014
9893
9910
9168
8587
8143
7570
7365
7036
6971
6719
6584
6279
5977
5962
5656
5627
5700
5880
6067
6300
6939
7860
8220
9306
10398
11943
13553
14577
15471
15041
12310
7527
3973
2328
1745
1578
1304
1418
1414
1847
2469
3489
5481
8463
14303
23201
35971
5180
0
0
0
0
0
0
0
0
0
0
0
0
0
0
0
0
0
0
0
0
0
0
0
0
0
0
0
111
7692
10702
10409
10056
9210
7930
6990
6349
5086
4368
3409
3074
2803
2580
2422
3262
4086
5637
7252
8520
9073
9549
9554
9385
9157
8455
7827
7457
6881
6622
5998
5484
5183
4798
4504
4420
4320
4372
4306
4298
4388
4290
4654
4851
5054
5241
5958
6664
7748
8756
10074
12019
14243
15337
16177
14325
9938
4909
2519
1721
1602
1305
1306
1370
1793
2501
3469
5654
9128
15332
26349
33153
731
0
0
0
0
0
0
0
0
0
0
0
0
0
0
0
0
0
0
0
0
0
0
0
0
0
0
4839
10519
10366
9905
9194
8290
7166
6362
5445
4448
3702
3077
2782
2540
2607
3449
4485
5753
7429
8605
9281
9146
9224
9201
8540
7619
7423
6820
6210
5653
5090
4771
4441
4250
4072
3873
3652
3511
3309
3296
3322
3138
3306
3334
3528
3935
4117
4417
4949
5303
6413
7656
8847
10276
12781
14356
16261
15975
11691
5841
2814
1815
1419
1312
1294
1368
1904
2517
3741
6119
9915
17303
31032
23210
0
0
0
0
0
0
0
0
0
0
0
0
0
0
0
0
0
0
0
0
0
0
0
0
0
1794
9725
10429
9719
9364
8232
7209
6594
5684
4617
3881
3133
2968
2615
2708
3580
4485
5999
7455
8691
9168
9089
9066
8784
8184
7463
7018
6271
5515
4900
4564
4066
3938
3785
3385
3444
3381
3293
3241
3142
3024
2891
2866
2768
2867
2849
2976
3048
3371
3495
4043
4469
5224
6361
7947
9383
11686
13994
15749
16869
12592
6444
3035
2012
1527
1393
1314
1405
1870
2516
4123
6963
11166
20460
36682
9444
0
0
0
0
0
0
0
0
0
0
0
0
0
0
0
0
0
0
0
0
0
0
0
88
7647
10036
9694
9383
8556
7342
6715
5856
4752
4134
3198
2902
2649
2708
3445
4642
5998
7365
8709
8868
8735
9064
8367
7739
7036
6278
5703
5174
4560
4254
3886
3794
3561
3371
3435
3462
3311
3095
3060
3135
3093
3092
3136
3011
2806
2627
2640
2779
2853
2845
3158
3510
3997
4604
5384
6755
8606
11141
13356
15827
16905
13353
6514
3047
2013
1493
1440
1314
1485
1986
2796
4653
7967
13543
24931
34646
635
0
0
0
0
0
0
0
0
0
0
0
0
0
0
0
0
0
0
0
0
0
0
3869
9529
9980
9281
8963
7848
6781
6077
5225
4388
3433
2977
2714
2844
3507
4524
5775
7003
8444
8779
8798
8462
7841
7644
6742
5962
5446
4686
4638
4212
3775
3675
3604
3739
3850
3778
3957
4201
4362
4225
4242
4081
3923
3677
3458
3178
2944
2593
2455
2477
2503
2515
2848
2909
3303
4052
5225
6619
8266
10235
13104
15889
17088
13510
6355
2744
1941
1386
1327
1311
1584
2074
3161
5735
9558
16627
31524
20459
0
0
0
0
0
0
0
0
0
0
0
0
0
0
0
0
0
0
0
0
0
499
8682
9601
9387
8978
8229
7013
6478
5518
4579
3617
3091
2727
2819
3388
4356
5386
6729
8022
8602
8676
8340
7687
7280
6680
5825
5344
4776
4456
3709
3671
3836
3742
3913
4291
4582
4730
5081
5374
5843
6198
6270
6312
6274
5975
5722
5195
4583
4111
3644
2920
2718
2596
2514
2707
2784
2890
3706
4315
6000
8193
9872
12805
15721
17536
13174
5486
2366
1818
1451
1409
1404
1695
2284
3985
6683
11847
21289
37876
3373
0
0
0
0
0
0
0
0
0
0
0
0
0
0
0
0
0
0
0
0
4712
9563
9342
9036
8491
7602
6606
5876
5056
4171
3326
2831
2745
3211
4152
5248
6391
7539
8433
8818
8172
7563
7286
6686
5783
5090
4585
4176
3858
3841
3754
4023
4387
4951
5242
5836
6479
7070
7617
8135
8381
8653
9124
9314
9046
8833
8522
7572
6526
5724
4345
3405
2836
2591
2313
2422
2724
2807
3539
4052
5744
7908
10047
13030
15954
17574
11801
4479
2155
1684
1491
1353
1561
1814
2903
4683
8345
15299
28988
25353
0
0
0
0
0
0
0
0
0
0
0
0
0
0
0
0
0
0
0
602
8699
9139
9210
8866
7954
6853
6244
5452
4596
3643
3027
2761
3049
3788
4901
5951
7209
8442
8738
8211
7819
7422
6707
5925
5185
4319
4098
4183
3998
3810
4149
5014
5711
6033
6686
7573
8349
9046
9045
9299
10102
10180
10469
10684
10487
10506
10078
10229
10046
8548
7532
5953
4438
3500
2785
2378
2300
2440
2818
3412
4080
5726
7791
10439
13676
17093
17153
9616
3634
1848
1630
1424
1362
1561
2113
3342
6171
11100
20271
38467
3930
0
0
0
0
0
0
0
0
0
0
0
0
0
0
0
0
0
0
4172
9255
9015
8955
8468
7393
6274
5874
4837
4053
3244
2720
2946
3575
4542
5660
6427
7996
8243
8433
7847
7307
6823
6039
4892
4296
4307
4372
4022
3846
4596
5388
6019
6843
7540
8176
9020
9216
9506
9513
9778
9578
10109
9942
9894
10217
11057
11532
11685
11470
11505
10336
9455
7710
5176
3918
3158
2517
2175
2329
2487
3263
3883
5741
7681
11448
14135
18011
15785
7098
3020
1655
1624
1306
1329
1748
2545
4499
7951
14720
29370
24648
0
0
0
0
0
0
0
0
0
0
0
0
0
0
0
0
0
212
7895
8823
9169
8480
7781
6992
6150
5467
4572
3523
3237
2766
3301
4179
5165
6300
7364
8281
8020
8057
7254
7244
6271
4987
4507
4435
4285
4151
3980
5061
5719
6575
7064
7720
8986
9431
9344
9295
9150
9189
9088
9223
8963
8603
9110
9620
9871
10098
10478
10972
11713
11896
11444
10836
9122
6205
4378
3426
2814
2274
2295
2619
3265
4204
5895
8561
11853
15758
18238
13224
4911
2225
1589
1538
1215
1462
2182
3224
6005
11263
20909
38768
1512
0
0
0
0
0
0
0
0
0
0
0
0
0
0
0
0
2758
8858
8766
8655
8450
7167
6456
5745
5175
3950
3381
2793
2770
3847
4674
5813
6670
8124
7826
8080
7403
7311
6177
5303
4671
4286
4481
4122
4126
4968
5829
6643
6755
8007
9032
9162
8762
8681
8705
8527
8195
7548
7649
7536
7577
7838
7847
8207
8200
8878
9592
10472
11604
11983
12001
11921
9925
6867
4585
3549
2813
2368
2339
2673
3372
4354
6599
9276
13130
17435
17540
9109
3349
1777
1647
1270
1239
1841
2412
4424
8261
15909
32120
18385
0
0
0
0
0
0
0
0
0
0
0
0
0
0
0
0
5966
8604
8903
8325
7763
7014
6248
5476
4626
3673
3175
2799
3305
4353
5276
6338
7136
7853
7942
7937
7449
6504
5674
4884
4421
4480
4317
4375
4604
5803
6575
7194
8377
8998
8757
8682
8257
7554
7325
6823
6668
6388
6499
6029
5877
5738
6281
6446
7015
7530
7974
8869
10285
11154
11888
12165
12181
10359
7170
4535
3656
2752
2293
2423
2879
3639
4808
7406
10948
14700
18359
14684
5472
2369
1637
1503
1273
1477
2116
3298
6119
12027
24131
33897
0
0
0
0
0
0
0
0
0
0
0
0
0
0
0
734
8407
8419
8638
7998
7188
6784
5848
5268
4196
3358
3121
3029
3652
4663
5529
6745
7730
7679
8000
7599
6798
6214
5021
4604
4486
4295
4313
4676
5587
6453
7129
8270
8928
8319
8793
7525
7226
6894
6217
5959
5476
5232
5076
5065
4945
4976
4897
5129
5348
5423
6075
6672
7997
9284
10787
11875
12714
12549
10261
7177
4326
3371
2880
2253
2375
3024
3959
5777
8640
12170
16647
18408
9892
3391
1837
1689
1419
1218
1824
2581
4767
9301
18649
38658
5623
0
0
0
0
0
0
0
0
0
0
0
0
0
0
3297
8404
8632
8344
7824
7151
6253
5613
4990
3657
3377
3117
3255
4456
5069
6033
6813
7968
7958
7769
7143
6620
5675
4806
4419
4393
4350
4603
5179
6349
7058
8223
8768
7948
8775
7357
6995
6210
5894
5231
5083
4766
4786
4354
4124
3765
3917
3587
3870
4256
4764
5144
5598
6280
7176
8686
10631
11470
13010
12665
10084
6829
4102
3191
2699
2130
2582
3082
4370
7000
10113
14317
18838
14961
5528
2254
1736
1383
1278
1603
2357
3689
7382
14761
30764
21845
0
0
0
0
0
0
0
0
0
0
0
0
0
0
5875
8067
8552
7820
7510
6724
6065
5496
4569
3592
3183
3111
3426
4895
5482
6259
7570
7696
7850
7231
6876
6310
5110
4522
4460
4315
4479
4937
5920
6869
7591
8134
7824
8226
7520
7007
6349
5759
5393
4985
4849
4699
4472
4072
3585
3489
3356
3024
3001
2765
3239
3634
4140
4965
5697
6574
8525
10406
11477
12985
13042
9236
6069
3859
2921
2475
2235
2737
3581
5501
8308
12064
17056
18482
8721
3136
1758
1587
1342
1283
1996
3030
5854
11477
24177
33828
0
0
0
0
0
0
0
0
0
0
0
0
0
257
7790
8252
8300
7898
7323
6629
5871
5337
4221
3385
3142
3249
3920
5087
5613
6641
7718
7573
7757
6772
6568
5832
4863
4398
4394
4344
4919
5571
6503
7419
7753
8061
8134
7775
6587
6775
5688
5276
4864
4911
4476
4068
4220
3744
3928
3885
3672
3577
3268
3250
3135
3098
3311
3861
4426
5276
6665
8295
10778
11987
13095
12446
8013
5017
3541
2697
2233
2424
3050
4450
7060
10439
14788
19138
13304
4549
2077
1765
1409
1230
1723
2491
4651
9137
19516
40021
2293
0
0
0
0
0
0
0
0
0
0
0
0
2044
7940
8291
7841
7737
7111
6328
5554
5073
4031
3250
3122
3393
4422
5202
5831
6897
7979
7749
7507
6587
6209
5499
4608
4347
4151
4793
5069
5996
7122
7549
7924
8258
8140
7051
6689
5996
5331
5217
5134
4475
4200
4674
4595
4893
5383
5419
5044
4947
4325
3758
3292
2951
2707
3127
3491
4192
5134
6755
8984
10959
12278
13496
10858
6576
4077
3092
2508
2195
2699
3645
5661
8675
13231
18241
16506
6766
2574
1707
1442
1330
1363
2248
3810
7641
16072
34125
14745
0
0
0
0
0
0
0
0
0
0
0
0
3752
7978
8228
7761
7496
6996
6082
5273
4740
3767
3328
3341
3507
4529
5568
5906
7213
7633
7538
7134
6530
5742
5389
4307
4319
4409
4989
5517
6800
7322
7820
7992
8040
7371
6594
6363
5462
5090
4919
4366
4648
5134
5460
5994
5988
5783
6009
6307
6335
5906
4805
4431
3684
3196
2881
2862
3422
3939
5343
7200
9669
11508
13024
13195
8677
5040
3498
2789
2260
2250
3211
4566
7627
11671
16451
18857
9319
3272
1852
1570
1430
1404
1922
3337
6288
13026
28588
24953
0
0
0
0
0
0
0
0
0
0
0
0
5361
8023
7989
7629
7363
6643
5889
5242
4503
3592
3081
3387
3739
4891
5690
6224
7398
7364
7251
6862
6696
5569
5221
4466
4277
4403
5273
5990
7076
7266
7614
8190
7638
7116
6525
5581
5221
4530
4590
4780
5165
5780
6376
6770
7344
8034
8547
9211
8817
8026
7349
5740
5144
4089
2998
3051
2915
2933
4134
5724
8104
10188
12554
13709
11704
6481
3972
2891
2346
2224
2798
3942
6466
10065
15099
18952
12614
4239
2207
1665
1343
1297
1656
2895
5449
10945
24755
33043
0
0
0
0
0
0
0
0
0
0
0
0
6568
7986
7777
7542
7301
6402
5667
5184
4209
3689
3115
3510
4113
5077
5718
6428
7668
7525
7212
6615
6454
5519
4746
4629
4221
4503
5735
6303
7323
7439
7847
7946
7290
6824
5905
5307
5077
4762
4917
5147
5617
6753
7291
7959
9254
10246
10281
10542
10425
10770
10405
8552
6369
5422
3973
2806
2989
2978
3490
4554
6538
8400
11669
13918
13235
8096
4881
3326
2569
2288
2554
3418
5535
8610
13796
18755
15384
5540
2385
1789
1405
1355
1551
2379
4768
9643
21397
38676
0
0
0
0
0
0
0
0
0
0
0
376
7459
7945
7687
7619
7335
6224
5713
5082
4261
3572
3102
3588
4217
5147
6057
6701
7352
7452
6953
6592
5985
5709
4674
4569
4064
4943
5730
6702
7267
7456
7983
7667
7240
6082
5723
4854
5027
4447
5236
5177
6076
7514
8851
9847
9558
10216
9708
10394
10688
10893
11302
11206
9550
6873
4816
3628
3056
2714
3122
3896
5185
7480
10573
12738
14912
9998
5901
3993
2713
2345
2421
3147
4544
7987
12167
17677
17735
6791
2602
1839
1421
1338
1467
2181
4164
8912
18614
40711
2784
0
0
0
0
0
0
0
0
0
0
1347
7343
7810
7757
7394
7010
6004
5665
4759
4074
3456
3041
3756
4214
5170
6083
6831
7326
7105
6791
6576
5911
5503
4557
4374
4291
5172
5992
6790
7383
7587
7979
7351
6681
5726
5390
4768
4869
4548
4947
6064
7617
8900
8772
10097
8601
7933
8924
9854
9448
10317
11242
11367
11180
9751
6942
4425
3388
3085
2650
3501
4605
6143
9605
12007
14101
12058
6883
4272
2808
2469
2199
2826
4087
6803
11060
16811
19304
8510
3079
1855
1404
1429
1425
1978
3673
7660
16425
36588
10378
0
0
0
0
0
0
0
0
0
0
2123
7619
7546
7566
7211
6863
5972
5324
4702
3996
3441
3094
3998
4233
5552
6168
6911
7443
7265
6881
6442
5891
5279
4660
4446
4500
5441
6194
7021
7274
7780
7676
7431
6315
6054
4993
4736
4658
4754
5585
6768
7569
8175
8563
8876
8529
7221
7784
7894
8265
8682
9739
11758
11951
11211
9048
6005
3755
3370
3011
3028
4109
5538
8314
11321
13999
13148
8187
4702
3044
2518
2012
2720
3917
6046
10214
15515
19817
10607
3387
1888
1595
1420
1437
1705
3498
7022
15082
33412
16042
0
0
0
0
0
0
0
0
0
0
2662
7365
7513
7533
7188
6880
5901
5304
4794
4155
3529
3103
3789
4532
5419
6392
6769
7217
6961
6701
6276
5723
5060
4751
4435
4727
5425
6430
6897
7084
7803
7725
7058
5759
5547
4715
4781
4486
5297
6017
7453
7902
8615
8543
7723
7259
6091
4819
4432
6105
6875
8766
10429
11431
11265
10182
7493
4410
3504
2835
3158
3738
4946
7340
10361
13442
14044
9251
5111
3314
2591
2296
2656
3663
5640
9294
15218
19684
12248
3697
2111
1586
1408
1451
1629
3348
6446
13881
31051
20050
0
0
0
0
0
0
0
0
0
0
3021
7427
7288
7369
7172
6797
5798
5325
4633
4021
3538
3238
3780
4474
5342
6265
6852
7259
7162
6626
6124
5919
4990
4624
4483
4903
5352
6408
6856
7527
7905
7416
7094
5740
5223
4741
4768
4428
5735
6419
8393
8591
8913
8151
7344
6277
4784
3827
3234
3802
4949
6683
9015
11116
12360
10415
8829
5094
3539
2996
2916
3661
4705
6598
9995
12581
14596
10187
5684
3585
2839
2295
2538
3433
5466
8944
14219
19755
13650
4013
2206
1654
1288
1449
1638
3121
6038
12997
29055
23607
0
0
0
0
0
0
0
0
0
0
3365
7425
7452
7256
7122
6638
5736
5276
4540
4124
3533
3351
3932
4682
5404
6295
6627
7160
6833
6788
6043
5922
5070
4665
4349
4997
5335
6451
6856
7507
7826
7276
6762
5695
5169
4682
4886
4906
5229
6987
8078
9095
8724
9172
6611
5119
2839
2347
1667
2388
3633
5184
7535
10409
11862
12117
9037
6592
3934
3524
2749
3450
4473
6012
9305
12531
14718
10817
5907
3879
2892
2355
2444
3396
5128
8535
13805
19649
14273
4560
2260
1640
1235
1503
1624
2903
5935
12531
28467
25648
0
0
0
0
0
0
0
0
0
0
3606
7351
7335
7370
6913
6582
5705
5185
4650
4007
3528
3359
4005
4645
5474
6246
6556
7375
6921
6369
6017
5799
5069
4629
4374
4897
5518
6151
6944
7533
7733
7522
6661
5512
5111
4825
4812
4945
6135
7113
8091
9240
9516
9603
6258
3942
2688
1962
1805
1713
2245
4597
6062
8940
12611
11858
9336
6520
4355
3547
2677
3248
4233
6125
9009
12308
14665
11477
6169
3918
2938
2412
2396
3051
4872
8396
13832
19780
14966
4698
2322
1628
1256
1601
1600
2893
5635
11930
27767
26592
0
0
0
0
0
0
0
0
0
0
3579
7353
7228
7388
6936
6544
5753
5108
4841
4075
3501
3366
3985
4495
5394
6389
6591
7114
6903
6569
6008
5894
4988
4525
4749
4811
5763
6224
7004
7559
7866
7249
6445
5458
5025
4913
4746
5501
6199
7597
8260
9367
9646
9384
6300
3831
2377
1727
1421
1453
2060
3468
6001
9000
13002
12721
10180
6742
4574
3427
3057
2923
4153
6309
8361
12593
14020
11242
6647
4001
3087
2412
2597
3023
4673
8722
13602
19699
14626
4687
2286
1632
1356
1462
1562
2867
5591
12139
27635
26503
0
0
0
0
0
0
0
0
0
0
3349
7174
7204
7246
6762
6492
5739
5100
4863
4044
3654
3337
3934
4487
5296
6365
6468
7196
6709
6673
6204
5762
5082
4538
4798
4754
5590
6184
6836
7383
7878
7278
6434
5682
5048
5062
4734
5496
6617
7224
7990
9403
9787
8754
6118
4733
2587
1594
1459
1681
2482
3318
5632
8953
12351
12595
10708
7259
4312
3516
2958
3095
4156
6150
8612
12500
14139
10881
6532
3837
3079
2361
2583
3116
4847
8655
14048
19511
14579
4597
2476
1616
1420
1412
1685
2991
5626
12052
28829
25324
0
0
0
0
0
0
0
0
0
0
2968
7200
7333
7272
6732
6537
5692
5117
4710
4017
3662
3337
3715
4728
5208
6247
6427
6895
6720
6461
6055
5859
5289
4538
4744
4656
5669
6001
6945
7177
7750
7303
6513
5777
5298
4876
4960
5387
6168
7257
8273
9369
9541
8466
6593
4578
2847
1874
1818
1806
2480
4048
6184
8341
12564
11924
10164
6471
4513
3324
2806
3173
4459
5872
9179
12587
14179
10565
6393
4030
2953
2437
2646
3163
4909
8515
14048
19972
13897
4286
2345
1618
1509
1408
1711
2850
5769
12659
29649
23428
0
0
0
0
0
0
0
0
0
0
2629
7061
7180
7006
6646
6532
5756
5175
4826
4212
3687
3323
3662
4698
5370
6126
6628
7013
6797
6514
6103
5797
5441
4734
4757
4791
5506
5946
6724
7092
7521
7332
6953
6015
5195
4740
4909
5363
5792
6928
8567
8836
9503
8153
6190
4498
3858
2572
2433
2695
3422
4893
6989
10301
12261
11718
8962
6271
3968
3452
2896
3497
4849
6206
9882
12941
13777
9579
5871
3794
2874
2429
2608
3323
5140
9150
14560
20312
12585
4008
2422
1556
1424
1356
1825
2859
6165
13348
31552
20576
0
0
0
0
0
0
0
0
0
0
2035
7071
7103
7014
6829
6736
6073
5190
4876
4066
3646
3429
3626
4345
5255
5770
6411
6945
6697
6607
6122
5801
5438
5152
4702
4887
5259
6143
6404
6785
7579
7200
6802
6030
5548
4607
4718
4907
5763
6569
7885
7964
8773
7859
7313
5757
4679
3373
3672
3747
4392
6366
8658
10810
12528
10025
8344
5243
3849
3670
3123
3586
5007
6654
10653
13276
13265
9075
5601
3731
2810
2539
2478
3606
5544
9711
15463
20090
11285
3631
2411
1562
1395
1461
1861
3112
6695
14448
33688
16409
0
0
0
0
0
0
0
0
0
0
1218
6924
7231
6876
6814
6521
6155
5098
5020
4103
3732
3629
3500
4447
4945
5697
6135
6684
6791
6807
6199
6081
5638
5212
4779
4742
5176
5852
6403
6885
7639
7077
7271
5909
5735
5128
4643
5136
5725
5467
7057
8173
8372
8407
7547
6518
5685
4693
4727
5254
6259
8465
10765
12833
11312
10176
6953
4779
3736
2919
2863
3850
5266
7331
11098
14027
12071
8572
5308
3616
2669
2465
2519
3611
6248
10481
16387
19582
9445
3318
2264
1523
1327
1533
2057
3340
7091
16105
36997
10560
0
0
0
0
0
0
0
0
0
0
293
7120
6997
6961
6621
6598
6136
5188
5166
4290
3776
3640
3604
4279
4879
5432
6149
6620
6919
6733
6265
5950
5652
5221
5219
4549
5147
5622
6269
6708
7441
7127
7476
6369
5825
5467
4979
4684
5295
5893
6344
7828
8391
8076
7510
6984
6315
5710
6420
7900
8833
9942
12150
11618
10856
8020
6346
4461
3093
2695
3578
4238
5780
8462
12086
13863
11451
7528
4869
3492
2450
2528
2762
4071
6848
11509
17210
18890
7566
3005
2098
1623
1211
1579
2060
3911
8141
18488
41199
2846
0
0
0
0
0
0
0
0
0
0
0
6033
6920
7266
6681
6696
6014
5398
4937
4476
3856
3635
3628
3965
4796
5348
6242
6398
6960
6630
6485
5851
5653
5289
5098
4609
5057
5508
5927
6679
7256
7234
7192
7022
5945
5506
5160
4640
5014
5663
6019
6872
7781
8168
7846
7691
7730
7771
8094
8877
10476
11505
11970
10843
9129
7072
4820
3745
2808
3072
3601
4708
6858
9606
13212
14170
10074
6389
4421
2989
2493
2546
3078
4447
7788
12870
18636
16659
5932
2890
2017
1484
1411
1609
2279
4345
9363
21079
39593
0
0
0
0
0
0
0
0
0
0
0
0
4988
6663
7309
6659
6836
6077
5543
5102
4678
3883
3777
3571
3797
4736
5258
5843
6249
6817
6636
6857
5974
5747
5274
5247
4793
4750
5535
6088
6497
6661
7537
7285
7188
6570
5579
5300
4710
5041
5439
5971
6232
6864
7573
8223
8015
8245
9141
9910
9976
10387
11036
10475
8494
6698
4865
4402
3537
3228
3359
4379
5873
7760
10376
14348
12457
8784
5560
3939
2665
2522
2701
3273
4890
9191
14056
19830
13721
4493
2554
1978
1350
1368
1668
2502
5040
10749
24405
33559
0
0
0
0
0
0
0
0
0
0
0
0
3559
6750
7133
6555
6915
6152
5753
5141
4825
3990
3645
3614
3769
4460
5024
5730
6120
6576
6691
6676
6007
5754
5452
5291
4825
4933
5248
5663
6401
6825
7174
6913
7202
6729
6484
5312
5243
4536
5007
5715
6111
6715
6769
7874
8223
8548
9778
10585
10130
10198
9243
8281
6777
5546
4128
3596
3102
3366
3893
5145
6457
9142
12062
14472
10713
7366
4800
3390
2645
2487
2771
3623
6008
10553
15861
19727
10548
3593
2296
1868
1418
1330
1824
3029
5881
12638
29025
25828
0
0
0
0
0
0
0
0
0
0
0
0
1864
6964
6963
6726
6747
6466
5728
5393
4924
4327
3696
3502
3781
4122
4817
5499
6089
6385
6707
6692
6295
6195
5689
5175
5081
4926
4910
5519
6090
6847
6795
7241
6981
6720
6893
6166
5654
5072
4366
4954
5726
6060
7219
6838
7795
8000
8462
8775
9130
8210
7402
6662
5423
4259
3506
3465
3287
3534
4364
5966
7940
11435
13248
13084
8673
5973
3937
3130
2480
2706
3108
4095
7412
12061
17886
18004
7358
3061
2246
1544
1376
1543
1841
3543
7013
16128
34536
14995
0
0
0
0
0
0
0
0
0
0
0
0
272
6929
6759
6808
6617
6567
5731
5346
5099
4473
3931
3535
3757
4171
4763
5198
6136
6301
6367
6745
6815
6188
5700
5273
4821
4934
4902
5203
5888
6615
7078
7002
6833
6877
6769
6626
6263
5506
5293
4586
5431
5877
6150
5849
6738
6974
6829
6972
6498
6318
5625
4968
4515
3938
3764
3453
3561
4077
5183
7012
10176
12410
13999
10772
7061
4815
3365
2965
2575
2567
3432
5391
9098
13643
19023
14650
5448
2680
1920
1546
1295
1600
2164
4117
8534
19256
40693
2342
0
0
0
0
0
0
0
0
0
0
0
0
0
5181
6986
7023
6440
6724
5987
5465
5248
4572
4127
3496
3635
3916
4594
4835
5914
6038
6268
6582
6685
6545
5969
5280
5268
4847
5056
4912
5338
6300
6940
7329
6724
7010
6962
6660
6682
6166
5772
5413
4591
5495
5487
5752
5579
5974
6152
5379
5675
5447
4912
4715
4107
3825
3453
3727
3819
4844
7062
9755
11853
13931
12065
8341
5492
3952
3105
2897
2551
2921
3972
6738
10602
16383
19207
10176
4025
2323
1847
1362
1417
1677
2748
5097
10825
24258
35022
0
0
0
0
0
0
0
0
0
0
0
0
0
0
2986
7257
6941
6696
6534
6293
5281
5463
5029
4277
3596
3548
3796
4343
4821
5619
6033
6133
6646
6863
6589
5950
5782
5370
4943
4841
5083
5344
5936
6683
7421
7186
6642
6889
7024
6683
6704
6574
5927
5127
5580
5182
5357
5050
4819
5089
4990
4545
4171
4155
3876
3997
3847
3780
4488
4989
6795
9446
11108
12920
12293
9398
6683
4110
3736
3043
2695
2469
3529
5286
8162
13071
18418
16606
6721
3065
2052
1740
1370
1457
1946
3172
6586
14202
30691
22808
0
0
0
0
0
0
0
0
0
0
0
0
0
0
732
7116
6868
6820
6389
6618
5553
5541
4942
4485
4079
3646
3775
4072
4666
5170
5867
6180
6286
6566
6943
6310
6025
5372
5427
4612
4975
5053
5589
6105
6875
7127
7042
6742
7109
6722
6743
6818
6625
6389
5400
5485
5235
5171
4635
4345
4305
4255
4146
4132
3808
3986
3950
4553
5238
6993
8673
10690
12931
12560
10357
7067
5070
3751
3269
2923
2543
2967
4472
6589
10131
16026
19285
11778
4614
2565
1973
1489
1290
1703
2280
4271
8471
18268
39954
6008
0
0
0
0
0
0
0
0
0
0
0
0
0
0
0
5379
7116
6718
6417
6763
5791
5431
5087
4810
4117
3708
3582
3698
4497
4872
5728
6076
5813
6548
6622
6737
6013
5693
5349
5193
4872
4828
5011
5498
6286
6722
6915
6834
6911
6878
6817
6755
6712
6589
6002
5574
5087
5106
5029
4805
4420
4186
4060
4190
4183
4985
4995
6021
7352
9028
11081
12460
12190
10300
7607
5272
4080
3158
2954
2794
2826
3830
5490
8367
13378
18437
16716
7159
3291
2246
1712
1427
1434
1915
2683
5865
11032
24604
34867
0
0
0
0
0
0
0
0
0
0
0
0
0
0
0
0
2569
7268
6820
6490
6539
6392
5486
5287
5052
4447
3966
3745
3598
4185
4739
5233
5799
6028
6143
6636
6653
6646
5998
5772
5225
5211
4833
4891
5222
5912
6710
6818
7002
6810
7126
7067
6660
6664
6869
6555
6143
5875
5775
5592
5137
5032
5079
5060
5177
5440
5430
6574
7621
9723
11605
12420
12253
10330
7671
5690
4376
3471
2874
2898
2780
3432
4951
6964
10824
16491
19377
11296
4453
2611
1841
1650
1354
1584
2118
3796
7552
15163
33379
18941
0
0
0
0
0
0
0
0
0
0
0
0
0
0
0
0
162
6724
7094
6622
6626
6516
5519
5283
5153
4541
4167
3619
3633
3952
4400
5059
5750
5987
6008
6501
6571
6653
6332
5734
5434
5176
5327
4596
5024
5469
5902
6915
6946
7063
7332
6968
6760
6861
6840
6940
6530
6076
5993
5715
5468
5523
5674
5677
6307
6701
7879
9265
11074
11874
11985
11997
9777
7252
5373
4448
3508
3012
2919
2791
3212
4396
6176
9217
14370
19104
15325
6519
3422
2194
1784
1431
1360
1791
2729
5155
9784
21555
39546
1660
0
0
0
0
0
0
0
0
0
0
0
0
0
0
0
0
0
3708
7580
6677
6612
6661
6095
5505
5148
4949
4395
3876
3780
3680
3997
4741
5452
5683
6000
6168
6850
6472
6785
6218
5651
5442
5354
5007
4627
4877
5623
6022
6644
6977
7325
7298
7354
6924
6883
6512
6756
6532
6754
6937
6732
6868
7047
7482
8189
9179
10177
11190
11615
12011
10903
8887
6596
5113
4784
3728
3031
2891
2765
3090
3817
5810
8250
12319
17504
18210
9166
4087
2580
1919
1608
1433
1424
2176
3668
6924
13944
30389
25576
0
0
0
0
0
0
0
0
0
0
0
0
0
0
0
0
0
0
564
7161
7242
6612
6676
6139
5751
5154
4975
4571
4298
3672
3917
3719
4335
5140
5739
5827
6021
6365
6571
6294
6701
6278
5620
5537
5452
4811
4846
4863
5425
6212
6570
6887
7172
7628
7548
7715
7506
7379
7377
7610
7765
7909
8468
9115
9660
9738
10759
10680
11680
10988
9983
7791
6155
5198
4760
3549
2894
2936
2936
3138
3769
5361
7456
10908
16594
18917
11924
5192
2947
2079
1809
1500
1404
1790
2858
5106
10043
19805
40318
4358
0
0
0
0
0
0
0
0
0
0
0
0
0
0
0
0
0
0
0
4045
7744
6819
6491
6657
6111
5528
5160
4874
4080
4249
3525
3735
3939
4844
5585
5752
5926
6146
6555
6400
6489
6532
6292
5768
5331
5439
4884
4794
5102
5774
6219
6734
6873
7596
7502
7841
8114
8457
8335
8698
8680
9270
9715
9980
10247
10713
10779
10521
9428
8217
6800
5624
4817
4121
3617
3106
3036
3053
3141
3831
4801
7208
10338
15294
18473
14332
6530
3651
2406
1836
1561
1419
1689
2182
3894
7367
14230
29593
26893
0
0
0
0
0
0
0
0
0
0
0
0
0
0
0
0
0
0
0
0
473
7321
7540
6523
6648
6501
5944
5193
4927
4769
4329
3721
3710
3669
4231
5010
5555
5849
6132
5991
6627
6428
6489
6364
6318
5737
5406
5399
4885
4799
4822
5253
5834
6283
6340
7137
7493
7877
8410
8540
9127
9568
9683
9870
9937
10044
9353
8765
7962
6984
5877
4921
4360
3786
3584
3149
3095
2966
3490
3968
5135
6754
10345
14521
18422
15935
8029
4037
2655
1887
1550
1434
1518
2034
3008
5637
10899
21109
39880
3608
0
0
0
0
0
0
0
0
0
0
0
0
0
0
0
0
0
0
0
0
0
3461
7840
6916
6566
6814
6191
5675
5123
4885
4510
4316
3583
3733
3713
4346
5309
5931
6038
6097
6132
6492
6320
6508
6256
6431
5978
5448
5176
4892
5000
4665
4888
5360
5807
6056
6361
6658
7171
7607
7726
7720
7726
7812
7583
7018
6790
6177
5530
5017
4464
3855
3653
3470
3285
3077
3327
3619
4131
5273
7207
10513
14291
17896
16566
9036
4501
2951
2061
1808
1518
1637
1843
2531
4475
8234
15910
32761
22049
0
0
0
0
0
0
0
0
0
0
0
0
0
0
0
0
0
0
0
0
0
0
82
6678
7807
6692
6658
6182
5856
5267
4895
4674
4390
4107
3480
3759
3776
4617
5418
5831
6370
5892
6434
6466
6411
6489
6272
6304
6109
5576
5144
4944
4939
4960
4716
4952
5625
5569
5835
5861
5878
6084
6208
5984
5837
5826
5228
4864
4781
4328
3826
3743
3566
3529
3146
3037
3397
3685
4443
5597
7748
10628
14326
17441
16715
9306
4806
3118
2146
1782
1574
1634
1812
2292
3686
6395
12603
25260
37047
720
0
0
0
0
0
0
0
0
0
0
0
0
0
0
0
0
0
0
0
0
0
0
0
1670
8476
7422
6561
6679
6234
5569
5419
4798
4629
4381
3915
3511
3571
3807
5009
5549
6086
6379
6344
6271
6872
6326
6651
6461
6193
5860
5668
5317
5029
4753
4757
4791
4397
5034
5015
5048
5082
5377
5009
4884
4826
4653
4757
4582
4276
3724
3560
3381
3348
3220
3189
3691
3906
4931
6363
8414
11746
14825
17126
16155
9464
4957
3296
2210
1809
1572
1604
1788
2039
3103
5461
10058
20079
38527
10696
0
0
0
0
0
0
0
0
0
0
0
0
0
0
0
0
0
0
0
0
0
0
0
0
0
4450
8403
7151
6505
6521
6135
5752
5094
4801
4535
4398
3725
3456
3468
3832
5161
5718
6105
6409
6202
6115
6526
6601
6457
6348
6353
6094
6033
5702
5204
4869
4796
4693
4340
4524
4667
4482
4361
4149
4426
4269
4022
3935
3672
3440
3430
3476
3477
3608
3757
4252
4746
5799
7272
9251
12458
15150
17080
15285
8788
4677
3109
2329
1884
1681
1456
1828
2009
2799
4917
8365
16557
32572
24661
0
0
0
0
0
0
0
0
0
0
0
0
0
0
0
0
0
0
0
0
0
0
0
0
0
0
110
7050
8234
6950
6648
6536
5876
5522
5102
4760
4476
4352
3671
3531
3426
3997
5108
5742
6140
6664
6426
6387
6577
6626
6562
6314
6337
6137
5918
5691
5503
5127
4915
4642
4440
4447
4450
4243
4117
3947
3925
3978
3750
3704
3627
3679
3709
3763
4094
4612
5557
6782
8011
10506
13307
16017
17047
13774
7846
4442
2901
2353
1888
1651
1552
1815
2092
2736
4247
7310
14002
27466
35082
769
0
0
0
0
0
0
0
0
0
0
0
0
0
0
0
0
0
0
0
0
0
0
0
0
0
0
0
1021
8586
7929
6939
6662
6524
5785
5547
5209
4911
4333
4098
3713
3564
3535
3787
4905
5814
6469
6915
6805
6711
6693
6760
6932
6443
6230
6149
5952
5679
5560
5404
5137
5012
4643
4438
4243
4344
4145
4016
3903
3800
3885
4054
4307
4564
4997
6061
6638
8099
9620
11784
14586
16431
15894
11524
6463
3839
2873
2384
2027
1813
1714
1790
2075
2610
3903
6629
12701
23720
38622
5639
0
0
0
0
0
0
0
0
0
0
0
0
0
0
0
0
0
0
0
0
0
0
0
0
0
0
0
0
0
2391
9151
7952
6993
6761
6471
5827
5480
5348
4621
4277
4171
3591
3442
3346
3788
4606
5500
6303
7013
7253
7259
6969
6871
6721
6703
6413
6489
5958
5911
5623
5692
5479
5532
5283
5242
4781
4643
4593
4538
4576
4720
5194
5748
6467
7317
8208
9693
11665
14051
15478
16018
13589
8832
5299
3546
2691
2283
1964
1793
1674
1694
2111
2579
3851
6355
11603
21169
38339
12081
0
0
0
0
0
0
0
0
0
0
0
0
0
0
0
0
0
0
0
0
0
0
0
0
0
0
0
0
0
0
0
3619
9444
8010
6848
6808
6182
5948
5418
5409
4730
4292
4141
3597
3520
3513
3736
4346
5011
6178
7104
7665
7751
7784
7604
7667
7366
7112
6799
6875
6627
6259
6277
5899
5823
5624
5762
5784
5843
6185
6506
6894
7733
8165
9097
10094
11897
13831
15985
16168
13963
9885
6453
4469
3280
2517
2277
1909
1797
1754
1768
2034
2652
3723
6034
11175
19991
36679
18425
0
0
0
0
0
0
0
0
0
0
0
0
0
0
0
0
0
0
0
0
0
0
0
0
0
0
0
0
0
0
0
0
0
4977
9507
7964
7099
6884
6168
5884
5465
5259
4758
4054
4166
3493
3585
3524
3606
3903
4699
5678
6350
7633
8028
8360
8223
8616
8187
8109
7811
7610
7385
7352
7441
7217
7464
7555
8037
8500
8772
9115
9813
10307
11205
12527
14225
15599
15773
13331
9999
7149
4897
3742
2752
2455
2126
1990
1801
1827
1716
2212
2704
3957
6414
11192
19556
35500
21600
0
0
0
0
0
0
0
0
0
0
0
0
0
0
0
0
0
0
0
0
0
0
0
0
0
0
0
0
0
0
0
0
0
0
0
5496
9890
8087
7331
6925
6261
5825
5532
5250
4866
4203
4188
3686
3458
3620
3722
3623
4059
4738
5236
6501
7764
8660
8799
9323
9578
9637
9660
9343
9374
9453
9472
9839
9998
10267
10911
11067
12147
12826
13874
14854
14825
14182
11961
9150
6546
4799
3758
3155
2629
2328
2133
2015
1763
1795
1869
2434
2975
4187
6622
11705
20302
34941
23032
0
0
0
0
0
0
0
0
0
0
0
0
0
0
0
0
0
0
0
0
0
0
0
0
0
0
0
0
0
0
0
0
0
0
0
0
0
5684
10437
8282
7479
7089
6394
5924
5491
5251
4939
4454
4120
3717
3487
3433
3664
3628
3528
4156
4639
4931
5909
6882
7919
9060
10325
10760
11423
11520
11613
11613
12036
12324
12598
12983
13539
13576
13541
12694
11107
9135
7024
5706
4498
3780
3188
2791
2517
2223
1976
1873
1653
1791
2125
2513
3364
4703
7301
12779
20913
35622
21782
0
0
0
0
0
0
0
0
0
0
0
0
0
0
0
0
0
0
0
0
0
0
0
0
0
0
0
0
0
0
0
0
0
0
0
0
0
0
0
4677
11408
9106
7750
7003
6500
6053
5570
5135
5052
4706
4130
3806
3514
3344
3531
3642
3384
3509
3913
4132
4551
4953
5576
6097
6673
7392
8441
9026
9382
9882
9924
9815
9576
9095
7909
6898
5921
5062
4331
3904
3330
3027
2639
2477
2161
1849
1795
1711
1795
2110
2268
3008
3718
5394
8542
14012
22698
37563
17534
0
0
0
0
0
0
0
0
0
0
0
0
0
0
0
0
0
0
0
0
0
0
0
0
0
0
0
0
0
0
0
0
0
0
0
0
0
0
0
0
0
3367
11598
9979
8629
7283
6791
6463
5821
5184
5098
4846
4494
3940
3625
3450
3370
3233
3500
3402
3368
3523
3869
4028
4196
4566
4733
4843
4825
4812
5162
5029
4633
4496
4286
4086
3810
3512
3352
3085
2789
2629
2406
1978
1946
1891
1967
2008
2121
2297
2744
3456
4438
6555
9949
16071
25690
37689
12104
0
0
0
0
0
0
0
0
0
0
0
0
0
0
0
0
0
0
0
0
0
0
0
0
0
0
0
0
0
0
0
0
0
0
0
0
0
0
0
0
0
0
0
1647
10815
11296
9478
8022
7007
6614
6241
5484
5044
4963
4787
4192
3745
3664
3422
3242
3372
3369
3283
3085
3368
3331
3428
3486
3669
3663
3566
3581
3566
3566
3293
3173
3058
2853
2762
2772
2593
2290
2159
2147
2149
2080
2054
2091
2169
2500
3087
4003
5367
8023
12253
18858
30610
34427
5886
0
0
0
0
0
0
0
0
0
0
0
0
0
0
0
0
0
0
0
0
0
0
0
0
0
0
0
0
0
0
0
0
0
0
0
0
0
0
0
0
0
0
0
0
0
244
7731
13335
10550
9251
7631
7061
6631
5913
5443
5049
5109
4685
3988
3825
3695
3324
3043
3127
3030
3048
3039
2941
3055
3073
2844
3012
2964
2943
2838
2791
2797
2611
2555
2318
2119
2033
2068
1984
1978
2003
2145
2410
2583
3128
3964
5002
6819
10529
15646
23647
36297
23879
847
0
0
0
0
0
0
0
0
0
0
0
0
0
0
0
0
0
0
0
0
0
0
0
0
0
0
0
0
0
0
0
0
0
0
0
0
0
0
0
0
0
0
0
0
0
0
0
0
3337
12647
12901
10567
8673
7721
7185
6496
5987
5211
5079
5010
4521
3905
3917
3688
3408
3140
3002
3040
2894
2820
2832
2814
2839
2667
2524
2494
2435
2345
2393
2358
2335
2317
2336
2259
2399
2453
2735
3191
3538
4194
5164
6702
9690
13937
20740
30356
34369
10091
0
0
0
0
0
0
0
0
0
0
0
0
0
0
0
0
0
0
0
0
0
0
0
0
0
0
0
0
0
0
0
0
0
0
0
0
0
0
0
0
0
0
0
0
0
0
0
0
0
0
0
248
7437
14837
13097
10768
9237
8153
7245
6683
5850
5407
5230
4942
4471
4057
4107
3750
3543
3071
3141
2904
2803
2782
2753
2797
2788
2802
2755
2592
2435
2447
2438
2482
2622
2746
2908
3428
3960
4722
5690
7196
9510
13478
19196
28063
36150
19987
667
0
0
0
0
0
0
0
0
0
0
0
0
0
0
0
0
0
0
0
0
0
0
0
0
0
0
0
0
0
0
0
0
0
0
0
0
0
0
0
0
0
0
0
0
0
0
0
0
0
0
0
0
0
0
1308
9746
16012
13681
11700
9919
8662
7640
6976
6256
5780
5528
5060
4681
4533
4300
4115
3905
3570
3577
3312
3182
2888
2802
2788
2854
2843
2937
3078
3117
3465
3785
4407
4956
5809
6858
8384
10816
14355
19745
27588
35816
23521
3107
0
0
0
0
0
0
0
0
0
0
0
0
0
0
0
0
0
0
0
0
0
0
0
0
0
0
0
0
0
0
0
0
0
0
0
0
0
0
0
0
0
0
0
0
0
0
0
0
0
0
0
0
0
0
0
0
0
0
1666
10378
17195
15986
13264
11502
9903
9088
7686
7078
6714
6118
5538
5327
5081
4776
4544
4424
4310
4222
4109
4159
4139
4117
4305
4306
4450
4785
5550
6247
7349
8465
10264
12765
16219
21545
29541
35459
22246
3797
0
0
0
0
0
0
0
0
0
0
0
0
0
0
0
0
0
0
0
0
0
0
0
0
0
0
0
0
0
0
0
0
0
0
0
0
0
0
0
0
0
0
0
0
0
0
0
0
0
0
0
0
0
0
0
0
0
0
0
0
0
0
726
8221
16043
19478
16911
14506
12574
11090
9725
8925
8281
7862
7153
6762
6533
6171
5914
5889
5851
6019
6268
6542
6968
7547
8225
9181
10063
11793
13751
16522
20879
26306
34114
30515
16667
1443
0
0
0
0
0
0
0
0
0
0
0
0
0
0
0
0
0
0
0
0
0
0
0
0
0
0
0
0
0
0
0
0
0
0
0
0
0
0
0
0
0
0
0
0
0
0
0
0
0
0
0
0
0
0
0
0
0
0
0
0
0
0
0
0
0
0
0
2836
10921
17389
21995
19856
17513
15465
13859
13225
12464
11532
11064
10812
10823
10643
10483
10857
11458
11919
12659
14086
15381
17599
20607
24450
29271
34071
28983
19523
5473
0
0
0
0
0
0
0
0
0
0
0
0
0
0
0
0
0
0
0
0
0
0
0
0
0
0
0
0
0
0
0
0
0
0
0
0
0
0
0
0
0
0
0
0
0
0
0
0
0
0
0
0
0
0
0
0
0
0
0
0
0
0
0
0
0
0
0
0
0
0
0
0
0
1208
8038
14458
19589
23760
25203
23543
22169
21486
20817
20663
20753
20749
21635
22693
24318
25746
28374
31757
30923
26150
20228
11657
1845
0
0
0
0
0
0
0
0
0
0
0
0
0
0
0
0
0
0
0
0
0
0
0
0
0
0
0
0
0
0
0
0
0
0
0
0
0
0
0
0
0
0
0
0
0
0
0
0
0
0
0
0
0
0
0
0
0
0
0
0
0
0
0
0
0
0
0
0
0
0
0
0
0
0
0
0
0
0
0
0
0
1813
6424
10431
13151
15747
17135
18158
18504
18319
17131
14930
12409
8181
2352
0
0
0
0
0
0
0
0
0
0
0
0
0
0
0
0
0
0
0
0
0
0
0
0
0
0
0
0
0
0
0
0
0
0
0
0
0
0
0
0
0
0
0
0
0
0
0
0
0
0
0
0
0
0
0
0
0
0
0
0
0
0
0
0
0
0
0
0
0
0
0
0
0
0
0
0
0
0
0
0
0
0
0
0
0
0
0
0
0
0
0
0
0
0
0
0
0
0
0
0
0
0
0
0
0
0
0
0
0
0
0
0
0
0
0
0
0
0
0
0
0
0
0
0
0
0
0
0
0
0
0
0
0
0
0
0
0
0
0
0
0
0
0
0
0
0
0
0
0
0
0
0
0
0
0
0
0
0
0
0
0
0
0
0
0
0
0
0
0
0
0
0
0
0
0
0
0
0
0
0
0
0
0
0
0
0
0
0
0
0
0
0
0
0
0
0
0
0
0
0
0
0
0
0
0
0
0
0
0
0
0
0
0
0
0
0
0
0
0
0
0
0
0
0
0
0
0
0
0
0
0
0
0
0
0
0
0
0
0
0
0
0
0
0
0
0
0
0
0
0
0
0
0
0
0
0
0
0
0
0
0
0
0
0
0
0
0
0
0
0
0
0
0
0
0
0
0
0
0
0
0
0
0
0
0
0
0
0
0
0
0
0
0
0
0
0
0
0
0
0
0
0
0
0
0
0
0
0
0
0
0
0
0
0
0
0
0
0
0
0
0
0
0
0
0
0
0
0
0
0
0
0
0
0
0
0
0
0
0
0
0
0
0
0
0
0
0
0
0
0
0
0
0
0
0
0
0
0
0
0
0
0
0
0
0
0
0
0
0
0
0
0
0
0
0
0
0
0
0
0
0
0
0
0
0
0
0
0
0
0
0
0
0
0
0
0
0
0
0
0
0
0
0
0
0
0
0
0
0
0
0
0
0
0
0
0
0
0
0
0
0
0
0
0
0
0
0
0
0
0
0
0
0
0
0
0
0
0
0
0
0
0
0
0
0
0
0
0
0
0
0
0
0
0
0
0
0
0
0
0
0
0
0
0
0
0
0
0
0
0
0
0
0
0
0
0
0
0
0
0
0
0
0
0
0
0
0
0
0
0
0
0
0
0
0
0
0
0
0
0
0
0
0
0
0
0
0
0
0
0
0
0
0
0
0
0
0
0
0
0
0
0
0
0
0
0
0
0
0
0
0
0
0
0
0
0
0
0
0
0
0
0
0
