./RotationSim r 28
0
0
0
0
0
0
0
0
0
0
0
0
0
0
0
0
0
0
0
0
0
0
0
0
0
0
0
0
0
0
0
0
0
0
0
0
0
0
0
0
0
0
0
0
0
0
0
0
0
0
0
0
0
0
0
0
0
0
0
0
0
0
0
0
0
0
0
0
0
0
0
0
0
0
0
0
0
0
0
0
0
0
0
0
0
0
0
0
0
0
0
0
0
0
0
0
0
0
0
0
0
0
0
0
0
0
0
0
0
0
0
0
0
0
0
0
0
0
0
0
0
0
0
0
0
0
0
0
0
0
0
0
0
0
0
0
0
0
0
0
0
0
0
0
0
0
0
0
0
0
0
0
0
0
0
0
0
0
0
0
0
0
0
0
0
0
0
0
0
0
0
0
0
0
0
0
0
0
0
0
0
0
0
0
0
0
0
0
0
0
0
0
0
0
0
0
0
0
0
0
0
0
0
0
0
0
0
0
0
0
0
0
0
0
0
0
0
0
0
0
0
0
0
0
0
0
0
0
0
0
0
0
0
0
0
0
0
0
0
0
0
0
0
0
0
0
0
0
0
0
0
0
0
0
0
0
0
0
0
0
0
0
0
0
0
0
0
0
0
0
0
0
0
0
0
0
0
0
0
0
0
0
0
0
0
0
0
0
0
0
0
0
0
0
0
0
0
0
0
0
0
0
0
0
0
0
0
0
0
0
0
0
0
0
0
0
0
0
0
0
0
0
0
0
0
0
0
0
0
0
0
0
0
0
0
0
0
0
0
0
0
0
0
0
0
0
0
0
0
0
0
0
0
0
0
0
0
0
0
0
0
0
0
0
0
0
0
0
0
0
0
0
0
0
0
0
0
0
0
0
0
0
0
0
0
0
0
0
0
0
0
0
0
0
0
0
0
0
0
0
0
0
0
0
0
0
0
0
0
0
0
0
0
0
0
0
0
0
0
0
0
0
0
0
0
0
0
0
0
0
0
0
0
0
0
0
0
0
0
0
0
0
0
0
0
0
0
0
0
0
0
0
0
0
0
0
0
0
0
0
0
0
0
0
0
0
0
0
0
0
0
0
0
0
0
0
0
0
0
0
0
0
0
0
0
0
0
0
0
0
0
0
0
0
0
0
0
0
0
0
0
0
0
0
0
0
0
0
0
0
0
0
0
0
0
0
0
0
0
0
0
0
0
0
0
0
0
0
0
0
0
0
0
0
0
0
0
0
0
0
0
0
0
0
0
4
300
664
947
1203
1330
1275
908
487
8
0
0
0
0
0
0
0
0
0
0
0
0
0
0
0
0
0
0
0
0
0
0
0
0
0
0
0
0
0
0
0
0
0
0
0
0
0
0
0
0
0
0
0
0
0
0
0
0
0
0
0
0
0
0
0
0
0
0
0
0
0
0
0
0
0
0
0
0
0
0
0
0
0
0
0
0
0
0
0
0
0
0
0
0
10
459
1262
2197
3290
4465
5641
6379
7151
7690
8411
8856
9375
9678
9934
9935
9095
8296
6412
4480
2096
92
0
0
0
0
0
0
0
0
0
0
0
0
0
0
0
0
0
0
0
0
0
0
0
0
0
0
0
0
0
0
0
0
0
0
0
0
0
0
0
0
0
0
0
0
0
0
0
0
0
0
0
0
0
0
0
0
0
0
0
0
0
0
0
0
0
0
0
0
0
0
0
0
0
0
0
192
820
1906
3406
4369
5164
6064
6915
7593
8245
8741
9293
9695
9959
10636
10887
11640
11749
12061
12306
12481
13123
13738
14046
13350
10250
6241
1644
0
0
0
0
0
0
0
0
0
0
0
0
0
0
0
0
0
0
0
0
0
0
0
0
0
0
0
0
0
0
0
0
0
0
0
0
0
0
0
0
0
0
0
0
0
0
0
0
0
0
0
0
0
0
0
0
0
0
0
0
0
0
0
0
0
0
0
0
0
43
609
1597
2918
4089
4787
5621
6342
7168
7641
8121
8506
9079
9277
9575
9865
9876
10147
10344
10382
10617
10883
11337
11924
12150
12832
13346
13958
14971
15479
16412
13182
7013
1009
0
0
0
0
0
0
0
0
0
0
0
0
0
0
0
0
0
0
0
0
0
0
0
0
0
0
0
0
0
0
0
0
0
0
0
0
0
0
0
0
0
0
0
0
0
0
0
0
0
0
0
0
0
0
0
0
0
0
0
0
0
0
0
0
193
867
2159
3035
4127
4850
5476
6285
6915
7549
7962
8131
8671
8824
9167
9070
9013
8782
8957
8928
8899
9026
9238
9270
9311
9867
10075
10676
11211
11841
12519
13538
14463
15624
17464
17709
11877
3174
0
0
0
0
0
0
0
0
0
0
0
0
0
0
0
0
0
0
0
0
0
0
0
0
0
0
0
0
0
0
0
0
0
0
0
0
0
0
0
0
0
0
0
0
0
0
0
0
0
0
0
0
0
0
0
0
0
0
0
0
184
910
1836
2926
3765
4621
5326
6012
6492
7233
7525
7760
8139
8550
8248
8031
7974
7913
7887
7902
7477
7534
7538
7298
7287
7257
7347
7611
7833
8046
8458
9030
9458
10345
11455
12752
14024
15685
17407
19689
14279
3973
0
0
0
0
0
0
0
0
0
0
0
0
0
0
0
0
0
0
0
0
0
0
0
0
0
0
0
0
0
0
0
0
0
0
0
0
0
0
0
0
0
0
0
0
0
0
0
0
0
0
0
0
0
0
0
0
72
706
1569
2407
3407
4164
4882
5512
6051
6625
7264
7429
7899
7969
7644
7624
7402
7222
7162
6756
6632
6288
6293
6252
5956
5733
5665
5766
5827
5818
5931
6259
6407
6730
6830
7702
8280
9243
10120
11494
13271
15478
18051
20762
14598
2452
0
0
0
0
0
0
0
0
0
0
0
0
0
0
0
0
0
0
0
0
0
0
0
0
0
0
0
0
0
0
0
0
0
0
0
0
0
0
0
0
0
0
0
0
0
0
0
0
0
0
0
0
11
378
1185
1932
2654
3610
4314
5110
5641
6478
6720
7403
7411
7399
7450
7286
6987
6616
6539
6227
5721
5630
5477
5134
4846
4723
4807
4678
4578
4468
4436
4464
4637
4734
4932
5087
5577
5713
6131
6610
7377
8440
9430
11121
13211
15720
18887
21513
11118
326
0
0
0
0
0
0
0
0
0
0
0
0
0
0
0
0
0
0
0
0
0
0
0
0
0
0
0
0
0
0
0
0
0
0
0
0
0
0
0
0
0
0
0
0
0
0
0
0
0
81
687
1335
2169
3014
3864
4481
5046
5806
6331
6734
7116
7007
6982
6993
6643
6361
6101
5574
5297
5038
5000
4735
4355
4238
4000
3821
3671
3426
3538
3365
3396
3344
3460
3420
3624
3853
4173
4256
4738
4924
5494
5968
6976
7968
9089
10803
13705
17184
20939
19457
4338
0
0
0
0
0
0
0
0
0
0
0
0
0
0
0
0
0
0
0
0
0
0
0
0
0
0
0
0
0
0
0
0
0
0
0
0
0
0
0
0
0
0
0
0
0
0
0
283
901
1561
2224
3064
3701
4483
4979
5821
6196
6512
6653
6845
6939
6757
6189
5930
5366
5194
4916
4883
4502
3884
3791
3509
3294
3111
2987
3132
2886
2765
2893
2716
2655
2911
2788
2951
3170
3103
3297
3481
3790
4214
4569
4942
5669
6661
7762
9347
11506
14725
19163
23234
10798
0
0
0
0
0
0
0
0
0
0
0
0
0
0
0
0
0
0
0
0
0
0
0
0
0
0
0
0
0
0
0
0
0
0
0
0
0
0
0
0
0
0
0
0
23
408
963
1594
2281
3125
3821
4295
5211
5728
6229
6453
6590
6789
6769
6147
5699
5494
5117
4892
4514
4320
3921
3638
3428
3195
3122
2927
2855
2770
2621
2432
2437
2501
2442
2447
2322
2356
2397
2442
2541
2586
2690
2856
3073
3450
3966
4322
5032
5686
6705
8203
9988
12860
17386
22917
17151
848
0
0
0
0
0
0
0
0
0
0
0
0
0
0
0
0
0
0
0
0
0
0
0
0
0
0
0
0
0
0
0
0
0
0
0
0
0
0
0
0
0
53
481
955
1445
2137
2993
3740
4300
4922
5519
6157
6185
6380
6599
6434
5738
5503
5123
4798
4595
4257
3931
3424
3281
3168
3050
2895
2563
2554
2406
2249
2358
2335
2200
2204
2121
2101
2115
2132
2145
2064
2063
2130
2223
2315
2304
2530
2850
3263
3823
4392
4987
6052
7274
8988
11615
15448
21520
21586
2440
0
0
0
0
0
0
0
0
0
0
0
0
0
0
0
0
0
0
0
0
0
0
0
0
0
0
0
0
0
0
0
0
0
0
0
0
0
0
0
58
528
966
1442
2002
2908
3659
4269
4694
5499
5817
5977
6370
6386
6083
5498
5225
4903
4584
4493
4011
3736
3342
3204
2981
2782
2555
2590
2481
2590
2448
2482
2478
2541
2508
2429
2377
2203
2261
2120
2086
1986
1906
1929
2030
2108
2069
2186
2294
2447
2694
3091
3744
4509
5294
6527
8226
10630
14302
20330
23814
3815
0
0
0
0
0
0
0
0
0
0
0
0
0
0
0
0
0
0
0
0
0
0
0
0
0
0
0
0
0
0
0
0
0
0
0
0
0
60
522
856
1398
1974
2788
3408
4033
4814
5209
5598
5828
6277
6077
5896
5484
5066
4651
4317
4319
4033
3638
3223
2958
2784
2818
2556
2901
2918
2902
3120
3388
3432
3651
3633
3948
3882
3756
3664
3503
3088
2679
2468
2281
2129
2090
1949
1999
2117
2166
2094
2349
2499
2813
3236
3935
4686
5823
7541
10083
13838
19750
24909
4465
0
0
0
0
0
0
0
0
0
0
0
0
0
0
0
0
0
0
0
0
0
0
0
0
0
0
0
0
0
0
0
0
0
0
0
51
455
746
1374
1727
2704
3310
3856
4450
5060
5323
5640
6088
6048
5602
5167
5137
4732
4266
4183
3843
3402
3117
2939
2827
2664
2893
3203
3474
3580
4088
4331
4519
4847
5258
5387
5616
5612
5802
5721
5489
5174
5022
4192
3574
2831
2507
2176
1912
1742
1894
1958
2111
2238
2289
2636
3010
3504
4385
5413
7243
9492
13357
19577
25065
4109
0
0
0
0
0
0
0
0
0
0
0
0
0
0
0
0
0
0
0
0
0
0
0
0
0
0
0
0
0
0
0
0
0
21
397
704
1191
1720
2424
3153
3763
4338
4897
5321
5563
5876
5751
5510
5448
4886
4691
4192
4304
3737
3448
3136
2954
2886
2960
3090
3443
3860
4363
4903
5300
5617
6022
6639
6974
7357
7477
7578
7712
7847
7673
7785
7703
7176
6425
5745
4538
3490
2677
2293
1908
1935
1721
1866
2087
2273
2351
2783
3450
4217
5107
6957
9305
13277
19882
24573
2846
0
0
0
0
0
0
0
0
0
0
0
0
0
0
0
0
0
0
0
0
0
0
0
0
0
0
0
0
0
0
0
7
274
612
1068
1506
2233
2859
3571
4091
4707
5087
5563
5570
5825
5356
5216
4863
4568
4033
4172
3627
3216
3158
2945
3125
3218
3379
3995
4584
4984
5478
6096
6484
6987
7243
7328
7425
7750
7838
8254
8580
8724
8807
8940
8925
9097
9087
8559
7743
6732
5072
3619
2593
2229
2091
1881
1873
1924
2131
2250
2663
3210
4027
4917
6795
9179
13516
21003
23354
999
0
0
0
0
0
0
0
0
0
0
0
0
0
0
0
0
0
0
0
0
0
0
0
0
0
0
0
0
0
0
208
541
889
1303
1856
2581
3190
3828
4400
4807
5123
5324
5860
5233
5280
4851
4571
4255
3946
3725
3504
3307
3016
3166
3484
3644
4232
5011
5423
5986
6184
6471
6652
7124
7381
7454
7560
7922
8050
8167
8099
8478
8531
8914
8816
9272
9563
9891
9793
9262
8663
7418
5059
3302
2421
2114
1905
1889
1918
2036
2232
2443
3208
4030
4893
6864
9571
14218
21990
20142
0
0
0
0
0
0
0
0
0
0
0
0
0
0
0
0
0
0
0
0
0
0
0
0
0
0
0
0
0
103
464
730
1185
1663
2260
2993
3545
4018
4634
4914
5179
5610
5482
5190
4987
4693
4324
4064
3811
3445
3357
3186
3372
3468
3929
4631
5208
5533
5816
6438
6856
6791
7418
7301
7325
7444
7369
7269
7064
7316
7237
7288
7412
7858
8054
8542
8751
9646
9573
10126
10110
9853
9046
6689
4211
2791
2240
1967
1908
2138
1986
2134
2461
3196
4065
5044
6953
10042
15210
24643
13433
0
0
0
0
0
0
0
0
0
0
0
0
0
0
0
0
0
0
0
0
0
0
0
0
0
0
0
38
346
627
1020
1448
1935
2629
3162
3646
4493
4783
4981
5340
5507
5119
5090
4654
4375
3974
3917
3374
3272
3241
3403
3649
4108
4731
5115
5619
5791
6646
6667
6768
6843
7059
6956
6757
6654
6706
6442
6606
6497
6682
6659
6827
6978
6828
7449
8005
8153
8686
9414
10091
10537
10727
10289
8413
5311
3315
2437
2084
1882
2002
1950
2125
2417
3414
4043
5191
7277
10757
16964
26614
6061
0
0
0
0
0
0
0
0
0
0
0
0
0
0
0
0
0
0
0
0
0
0
0
0
0
6
247
469
766
1203
1630
2344
2906
3337
4209
4543
4818
5024
5443
4956
5209
4712
4484
4060
3901
3554
3450
3361
3376
3665
4238
4747
4947
5740
5959
6467
6597
6625
6732
6680
6560
6413
6142
6051
6015
5745
5690
5575
5305
5256
5483
5902
6031
6216
6508
7105
7656
8181
8583
9449
10304
10993
10658
9502
6424
3630
2529
2154
1976
1986
2001
2137
2504
3261
4114
5499
7827
11894
19523
25246
514
0
0
0
0
0
0
0
0
0
0
0
0
0
0
0
0
0
0
0
0
0
0
0
0
135
390
644
984
1530
1878
2488
3091
3723
4311
4610
4755
5165
5251
4866
4850
4681
4255
3821
3763
3472
3501
3530
3729
4075
4680
5018
5773
6068
6297
6339
6608
6567
6229
6426
6028
5836
5706
5587
5277
5094
4856
4745
4919
4817
4677
4688
4925
5137
5218
5625
6119
6740
7543
7877
9056
9984
10796
11093
10332
7259
3679
2567
2166
1982
1951
2057
2192
2780
3432
4328
6055
8742
13931
23367
15693
0
0
0
0
0
0
0
0
0
0
0
0
0
0
0
0
0
0
0
0
0
0
0
36
309
479
768
1139
1656
2227
2838
3446
4083
4509
4588
4842
5165
4966
4916
4713
4324
3909
3840
3614
3530
3414
3895
3998
4501
4898
5661
5926
6277
6075
6318
6422
6053
6198
5793
5239
5074
4970
4894
4511
4530
4398
4325
4185
4191
4182
4256
4114
4250
4597
4568
5029
5500
6132
6550
7529
8807
9766
10705
11656
10643
7594
4091
2535
2170
2019
1859
2138
2209
2883
3598
4767
6782
10014
16414
27127
4213
0
0
0
0
0
0
0
0
0
0
0
0
0
0
0
0
0
0
0
0
0
0
169
352
650
939
1448
1861
2367
2955
3603
4150
4478
4581
4852
5074
4794
4858
4393
4166
3802
3717
3546
3434
3850
4061
4323
4707
5335
5780
6122
6154
6245
6416
6009
6018
5638
5166
4913
4674
4513
4355
4255
3887
3571
3623
3704
3673
3557
3563
3762
3916
3749
3753
3809
4255
4875
5590
6056
6939
8281
9208
10657
11880
10987
7281
3869
2572
2145
1927
1886
2187
2380
2899
3861
5296
7528
12042
20825
21629
0
0
0
0
0
0
0
0
0
0
0
0
0
0
0
0
0
0
0
0
0
36
311
460
736
1139
1559
2016
2709
3133
3817
4274
4643
4546
4891
5024
4756
4649
4323
3933
3737
3688
3439
3534
4010
4123
4793
5068
5641
6015
6119
5941
6197
5877
5741
5527
5007
4666
4487
4290
4247
4011
3811
3595
3753
3676
3637
3758
3832
3686
3652
3547
3740
3799
3702
3871
4019
4543
5311
6088
6895
8006
9069
10704
11696
10734
6825
3733
2587
2126
1853
1931
2289
2668
3126
4403
6084
8922
14977
26832
6868
0
0
0
0
0
0
0
0
0
0
0
0
0
0
0
0
0
0
0
0
162
395
553
877
1328
1646
2128
2797
3452
3975
4320
4458
4461
4924
4739
4572
4533
4223
3777
3780
3488
3451
3850
4020
4436
4850
5402
5993
6009
5909
5839
5821
5418
5516
5066
4771
4278
4379
4278
3722
3850
3686
3735
3803
3819
3851
3666
3622
3523
3261
3033
3258
3367
3303
3486
3546
3948
4386
4978
5558
6681
8082
9322
10915
11685
10153
6092
3459
2295
2070
1779
2100
2452
2754
3597
4935
6890
11118
19541
22562
0
0
0
0
0
0
0
0
0
0
0
0
0
0
0
0
0
0
0
49
316
441
621
1118
1414
1720
2368
2890
3658
3983
4228
4305
4785
4789
4496
4644
4190
3921
3777
3757
3439
3633
3941
4056
4576
5163
5765
6110
5715
5678
5855
5680
5302
5209
4655
4231
4321
4032
4042
4150
3961
3869
3870
4292
4244
4227
4282
3851
3608
3482
3362
3302
3045
2989
3010
3257
3382
3764
4196
4739
5744
6373
8087
9804
11350
11779
9371
5053
3105
2367
2012
1828
2221
2615
3034
3916
5760
8575
14709
27069
6391
0
0
0
0
0
0
0
0
0
0
0
0
0
0
0
0
0
0
141
347
438
811
1065
1531
1933
2486
3043
3669
3971
4192
4307
4641
4756
4576
4332
4019
3888
3814
3594
3637
3781
4094
4466
4840
5330
5609
5709
5556
5734
5662
5406
5156
4687
4345
4093
4226
4258
4445
4089
4503
4595
4916
5108
5089
5088
5331
5494
5429
4556
4172
4071
3633
3049
2943
3013
3234
3287
3651
3966
4839
5677
6703
8252
9921
11400
11905
8058
4093
2739
2201
1965
2067
2202
2731
3519
4631
7027
11175
20184
20357
0
0
0
0
0
0
0
0
0
0
0
0
0
0
0
0
0
21
242
386
556
882
1248
1681
2066
2563
3261
3799
4112
4169
4457
4685
4735
4472
4309
4070
3924
3693
3619
3664
3920
4034
4470
5163
5313
5685
5700
5550
5846
5424
5104
4742
4461
4167
4288
4377
4498
4208
4453
4827
5470
5530
5670
6363
6794
6444
6176
6831
6633
5929
5457
4660
4280
3515
3157
3132
3083
3131
3656
4042
4751
5736
7017
8562
10160
11865
10912
6286
3491
2552
2106
1850
2054
2713
3076
4221
5661
8826
15397
27550
2587
0
0
0
0
0
0
0
0
0
0
0
0
0
0
0
0
101
329
414
644
962
1243
1592
2185
2707
3423
3681
4196
4051
4360
4611
4541
4550
4307
4033
3684
3652
3681
3801
4035
4323
4710
5187
5464
5719
5900
5470
5499
5249
4856
4701
4035
4447
4212
4412
4382
4469
5295
5208
5792
6206
6412
6784
6532
6899
7335
7603
7040
7276
6689
6009
5501
4694
3368
3166
3054
3160
3338
3471
3966
4691
5811
7374
9027
11200
11805
9288
4679
2913
2369
1957
2111
2428
2937
3505
5049
7126
12212
22350
14839
0
0
0
0
0
0
0
0
0
0
0
0
0
0
0
0
195
325
418
743
962
1356
1693
2297
2809
3478
3724
4086
4107
4295
4512
4385
4455
4229
4031
3747
3735
3871
3885
4010
4396
4908
5327
5433
5700
5524
5392
5249
5268
4605
4632
4400
4165
4292
4440
4820
5050
5399
6004
5986
6412
6500
6811
6691
7437
7450
7270
7125
7540
7646
7238
6301
5799
4755
3714
3371
3230
3086
3451
3718
3988
5135
6164
7992
9925
11616
11311
6704
3632
2743
2136
1937
2217
2690
3129
4362
6231
9955
17456
24394
0
0
0
0
0
0
0
0
0
0
0
0
0
0
0
22
239
389
532
808
1132
1541
1744
2412
2899
3393
3658
4080
4332
4354
4539
4153
4445
4244
3918
3628
3700
3823
3998
4104
4385
5119
5296
5385
5603
5620
5259
5273
5018
4401
4586
4203
4212
4564
4590
4943
5476
5981
5824
6809
6568
6633
6252
7098
7140
7187
6891
7570
7639
8496
7839
8527
7206
5751
4704
3902
3365
3255
3227
3327
3604
4243
5243
6732
8534
11053
11752
9251
4710
2945
2366
1985
2081
2539
2868
3814
5474
8295
13829
26955
4658
0
0
0
0
0
0
0
0
0
0
0
0
0
0
71
241
406
517
829
1149
1494
1802
2421
3047
3455
3637
3948
4294
4392
4476
4183
4274
4231
3834
3590
3711
3737
3945
4234
4541
5063
5249
5353
5504
5276
5104
5341
4869
4401
4664
4456
4339
4719
5157
5397
5373
6013
6391
6487
6470
6166
6409
6293
6548
6385
6783
7327
7238
8010
8274
9154
8254
7610
6073
5011
3869
3525
3400
3235
3330
3702
4569
5852
7516
9912
11556
11278
6304
3502
2526
2259
2114
2225
2744
3340
4759
7184
11490
21579
14821
0
0
0
0
0
0
0
0
0
0
0
0
0
0
133
281
447
598
837
1298
1529
1960
2411
3057
3463
3745
3948
4121
4208
4207
4211
4231
4217
3802
3572
3846
3914
4024
4320
4432
5165
5159
5393
5613
5186
5122
5194
4779
4394
4523
4140
4411
4881
5291
5493
5398
5761
6364
6360
6153
6118
6059
6329
5785
6049
6393
6478
6547
7269
7238
7838
8375
8212
7398
6068
4634
3807
3289
3345
3362
3608
4175
5199
6770
8498
10958
11555
8471
4346
2905
2234
2099
2149
2509
3109
4245
6293
9856
17643
22189
0
0
0
0
0
0
0
0
0
0
0
0
0
1
213
314
431
718
885
1250
1569
2061
2424
3072
3345
3791
3936
4088
4313
4248
4131
4191
4185
3837
3584
3798
3785
4063
4301
4677
4899
5186
5300
5507
5031
5010
5120
4766
4577
4402
4168
4893
4967
4937
5610
5821
5890
6152
5789
5900
5883
5764
5118
5000
4868
5454
5587
6195
6543
6574
7206
8262
8617
8303
7251
5721
4530
3674
3270
3311
3366
3984
4484
6090
7438
10033
11499
10580
5316
3244
2286
2114
2118
2300
2936
3832
5568
8631
14827
27682
443
0
0
0
0
0
0
0
0
0
0
0
0
46
238
364
458
699
872
1223
1543
2133
2538
2937
3284
3773
3921
4184
4155
4054
4088
4160
4131
3695
3492
3930
3834
4101
4409
4577
4959
5269
5489
5325
5081
4933
4986
4693
4418
4325
4470
4710
4872
5091
5438
5786
5882
5731
5789
5633
5406
4540
4712
4876
4441
4468
4641
5182
5648
6945
6866
7140
8332
8532
8467
6740
4926
4034
3387
3175
3470
3548
4283
5440
6733
8905
10731
11819
6829
3669
2682
2097
2152
2250
2836
3508
4882
7896
12723
24519
7353
0
0
0
0
0
0
0
0
0
0
0
0
88
239
366
468
734
967
1295
1699
2100
2525
3017
3355
3675
3799
4148
4088
4047
4166
4194
4193
3825
3763
3693
4020
4114
4270
4512
4803
5137
5134
5469
5147
4861
4834
4653
4552
4330
4557
4896
4909
5318
5619
5896
5896
5327
5593
5295
5055
4582
4377
4204
3577
4185
4142
4785
4909
5949
6134
6557
7227
8156
8886
7554
5920
4629
3768
3120
3424
3576
3915
5082
6162
7786
10086
11481
8689
4212
2899
2183
2154
2246
2683
3148
4509
7172
11427
21026
14028
0
0
0
0
0
0
0
0
0
0
0
0
143
235
395
507
720
928
1270
1621
2159
2416
2936
3355
3595
3871
3946
4077
3939
4061
4075
4182
3784
3613
3713
3819
4163
4208
4627
4896
5079
5027
5353
5185
4935
4829
4748
4627
4361
4556
4799
5093
5231
5472
5862
6019
5276
5166
5112
4775
4612
3896
3815
3618
3548
3688
3398
4231
4785
5132
5600
6679
7887
8592
8649
6581
4785
4082
3330
3354
3549
3968
4660
5683
7617
9419
11387
9838
4960
2994
2245
2202
2338
2468
3070
4283
6370
10465
18653
18811
0
0
0
0
0
0
0
0
0
0
0
0
151
247
419
540
758
1004
1249
1685
2085
2508
3003
3230
3568
3844
3906
3963
3933
4079
4155
4111
3818
3579
3769
3966
4225
4277
4664
4866
4988
4981
5194
5159
4872
5038
4715
4684
4663
4559
4696
5146
5385
5506
5570
5629
5686
5476
5020
4675
4422
3755
3633
3360
3363
3302
3443
3762
3921
4622
5438
5925
7601
8275
8585
7348
5332
4286
3652
3270
3531
3908
4444
5617
6900
9180
10903
10971
5714
3143
2385
2220
2204
2480
2872
4106
6014
9532
16698
22200
0
0
0
0
0
0
0
0
0
0
0
0
176
228
429
570
737
1002
1226
1675
2073
2414
2978
3373
3467
3842
3996
3859
3966
4127
4283
4018
3877
3799
3795
3940
4147
4237
4620
4852
4702
4900
5083
5343
4665
5046
4734
4689
4716
4709
4670
5157
5271
5330
5605
5343
5360
5129
5415
4835
4915
4384
3859
3836
3446
3403
3356
3382
3607
4002
4986
6101
7257
8037
8515
7792
6388
4612
3697
3411
3532
3741
4231
5032
6645
8564
10421
11475
6541
3521
2455
2238
2307
2297
2744
4037
5420
9098
15119
25255
0
0
0
0
0
0
0
0
0
0
0
3
200
303
376
485
769
1033
1284
1728
1976
2231
2851
3294
3439
3640
3927
3824
3900
4145
4143
3943
3778
3819
3916
3829
4201
4233
4526
4752
4731
4727
5111
5170
4825
5095
4887
4492
4877
4516
4840
5012
5450
5076
5378
5214
5050
5249
5463
4854
5178
5137
4905
4601
3903
3636
3429
3075
3528
3854
4468
5010
6343
7512
8090
8253
6468
4937
4221
3494
3535
3778
3990
4903
6176
8224
10182
11618
7387
3917
2615
2243
2268
2204
2634
3678
5382
8508
14225
27213
100
0
0
0
0
0
0
0
0
0
0
10
214
290
426
490
722
987
1300
1639
1974
2170
2739
3206
3366
3728
3826
3873
3941
3996
4080
3867
3825
3881
3680
3990
4271
4216
4416
4788
4710
4765
5043
5088
4938
4854
4826
4959
4846
4839
4689
4859
5055
5352
5278
4790
4986
4779
4940
5565
5733
5971
5279
5073
4533
3729
3614
3547
3259
4019
4383
4914
6066
7189
8232
8567
7093
5330
4191
3544
3570
3591
3999
4651
5911
7724
9770
11343
7914
4082
2724
2386
2311
2238
2519
3730
5175
8040
13348
24998
3486
0
0
0
0
0
0
0
0
0
0
17
182
342
438
525
665
958
1288
1586
1946
2161
2854
3108
3365
3628
3765
3787
3828
4136
4012
3964
3864
3817
3781
3941
4278
4187
4326
4582
4672
4694
4802
4958
5112
4942
4900
4822
4792
5258
4501
4967
5118
4996
4989
4745
5032
4982
4990
6207
6147
6765
6412
6004
5373
4641
3856
3536
3743
4041
4253
5157
6030
6598
7502
8092
7431
5533
4038
3673
3570
3552
3848
4641
5803
7615
9671
11196
8429
4252
2615
2535
2189
2288
2665
3722
5049
7753
12896
23758
6025
0
0
0
0
0
0
0
0
0
0
34
213
304
435
535
719
903
1243
1587
1826
2181
2678
2954
3305
3599
3764
3743
3946
3923
4015
4025
3869
3905
4011
3787
4136
4173
4228
4405
4686
4637
4714
4922
5097
4870
4971
4817
4873
5130
4686
5061
5229
4794
4889
4548
5102
5065
5387
5610
5886
6515
7450
6962
6082
4906
4253
3839
4219
4010
4282
5041
5583
6643
7558
7649
7186
6072
4345
3901
3465
3620
3689
4360
5755
7598
9519
10888
8614
4525
2833
2398
2237
2209
2622
3497
4896
7686
12543
22559
7434
0
0
0
0
0
0
0
0
0
0
31
261
298
381
528
702
911
1157
1504
1743
2181
2537
2886
3262
3499
3697
3654
3697
3877
4050
4008
3783
3819
3885
3839
3931
4341
4238
4334
4614
4506
4580
4884
4851
4977
4760
5158
4973
5030
4973
4847
4764
4509
4561
4200
4780
4957
5522
5608
6462
6803
7201
7536
6384
5798
5114
4744
4493
4371
4738
4896
5582
6105
7077
7915
7439
5676
4459
4067
3560
3532
3654
4448
5725
7637
8945
10791
8757
4506
3001
2392
2214
2292
2659
3359
4883
7618
12347
22030
7851
0
0
0
0
0
0
0
0
0
0
42
243
289
388
526
661
853
1179
1463
1853
2087
2452
2765
3086
3299
3620
3720
3829
3741
3925
3678
3934
3873
4009
3988
3886
4183
4282
4501
4265
4556
4647
4782
4792
5041
5094
4963
5041
4806
4886
5190
4382
4393
4119
4369
4625
4684
4800
5512
6279
7225
7559
7751
7081
6030
5326
5019
4537
4191
4756
4697
5274
5905
7279
8010
7241
5735
4632
3870
3501
3426
4011
4345
5851
7274
9029
10424
8614
4424
2935
2368
2333
2321
2736
3501
5067
7394
12623
21387
7879
0
0
0
0
0
0
0
0
0
0
42
195
285
429
513
682
724
1031
1458
1763
2046
2287
2716
2948
3203
3516
3426
3760
3768
4069
3870
4006
3895
4001
3827
4141
3935
4231
4287
4358
4537
4390
4716
4754
4718
5035
4901
5137
5386
4810
4982
4579
4359
4125
4137
4177
4671
4876
5301
6174
6623
7288
7594
7241
6414
5735
5153
4515
4714
4526
4649
5254
5880
7426
7893
7305
5486
4369
3958
3511
3438
4093
4581
5936
7196
9066
10193
8463
4318
2844
2531
2334
2349
2719
3472
5029
7650
12620
21848
7458
0
0
0
0
0
0
0
0
0
0
34
209
279
393
475
594
771
1006
1321
1735
1895
2212
2617
2821
3176
3688
3453
3726
3869
3852
3820
3920
3873
3950
3791
3951
4022
4040
4084
4170
4296
4412
4701
4705
4532
4980
4888
5007
5225
5218
4875
4667
4442
4230
4460
4437
4578
4573
5157
5888
6337
6976
7005
6357
5921
5296
5016
4355
4269
4410
4694
5416
6614
7597
7720
6564
5268
4698
3865
3442
3745
3946
4830
5722
7273
9245
10149
7980
4254
2919
2574
2296
2363
2616
3603
5018
7792
12859
22604
5750
0
0
0
0
0
0
0
0
0
0
19
210
246
393
467
611
724
1020
1215
1632
1827
2163
2389
2779
3087
3439
3417
3507
3697
3801
3718
3787
3713
3957
3752
3887
4091
4088
3995
4234
4253
4444
4344
4551
4624
4843
4863
4831
5002
5409
5106
4494
4721
4567
4519
4447
4490
4736
5198
5441
5856
6573
6359
5918
5662
5173
4682
4216
4172
4323
4962
5553
6464
7271
7484
6574
4961
4416
3810
3547
3693
4124
4878
5970
7456
9188
10258
7512
3790
2911
2505
2228
2425
2759
3688
5277
7831
12898
23785
3493
0
0
0
0
0
0
0
0
0
0
0
246
278
356
478
602
731
955
1194
1430
1751
2108
2366
2675
2851
3198
3539
3573
3660
3817
3705
3857
3758
3819
3897
3719
4151
4243
3873
4301
4187
4464
4391
4513
4686
4693
4995
4993
4886
5092
5078
4914
4596
4513
4682
4203
4409
4921
4993
5178
5498
5868
6084
5517
5207
4490
4236
4203
4271
4834
5243
5876
6645
6644
6964
5925
4499
4341
3626
3656
3717
4297
4888
6210
7466
9141
10211
6754
3554
2766
2360
2353
2368
2878
3842
5412
8414
13315
25415
104
0
0
0
0
0
0
0
0
0
0
0
222
250
323
458
575
656
847
1110
1371
1685
1831
2273
2471
2741
2987
3350
3453
3511
3757
3798
3664
3774
3768
3968
3667
3819
4164
4023
4025
4212
4216
4325
4256
4485
4677
4924
4887
4808
5044
5211
4779
4782
4643
4651
4542
4260
4305
5055
4863
4669
5221
5706
5251
4942
4753
4271
4488
4830
4996
5251
6009
6311
6688
7003
5576
4470
4062
3628
3668
4148
4379
5184
6144
7896
9192
9830
5948
3428
2709
2347
2387
2496
3041
3967
5666
8745
14360
22933
0
0
0
0
0
0
0
0
0
0
0
0
159
257
332
461
548
622
809
1013
1390
1602
1853
2095
2426
2629
2943
3336
3428
3529
3623
3675
3678
3684
3888
3889
3893
3883
3984
3967
4178
4190
4079
4107
4242
4337
4692
4673
4701
4877
5048
4987
4998
4747
4727
4316
4851
4399
4419
4371
4640
4563
4838
4780
4778
4515
4319
4536
4764
4875
4904
5678
6257
6580
6660
6269
5072
4236
3744
3595
3938
4103
4690
5240
6577
8177
9097
9557
5179
3302
2706
2435
2358
2639
3278
4094
6009
9440
15355
20082
0
0
0
0
0
0
0
0
0
0
0
0
156
227
299
400
513
666
702
978
1286
1513
1638
2017
2285
2666
2833
3216
3304
3538
3544
3632
3690
3649
3717
3834
3904
3809
3943
3937
3867
4135
4112
4187
4201
4432
4536
4710
4672
4848
4985
4745
4859
4833
4926
4517
4554
4729
4591
4712
4438
4427
4466
4657
4704
4452
4121
4114
4446
4344
5266
5748
6108
6188
6275
5389
4775
4160
3820
3908
3907
4440
4539
5802
7062
8144
9500
8185
4556
3082
2677
2305
2320
2799
3422
4400
6574
10300
16916
16597
0
0
0
0
0
0
0
0
0
0
0
0
96
263
292
355
516
636
726
904
1205
1387
1611
1817
2070
2515
2666
2974
3261
3404
3436
3593
3627
3656
3850
3834
3799
3943
3843
3858
3730
4057
4259
4241
4198
4104
4454
4513
4535
4691
4981
4808
5040
4710
4732
4773
4641
4581
4474
4608
4443
4566
4533
4640
4607
4480
4699
4436
4631
4813
5386
5762
6226
6328
6141
5203
4815
4106
3954
4075
3927
4367
5051
5813
7090
8642
9535
7199
3957
2895
2520
2326
2542
2922
3535
4953
7052
11109
18291
12006
0
0
0
0
0
0
0
0
0
0
0
0
47
254
264
314
445
628
679
784
1098
1401
1560
1734
2002
2276
2480
2852
3193
3270
3360
3478
3582
3634
3671
3896
3693
4012
3772
3965
4065
3733
4267
4003
4247
4171
4115
4560
4508
4719
4716
4804
5082
4776
4645
4724
4934
4725
4526
4895
4861
4577
4630
4361
4434
4428
4325
4650
5154
5228
5349
5886
6547
6140
5633
4729
4206
3950
3781
3731
4229
4578
5299
6529
7619
8600
9000
5755
3696
2755
2395
2426
2543
3139
3947
5188
8210
12021
20581
6603
0
0
0
0
0
0
0
0
0
0
0
0
3
233
280
327
449
558
626
779
980
1268
1451
1716
1955
2200
2335
2730
2962
3246
3315
3439
3472
3594
3710
3786
3716
3725
3798
3784
3885
3989
3772
4124
4180
4288
4119
4374
4311
4625
4537
4546
4818
5149
4910
4511
4883
4811
4688
4738
4644
4725
4620
4512
4619
4546
4441
4885
5096
5253
5675
6052
6247
5807
4980
4444
4157
3987
3905
4163
4502
5211
5736
6599
8052
9022
8054
4804
3206
2468
2364
2358
2809
3284
4232
5992
8735
13260
22756
457
0
0
0
0
0
0
0
0
0
0
0
0
0
210
246
279
376
511
654
669
901
1174
1288
1548
1831
1956
2300
2537
2820
3183
3338
3354
3626
3548
3569
3937
3823
3632
3710
3817
3726
3949
3964
4035
4242
4204
4332
4474
4425
4402
4536
4608
4689
4732
4681
4818
4715
4697
4698
4811
4576
4892
4635
4767
4642
4843
4909
5232
5160
5546
5723
5799
5443
4971
4296
4350
4285
4244
4079
4534
4396
5111
5888
7162
8137
8743
6874
4065
2908
2560
2520
2366
3046
3445
4699
6498
9351
15172
18337
0
0
0
0
0
0
0
0
0
0
0
0
0
0
125
257
285
307
540
598
608
802
1164
1192
1390
1673
1812
2110
2473
2754
2778
3135
3198
3370
3513
3456
3513
3730
3809
3610
3873
3798
3901
3917
3842
4024
4164
4122
4361
4402
4334
4323
4117
4559
4690
4642
4632
4684
4632
4697
4848
4630
4572
4758
4633
5016
5087
5230
5182
5474
5501
5605
5814
5243
4850
4642
4221
4207
4069
4149
4382
4661
5489
6258
7466
8537
8392
5267
3551
2732
2397
2439
2670
3022
3938
4913
7231
10796
17822
11968
0
0
0
0
0
0
0
0
0
0
0
0
0
0
31
284
286
358
442
551
656
640
1048
1204
1390
1468
1821
2039
2240
2594
2789
2945
3060
3344
3451
3587
3486
3561
3842
3860
3702
3795
3712
3756
3817
3804
3940
4118
4214
4277
4277
4494
4307
4342
4391
4623
4614
4751
4808
4501
4553
4756
4529
4710
4788
4926
5210
5280
5304
5337
5344
5531
5341
4824
4726
4368
4259
4236
4029
4159
4508
5132
6280
6604
8158
8390
6876
4344
3096
2519
2305
2517
2843
3344
4248
5716
8185
12463
20846
3803
0
0
0
0
0
0
0
0
0
0
0
0
0
0
0
228
312
289
393
577
642
601
852
1180
1206
1410
1617
1886
2046
2385
2700
2911
2931
3153
3337
3451
3462
3484
3637
3775
3621
3653
3689
3571
3893
3841
3871
4085
4129
4039
4305
4427
4571
4341
4467
4580
4622
4697
4808
4925
4823
4902
4896
4789
4676
4813
4950
5339
5205
5333
5438
5312
4798
4634
4376
4241
4072
4024
4132
4848
5178
5848
6349
7298
8155
7617
5336
3557
2781
2423
2397
2666
3056
3648
4657
6288
9202
14616
18754
0
0
0
0
0
0
0
0
0
0
0
0
0
0
0
0
131
282
293
365
502
581
579
727
1033
1177
1243
1389
1819
2003
2131
2476
2663
2915
2991
3153
3345
3301
3534
3493
3582
3714
3486
3685
3592
3733
3776
3964
3948
3955
3946
3987
4148
4198
4118
4503
4397
4270
4773
4644
4653
4555
4907
5125
5047
5254
4901
4729
5022
5186
5112
5076
5008
4669
4644
4382
4171
4234
4408
4557
4910
5190
6138
6766
7554
7674
6652
4043
3050
2666
2401
2548
2812
3410
3919
5355
7420
10841
17354
11213
0
0
0
0
0
0
0
0
0
0
0
0
0
0
0
0
23
284
290
354
437
566
562
675
832
1085
1205
1335
1461
1881
2030
2196
2635
2613
2844
3077
3178
3381
3182
3495
3486
3635
3627
3700
3641
3620
3720
3680
3732
3918
3984
3979
4099
4072
4128
4158
4375
4307
4447
4542
4526
4712
4738
4569
4742
5122
4976
5002
4952
4625
4878
4584
4674
4488
4205
4046
4046
4031
4345
4662
4824
5569
6415
7179
7672
7361
5010
3371
2852
2489
2550
2672
3122
3539
4622
6336
8202
12800
20423
2123
0
0
0
0
0
0
0
0
0
0
0
0
0
0
0
0
0
185
255
309
393
563
569
624
722
998
1121
1248
1431
1665
1986
2135
2297
2663
2734
2874
3084
3147
3295
3315
3457
3509
3555
3688
3574
3482
3715
3701
3850
3914
3792
4012
3967
4018
4235
4094
4288
4236
4330
4327
4268
4467
4516
4362
4559
4413
4616
4743
4759
4645
4319
4319
4252
4236
4244
3959
4115
4255
4463
4972
5600
6025
6504
7398
7139
5669
3884
2918
2595
2678
2608
2854
3369
4133
5213
7093
9951
15591
14723
0
0
0
0
0
0
0
0
0
0
0
0
0
0
0
0
0
0
63
337
306
337
425
562
577
683
821
1060
1164
1312
1522
1776
1945
2181
2439
2639
2768
2904
3001
3053
3440
3397
3352
3595
3518
3645
3431
3629
3742
3899
3675
3826
3733
3933
4098
4008
4236
4048
4181
4089
4318
4357
4484
4455
4650
4642
4591
4734
4737
4770
4578
4569
4482
4388
4152
3943
4249
4504
4529
4922
5234
5711
6409
6848
7401
6392
4512
3125
2682
2695
2666
2780
3168
3628
4529
5974
8539
12081
18743
4902
0
0
0
0
0
0
0
0
0
0
0
0
0
0
0
0
0
0
0
191
324
329
435
531
552
607
802
915
1071
1293
1332
1554
1828
2028
2135
2419
2573
2829
2954
3173
3062
3375
3349
3295
3534
3555
3573
3461
3801
3636
3597
3599
3809
3787
3804
4071
3854
4071
4098
4422
4063
4240
4437
4439
4241
4345
4429
4364
4234
4205
4303
4165
3953
3874
3977
4027
4251
4542
4901
5046
5754
6202
6470
7041
6592
4775
3267
2749
2516
2566
2850
2817
3320
4091
5170
6936
9984
14545
15661
0
0
0
0
0
0
0
0
0
0
0
0
0
0
0
0
0
0
0
0
59
334
311
405
470
586
646
688
801
1026
1094
1268
1387
1589
1896
1996
2139
2552
2602
2879
2857
3031
3021
3256
3243
3408
3531
3483
3549
3469
3412
3647
3797
3766
3717
3810
4113
4004
3877
4005
4096
4068
4136
4195
4371
4094
4112
4115
4002
4107
4105
4222
4047
4311
4218
4285
4476
4474
4905
5094
5553
6110
6326
6512
6283
4906
3605
2859
2725
2598
2869
2900
3189
3838
4720
6054
8251
11836
18021
5061
0
0
0
0
0
0
0
0
0
0
0
0
0
0
0
0
0
0
0
0
0
234
345
326
434
511
554
634
768
890
1054
1179
1370
1359
1710
1969
2030
2305
2485
2617
2668
2707
3067
3105
3272
3220
3276
3389
3526
3371
3565
3543
3560
3783
3673
3644
3609
4006
3894
3908
3970
3926
4040
4033
4146
4086
4079
4194
4230
4133
4176
4261
4017
4172
4091
4242
4718
4795
5224
5506
5608
5918
6357
5942
5069
3855
3004
2803
2592
2664
2742
3111
3647
4305
5408
7382
10082
14792
14335
0
0
0
0
0
0
0
0
0
0
0
0
0
0
0
0
0
0
0
0
0
0
33
347
343
411
470
504
577
696
766
979
1032
1290
1335
1457
1672
1870
2024
2226
2537
2650
2725
2722
2945
3047
3136
3256
3290
3494
3450
3319
3387
3525
3561
3735
3855
3701
3716
3693
3994
4013
3850
4132
4050
4026
3903
3939
4116
4363
4222
4115
4021
4325
4404
4432
4596
4821
5142
5428
5632
5690
5962
5878
4924
3784
3255
2804
2672
2737
2814
3171
3411
4076
5036
6534
8557
12210
17689
3065
0
0
0
0
0
0
0
0
0
0
0
0
0
0
0
0
0
0
0
0
0
0
0
149
349
391
425
433
539
586
743
776
969
1119
1245
1308
1530
1751
1912
1998
2330
2467
2558
2737
2825
2908
3071
3146
3196
3352
3227
3179
3426
3526
3427
3359
3717
3794
3750
3887
3820
3692
3879
3946
3942
3837
3942
4017
4065
3912
4087
4207
4425
4366
4366
4493
4853
5063
5194
5285
5776
5752
5531
4609
3632
3362
2826
2771
2771
2907
2988
3276
3922
4708
5738
7534
10618
15200
10462
0
0
0
0
0
0
0
0
0
0
0
0
0
0
0
0
0
0
0
0
0
0
0
0
8
282
364
446
464
487
563
594
693
871
1005
1148
1272
1347
1513
1712
1877
1978
2250
2494
2648
2777
2815
2895
3275
3059
3078
3323
3371
3270
3315
3353
3290
3363
3425
3489
3731
3567
3704
3669
3672
4019
3850
3832
3993
3770
3909
4211
4212
4363
4580
4547
4689
4704
4834
5134
5369
5432
5313
4531
3743
3339
2909
2829
2784
2772
2897
3183
3804
4525
5463
6962
9556
12761
15648
539
0
0
0
0
0
0
0
0
0
0
0
0
0
0
0
0
0
0
0
0
0
0
0
0
0
76
372
431
466
478
543
580
666
763
875
1013
1182
1265
1321
1509
1771
1936
1981
2138
2382
2609
2775
2815
2856
3136
3055
2958
3074
3355
3375
3355
3357
3430
3224
3363
3519
3571
3691
3765
3736
3784
3815
3967
3830
3871
4074
3830
4065
4329
4427
4530
4840
4965
4989
4968
5227
4836
4053
3398
3241
3018
2781
2912
2828
2978
3275
3765
4525
5192
6704
8681
11687
16160
3944
0
0
0
0
0
0
0
0
0
0
0
0
0
0
0
0
0
0
0
0
0
0
0
0
0
0
0
172
354
413
483
510
579
629
746
761
917
1068
1178
1172
1374
1644
1705
1863
2020
2116
2407
2683
2659
2741
2799
3179
3109
3017
3123
3356
3239
3496
3338
3272
3205
3364
3356
3551
3612
3814
3691
3657
3732
3982
4016
4070
4246
4164
4218
4373
4465
4620
4770
4797
4963
4430
3565
3529
3177
2941
3004
2948
2947
3010
3273
3672
4282
5126
6210
7886
10516
14535
8673
0
0
0
0
0
0
0
0
0
0
0
0
0
0
0
0
0
0
0
0
0
0
0
0
0
0
0
0
0
266
450
413
436
523
540
674
766
771
931
1028
1258
1219
1369
1598
1662
1812
2007
2081
2357
2645
2618
2728
2772
3026
2893
2888
3216
3202
3245
3362
3258
3330
3231
3287
3491
3581
3709
3583
3961
3667
3765
3849
3984
3936
4040
4185
4185
4200
4541
4519
4456
4113
3474
3343
3127
3067
2987
2640
2908
3132
3125
3780
4210
5043
5982
7610
9681
12955
11936
0
0
0
0
0
0
0
0
0
0
0
0
0
0
0
0
0
0
0
0
0
0
0
0
0
0
0
0
0
0
27
319
479
428
500
590
554
687
745
824
1001
1030
1192
1104
1397
1491
1628
1684
2037
1987
2198
2505
2524
2651
2766
2924
2984
3073
3216
3177
3200
3292
3219
3332
3188
3155
3224
3438
3688
3690
3912
3944
3982
4042
4060
4244
4181
4441
4364
4304
4046
3600
3209
3297
3229
2879
2787
2959
3103
3190
3376
3819
4196
5005
5901
7464
9020
12004
13569
830
0
0
0
0
0
0
0
0
0
0
0
0
0
0
0
0
0
0
0
0
0
0
0
0
0
0
0
0
0
0
0
43
417
472
453
527
540
648
714
772
934
1038
1069
1201
1198
1310
1540
1646
1769
1822
1930
2053
2284
2563
2490
2572
2895
2879
2887
2972
3116
3261
3324
3392
3294
3349
3386
3406
3400
3358
3535
3676
3765
3902
3958
4104
4005
3870
3815
3404
3270
3226
3282
2967
2873
2720
3048
3029
3107
3514
3858
4360
5015
5871
7197
8919
11051
13456
2008
0
0
0
0
0
0
0
0
0
0
0
0
0
0
0
0
0
0
0
0
0
0
0
0
0
0
0
0
0
0
0
0
0
80
447
484
489
530
584
635
718
752
913
998
1042
1203
1184
1281
1465
1643
1731
1825
1932
2136
2213
2432
2517
2454
2632
2947
3070
2954
3014
3170
3241
3287
3400
3341
3337
3350
3501
3472
3412
3645
3709
3716
3535
3578
3275
3217
3092
3019
3030
2956
2903
2926
3059
3095
3203
3578
3920
4321
5010
5794
7037
8727
10809
13281
2757
0
0
0
0
0
0
0
0
0
0
0
0
0
0
0
0
0
0
0
0
0
0
0
0
0
0
0
0
0
0
0
0
0
0
0
92
500
536
596
500
548
698
785
759
849
982
1033
1155
1266
1303
1307
1569
1700
1837
1843
1954
2141
2344
2379
2443
2586
2669
2878
2936
2970
3120
3185
3155
3342
3327
3270
3160
3288
3237
3155
3142
2841
2990
3033
2974
2983
2897
2831
2764
2804
2967
3013
3129
3281
3518
4083
4485
5048
5905
7068
8411
10467
12542
2906
0
0
0
0
0
0
0
0
0
0
0
0
0
0
0
0
0
0
0
0
0
0
0
0
0
0
0
0
0
0
0
0
0
0
0
0
0
72
475
521
619
624
564
661
728
840
953
979
1004
1133
1182
1413
1336
1495
1627
1778
1908
1890
1913
2188
2323
2292
2406
2460
2812
2922
2889
2903
2970
2864
2999
3115
2998
3043
2987
2935
2896
3010
2977
2968
2873
2976
3056
2912
3049
3250
3180
3381
3565
3803
4274
4627
5013
5923
6757
8362
10207
11667
2520
0
0
0
0
0
0
0
0
0
0
0
0
0
0
0
0
0
0
0
0
0
0
0
0
0
0
0
0
0
0
0
0
0
0
0
0
0
0
0
64
460
563
593
614
634
642
761
847
953
1001
991
1106
1190
1240
1330
1444
1481
1699
1829
1874
1875
2057
2182
2221
2284
2394
2430
2632
2704
2728
2758
2750
2799
2852
2870
2802
2813
2849
2795
2926
2903
2872
2993
3039
3160
3165
3408
3483
3683
3966
4137
4663
5293
5975
6826
8239
10068
10265
1622
0
0
0
0
0
0
0
0
0
0
0
0
0
0
0
0
0
0
0
0
0
0
0
0
0
0
0
0
0
0
0
0
0
0
0
0
0
0
0
0
0
21
392
595
635
691
688
726
823
907
924
929
1024
1087
1235
1175
1429
1410
1491
1619
1746
1803
1779
1932
2096
2152
2192
2228
2295
2392
2532
2563
2491
2572
2706
2689
2752
2776
2856
2859
2741
2781
2912
2970
3090
3104
3246
3360
3559
3872
4298
4695
5195
5979
6779
8128
10136
8497
629
0
0
0
0
0
0
0
0
0
0
0
0
0
0
0
0
0
0
0
0
0
0
0
0
0
0
0
0
0
0
0
0
0
0
0
0
0
0
0
0
0
0
0
0
327
627
694
679
658
810
864
937
949
1021
1116
1061
1097
1260
1399
1473
1517
1634
1702
1715
1856
1883
1983
2041
2101
2209
2210
2293
2405
2665
2626
2682
2698
2804
2757
2831
2921
2877
2936
3089
3080
3208
3189
3274
3517
4030
4341
4744
5154
6220
7092
8138
10059
5771
0
0
0
0
0
0
0
0
0
0
0
0
0
0
0
0
0
0
0
0
0
0
0
0
0
0
0
0
0
0
0
0
0
0
0
0
0
0
0
0
0
0
0
0
0
0
0
115
581
717
752
712
701
794
855
1019
1023
1147
1167
1149
1193
1277
1450
1523
1617
1592
1728
1818
1878
1930
2015
1984
2153
2147
2235
2368
2481
2584
2603
2705
2812
2895
2871
2912
3019
3144
3386
3354
3647
3783
4039
4375
5013
5442
6311
7230
8446
8628
2384
0
0
0
0
0
0
0
0
0
0
0
0
0
0
0
0
0
0
0
0
0
0
0
0
0
0
0
0
0
0
0
0
0
0
0
0
0
0
0
0
0
0
0
0
0
0
0
0
0
21
339
759
767
883
790
877
964
876
988
1051
1200
1192
1251
1282
1374
1451
1574
1523
1644
1749
1850
1951
1991
2070
2087
2370
2377
2281
2271
2508
2570
2709
2831
2915
3036
3245
3383
3641
3651
3962
4251
4637
5162
5737
6343
7345
8445
5217
296
0
0
0
0
0
0
0
0
0
0
0
0
0
0
0
0
0
0
0
0
0
0
0
0
0
0
0
0
0
0
0
0
0
0
0
0
0
0
0
0
0
0
0
0
0
0
0
0
0
0
0
0
96
498
808
886
838
942
1137
1014
1022
1064
1148
1193
1290
1316
1354
1472
1607
1637
1758
1830
1867
1971
2075
2148
2009
2164
2321
2532
2556
2560
2726
2968
3097
3219
3421
3450
3766
3933
4238
4622
5350
5775
6433
7627
6265
1414
0
0
0
0
0
0
0
0
0
0
0
0
0
0
0
0
0
0
0
0
0
0
0
0
0
0
0
0
0
0
0
0
0
0
0
0
0
0
0
0
0
0
0
0
0
0
0
0
0
0
0
0
0
0
0
0
184
617
822
845
967
1089
1057
1081
1144
1173
1294
1335
1303
1462
1491
1673
1746
1808
1713
1893
1914
2097
2114
2347
2484
2459
2665
2668
2813
3004
3165
3331
3521
3792
3968
4314
4762
5191
5747
6833
5920
2220
0
0
0
0
0
0
0
0
0
0
0
0
0
0
0
0
0
0
0
0
0
0
0
0
0
0
0
0
0
0
0
0
0
0
0
0
0
0
0
0
0
0
0
0
0
0
0
0
0
0
0
0
0
0
0
0
0
0
0
0
230
701
979
979
1139
1230
1228
1295
1308
1249
1407
1508
1543
1542
1591
1777
1969
1970
1957
2101
2159
2283
2300
2483
2664
2845
2988
3246
3289
3373
3690
3988
4213
4728
5294
6049
4451
1703
0
0
0
0
0
0
0
0
0
0
0
0
0
0
0
0
0
0
0
0
0
0
0
0
0
0
0
0
0
0
0
0
0
0
0
0
0
0
0
0
0
0
0
0
0
0
0
0
0
0
0
0
0
0
0
0
0
0
0
0
0
0
0
0
104
501
895
1126
1156
1222
1349
1484
1424
1459
1594
1670
1796
1840
1811
1990
2071
2152
2240
2307
2508
2529
2650
2910
3162
3454
3483
3730
4170
4382
5208
4926
3195
695
0
0
0
0
0
0
0
0
0
0
0
0
0
0
0
0
0
0
0
0
0
0
0
0
0
0
0
0
0
0
0
0
0
0
0
0
0
0
0
0
0
0
0
0
0
0
0
0
0
0
0
0
0
0
0
0
0
0
0
0
0
0
0
0
0
0
0
0
0
179
541
994
1338
1403
1506
1560
1599
1633
1858
1920
1953
1990
2036
2190
2384
2528
2621
2730
2957
3063
3214
3471
3857
4170
3570
2421
895
0
0
0
0
0
0
0
0
0
0
0
0
0
0
0
0
0
0
0
0
0
0
0
0
0
0
0
0
0
0
0
0
0
0
0
0
0
0
0
0
0
0
0
0
0
0
0
0
0
0
0
0
0
0
0
0
0
0
0
0
0
0
0
0
0
0
0
0
0
0
0
0
0
0
0
21
339
720
1007
1343
1630
1863
1900
1967
2053
2302
2399
2371
2550
2849
3202
3075
2809
2464
1791
1041
108
0
0
0
0
0
0
0
0
0
0
0
0
0
0
0
0
0
0
0
0
0
0
0
0
0
0
0
0
0
0
0
0
0
0
0
0
0
0
0
0
0
0
0
0
0
0
0
0
0
0
0
0
0
0
0
0
0
0
0
0
0
0
0
0
0
0
0
0
0
0
0
0
0
0
0
0
0
0
0
0
0
0
0
0
10
273
469
702
670
783
712
657
484
10
0
0
0
0
0
0
0
0
0
0
0
0
0
0
0
0
0
0
0
0
0
0
0
0
0
0
0
0
0
0
0
0
0
0
0
0
0
0
0
0
0
0
0
0
0
0
0
0
0
0
0
0
0
0
0
0
0
0
0
0
0
0
0
0
0
0
0
0
0
0
0
0
0
0
0
0
0
0
0
0
0
0
0
0
0
0
0
0
0
0
0
0
0
0
0
0
0
0
0
0
0
0
0
0
0
0
0
0
0
0
0
0
0
0
0
0
0
0
0
0
0
0
0
0
0
0
0
0
0
0
0
0
0
0
0
0
0
0
0
0
0
0
0
0
0
0
0
0
0
0
0
0
0
0
0
0
0
0
0
0
0
0
0
0
0
0
0
0
0
0
0
0
0
0
0
0
0
0
0
0
0
0
0
0
0
0
0
0
0
0
0
0
0
0
0
0
0
0
0
0
0
0
0
0
0
0
0
0
0
0
0
0
0
0
0
0
0
0
0
0
0
0
0
0
0
0
0
0
0
0
0
0
0
0
0
0
0
0
0
0
0
0
0
0
0
0
0
0
0
0
0
0
0
0
0
0
0
0
0
0
0
0
0
0
0
0
0
0
0
0
0
0
0
0
0
0
0
0
0
0
0
0
0
0
0
0
0
0
0
0
0
0
0
0
0
0
0
0
0
0
0
0
0
0
0
0
0
0
0
0
0
0
0
0
0
0
0
0
0
0
0
0
0
0
0
0
0
0
0
0
0
0
0
0
0
0
0
0
0
0
0
0
0
0
0
0
0
0
0
0
0
0
0
0
0
0
0
0
0
0
0
0
0
0
0
0
0
0
0
0
0
0
0
0
0
0
0
0
0
0
0
0
0
0
0
0
0
0
0
0
0
0
0
0
0
0
0
0
0
0
0
0
0
0
0
0
0
0
0
0
0
0
0
0
0
0
0
0
0
0
0
0
0
0
0
0
0
0
0
0
0
0
0
0
0
0
0
0
0
0
0
0
0
0
0
0
0
0
0
0
0
0
0
0
0
0
0
0
0
0
0
0
0
0
0
0
0
0
0
0
0
0
0
0
0
0
0
0
0
0
0
0
0
0
0
0
0
0
0
0
0
0
0
0
0
0
0
0
0
0
0
0
0
0
0
0
0
0
0
0
0
0
0
0
0
0
0
0
0
0
0
0
0
0
0
0
0
0
0
0
0
0
0
0
0
0
0
0
0
0
0
0
0
0
0
