./RotationSim r 40
0
0
0
0
0
0
0
0
0
0
0
0
0
0
0
0
0
0
0
0
0
0
0
0
0
0
0
0
0
0
0
0
0
0
0
0
0
0
0
0
0
0
0
0
0
0
0
0
0
0
0
0
0
0
0
0
0
0
0
0
0
0
0
0
0
0
0
0
0
0
0
0
0
0
0
0
0
0
0
0
0
0
0
0
0
0
0
0
0
0
0
0
0
0
0
0
0
0
0
0
0
0
0
0
0
0
0
0
0
0
0
0
0
0
0
0
0
0
0
0
0
0
0
0
0
0
0
0
0
0
0
0
0
0
0
0
0
0
0
0
0
0
0
0
0
0
0
0
0
0
0
0
0
0
0
0
0
0
0
0
0
0
0
0
0
0
0
0
0
0
0
0
0
0
0
0
0
0
0
0
0
0
0
0
0
0
0
0
0
0
0
0
0
0
0
0
0
0
0
0
0
0
0
0
0
0
0
0
0
0
0
0
0
0
0
0
0
0
0
0
0
0
0
0
0
0
0
0
0
0
0
0
0
0
0
0
0
0
0
0
0
0
0
0
0
0
0
0
0
0
0
0
0
0
0
0
0
0
0
0
0
0
0
0
0
0
0
0
0
0
0
0
0
0
0
0
0
0
0
0
0
0
0
0
0
0
0
0
0
0
0
0
0
0
0
0
0
0
0
0
0
0
0
0
0
0
0
0
0
0
0
0
0
0
0
0
0
0
0
0
0
0
0
0
0
0
0
0
0
0
0
0
0
0
0
0
0
0
0
0
0
0
0
0
0
0
0
0
0
0
0
0
0
0
0
0
0
0
0
0
0
0
0
0
0
0
0
0
0
0
0
0
0
0
0
0
0
0
0
0
0
0
0
0
0
0
0
0
0
0
0
0
0
0
0
0
0
0
0
0
0
0
0
0
0
0
0
0
0
0
0
0
0
0
0
0
0
0
0
0
0
0
0
0
0
0
0
0
0
0
0
0
0
0
0
0
0
0
0
0
0
0
0
0
0
0
0
0
0
0
0
0
0
0
0
0
0
0
0
0
0
0
0
0
0
0
0
0
0
0
0
0
0
0
0
0
0
0
0
0
0
0
0
0
0
0
0
0
0
0
0
0
0
0
0
0
0
0
0
0
0
0
0
0
0
0
0
0
0
0
0
0
0
0
0
0
0
0
0
0
0
0
0
0
0
0
0
0
0
0
0
0
0
0
0
0
0
0
0
0
0
0
0
817
3061
5037
6532
7800
8885
9282
9093
8974
8421
7286
5771
3557
1012
0
0
0
0
0
0
0
0
0
0
0
0
0
0
0
0
0
0
0
0
0
0
0
0
0
0
0
0
0
0
0
0
0
0
0
0
0
0
0
0
0
0
0
0
0
0
0
0
0
0
0
0
0
0
0
0
0
0
0
0
0
0
0
0
0
0
0
0
0
0
0
0
0
0
0
0
0
0
0
0
0
654
4081
7771
10984
13908
15489
15500
15385
15383
15571
15432
15542
16239
16204
16759
17130
17908
18280
18626
17532
14312
10674
5928
907
0
0
0
0
0
0
0
0
0
0
0
0
0
0
0
0
0
0
0
0
0
0
0
0
0
0
0
0
0
0
0
0
0
0
0
0
0
0
0
0
0
0
0
0
0
0
0
0
0
0
0
0
0
0
0
0
0
0
0
0
0
0
0
0
0
0
0
0
0
0
0
0
0
1450
6113
10579
14080
14354
13721
13443
13340
13056
13065
12795
12555
12809
12748
12749
12462
12919
12796
13201
13788
14424
15124
15762
17124
17818
19437
20165
15939
9937
2495
0
0
0
0
0
0
0
0
0
0
0
0
0
0
0
0
0
0
0
0
0
0
0
0
0
0
0
0
0
0
0
0
0
0
0
0
0
0
0
0
0
0
0
0
0
0
0
0
0
0
0
0
0
0
0
0
0
0
0
0
0
0
0
0
0
0
0
359
4671
9808
13288
13160
12912
12395
11974
11842
11388
10817
10659
10648
10269
10087
9992
9586
9587
9786
9924
10238
10476
10660
10870
11231
11840
12776
13693
14930
16152
17375
19083
21474
17097
8672
717
0
0
0
0
0
0
0
0
0
0
0
0
0
0
0
0
0
0
0
0
0
0
0
0
0
0
0
0
0
0
0
0
0
0
0
0
0
0
0
0
0
0
0
0
0
0
0
0
0
0
0
0
0
0
0
0
0
0
0
0
0
0
905
6205
11470
12669
12526
12150
11502
11049
10498
9730
9409
8876
8988
8395
7966
7771
7506
7197
7292
7059
7059
7189
7295
7268
7657
7876
8385
8696
9044
9871
10644
11781
13247
14500
15793
17770
20673
20998
12691
1970
0
0
0
0
0
0
0
0
0
0
0
0
0
0
0
0
0
0
0
0
0
0
0
0
0
0
0
0
0
0
0
0
0
0
0
0
0
0
0
0
0
0
0
0
0
0
0
0
0
0
0
0
0
0
0
0
0
0
749
6243
11673
12105
11946
11252
10628
10139
9469
9194
8636
8349
7741
7206
6957
6635
6411
6247
6165
5917
5740
5478
5420
5499
5480
5558
5512
5581
6092
6447
6622
7165
7559
8230
9107
10220
11838
13164
15343
17568
19890
22089
13854
1832
0
0
0
0
0
0
0
0
0
0
0
0
0
0
0
0
0
0
0
0
0
0
0
0
0
0
0
0
0
0
0
0
0
0
0
0
0
0
0
0
0
0
0
0
0
0
0
0
0
0
0
0
0
0
114
4780
10918
11830
11450
10861
10288
9711
9016
8300
7936
7479
7143
6562
6030
5889
5563
5200
4823
4535
4158
4272
4113
4057
3924
3984
4008
3950
4124
4109
4295
4277
4713
5071
5569
6274
6398
7410
8202
9343
10613
12427
14624
17127
20911
22653
11481
367
0
0
0
0
0
0
0
0
0
0
0
0
0
0
0
0
0
0
0
0
0
0
0
0
0
0
0
0
0
0
0
0
0
0
0
0
0
0
0
0
0
0
0
0
0
0
0
0
0
0
0
2154
9018
11300
10894
10629
10071
9645
8729
7938
7357
7004
6637
6040
5690
5081
4691
4481
4111
3766
3554
3461
3139
3084
2996
2892
2772
2747
2575
2776
2908
2988
3163
3225
3312
3668
3907
4372
4927
5241
5754
6785
7505
8618
10549
12707
14741
17886
21901
20975
5718
0
0
0
0
0
0
0
0
0
0
0
0
0
0
0
0
0
0
0
0
0
0
0
0
0
0
0
0
0
0
0
0
0
0
0
0
0
0
0
0
0
0
0
0
0
0
0
0
142
5533
10705
10593
10179
9917
9234
8837
7967
7428
6808
6161
5861
5561
4889
4491
4005
3671
3383
3206
2999
2795
2713
2699
2610
2424
2414
2369
2479
2499
2541
2264
2467
2479
2655
2749
2757
2876
3112
3354
3798
4244
4790
5450
6357
7261
8633
10502
13331
16032
19524
23681
13925
465
0
0
0
0
0
0
0
0
0
0
0
0
0
0
0
0
0
0
0
0
0
0
0
0
0
0
0
0
0
0
0
0
0
0
0
0
0
0
0
0
0
0
0
0
0
1066
8157
10405
10318
9673
9309
8831
8275
7291
6749
6219
5656
5264
4854
4127
3961
3457
3075
2936
2719
2581
2489
2454
2433
2462
2425
2381
2238
2264
2213
2119
2059
2093
2023
2150
2135
2207
2150
2349
2460
2494
2634
2860
3384
3772
4524
5412
6306
7475
8975
11528
14490
17766
22394
20692
3271
0
0
0
0
0
0
0
0
0
0
0
0
0
0
0
0
0
0
0
0
0
0
0
0
0
0
0
0
0
0
0
0
0
0
0
0
0
0
0
0
0
0
0
2386
9439
10185
9840
9391
8727
8451
7698
6920
6358
5587
5091
4756
4339
3826
3449
3081
2715
2770
2605
2595
2605
2648
2442
2490
2487
2495
2578
2494
2515
2406
2379
2187
2145
2168
2073
1948
2044
1944
2040
2007
2090
2148
2439
2507
2801
3296
3752
4668
5190
6377
7881
10278
13113
16660
21258
23599
6864
0
0
0
0
0
0
0
0
0
0
0
0
0
0
0
0
0
0
0
0
0
0
0
0
0
0
0
0
0
0
0
0
0
0
0
0
0
0
0
0
0
3445
9708
9685
9343
9157
8556
8019
7317
6472
5669
5374
4886
4397
4071
3319
3032
2845
2636
2732
2662
2608
2778
2648
2636
2877
3061
3330
3528
3525
3768
3620
3878
3776
3553
3498
3153
2745
2509
2297
2177
1938
1844
1899
1891
1931
2011
2179
2437
2730
3399
4010
4775
5646
6913
8970
11875
15211
20157
25089
10499
0
0
0
0
0
0
0
0
0
0
0
0
0
0
0
0
0
0
0
0
0
0
0
0
0
0
0
0
0
0
0
0
0
0
0
0
0
0
0
4165
9739
9455
9182
8965
8074
7655
6866
6056
5468
5057
4607
4057
3812
3119
2909
2801
2799
2696
2645
2712
2904
3361
3848
4175
4626
5096
5430
5478
5874
6402
6523
6638
6645
6621
6367
6049
5526
4855
4096
3499
3048
2602
2181
1954
1962
1890
1821
1939
2094
2259
2814
3426
4322
5134
6119
8140
10901
14366
19396
24996
13296
0
0
0
0
0
0
0
0
0
0
0
0
0
0
0
0
0
0
0
0
0
0
0
0
0
0
0
0
0
0
0
0
0
0
0
0
0
4240
9479
9362
9080
8358
7844
7526
6812
5939
5119
4917
4366
3912
3495
3000
2872
2812
2824
2800
3036
3297
3893
4588
5136
5608
6161
6506
6848
7379
7982
8201
8250
8556
8476
8483
8637
8578
8478
8294
8295
7742
6863
5796
4713
3593
2955
2417
2107
1893
1846
1957
1987
2140
2461
3004
3732
4661
5547
7826
10122
13929
18442
25192
14381
0
0
0
0
0
0
0
0
0
0
0
0
0
0
0
0
0
0
0
0
0
0
0
0
0
0
0
0
0
0
0
0
0
0
0
3885
9172
9039
8864
8219
7507
7487
6495
5611
5120
4758
4195
3635
3402
3120
2861
2788
2889
2937
3601
4153
4830
5574
6070
6423
7094
7313
7744
8264
8553
8748
8609
8834
9020
9132
9244
9452
9623
9558
9637
9422
9395
9271
9178
8416
7354
5850
4214
3041
2297
2031
1821
1815
1888
2009
2292
2707
3465
4530
5306
7456
9492
13734
18271
25326
13815
0
0
0
0
0
0
0
0
0
0
0
0
0
0
0
0
0
0
0
0
0
0
0
0
0
0
0
0
0
0
0
0
0
3049
9114
9001
8579
7909
7692
7224
6425
5521
4941
4770
4100
3723
3404
2986
2860
2839
3066
3497
4039
4752
5521
6153
6345
6940
7540
7952
8318
8421
8472
8543
8515
8602
8698
8793
8985
9266
9331
9565
9779
9856
9726
10137
10179
9913
9905
9589
8924
8108
6145
4181
2814
2139
1941
1883
1803
2013
2110
2431
3044
4199
5117
7086
9667
13571
18780
25919
11384
0
0
0
0
0
0
0
0
0
0
0
0
0
0
0
0
0
0
0
0
0
0
0
0
0
0
0
0
0
0
0
1976
8764
8867
8319
7990
7462
7131
6191
5505
4947
4581
4023
3717
3254
3049
2840
2996
3399
3868
4497
5217
5993
6534
6801
7227
7684
8124
8259
8360
8060
7848
7761
7773
7746
8077
7689
7560
7792
8099
7990
8393
8797
9246
9405
9721
10086
10308
10046
10568
10298
9979
8388
5873
3663
2430
1962
1781
1843
1881
2149
2337
2982
3901
5038
7051
9628
13834
19409
26685
7633
0
0
0
0
0
0
0
0
0
0
0
0
0
0
0
0
0
0
0
0
0
0
0
0
0
0
0
0
0
868
7963
8733
8123
7774
7426
7023
6265
5612
4890
4529
4200
3675
3224
3078
2787
3177
3716
4207
4902
5690
6393
6744
7111
7665
7653
7799
7523
7533
7249
7296
7010
7261
6992
6910
6611
6750
6893
6702
6607
6943
7199
7417
7640
8353
8729
9060
9242
10102
10021
10441
10587
11033
10026
7646
4845
2948
2100
1835
1742
1804
2164
2336
2911
3698
5036
7158
9831
14261
20715
26268
3721
0
0
0
0
0
0
0
0
0
0
0
0
0
0
0
0
0
0
0
0
0
0
0
0
0
0
0
89
6440
8568
8002
7785
7462
6880
6288
5674
4926
4621
4166
3662
3314
3127
2974
3315
3790
4583
4990
5916
6558
6727
7072
7459
7540
7350
7211
7003
6729
6541
6553
6290
5991
6142
6085
5957
5680
5692
5605
5745
5789
6113
6313
6472
6953
7225
7685
8241
8869
9740
10029
10095
10694
11066
10937
9071
6026
3457
2202
1860
1701
1729
1939
2495
2866
3848
5146
7299
10527
15291
22484
23670
510
0
0
0
0
0
0
0
0
0
0
0
0
0
0
0
0
0
0
0
0
0
0
0
0
0
0
4231
8287
8213
7812
7454
6905
6404
5648
5079
4484
4330
3689
3284
3314
2978
3541
4059
4580
5298
6156
6478
6635
6883
7093
7120
7058
6851
6820
6378
6153
5785
5741
5746
5444
5135
4759
4735
4646
4588
4648
4714
4716
4754
5058
5176
5328
5607
6384
6571
7085
7840
8613
9660
10382
10550
11210
11530
10110
6698
3966
2434
1707
1709
1601
1923
2520
2991
3997
5485
7605
11364
16500
24865
16901
0
0
0
0
0
0
0
0
0
0
0
0
0
0
0
0
0
0
0
0
0
0
0
0
0
1524
8116
7892
7778
7307
7147
6279
5892
5278
4698
4175
3632
3416
3249
3002
3592
4121
4633
5347
6185
6453
6583
6919
6986
7011
6783
6789
6440
6077
5914
5621
5449
5192
4737
4338
4170
4054
3922
3928
3962
4047
4011
4089
3989
3849
4005
4285
4465
4675
5319
5847
6304
6997
7935
8933
10148
10881
11399
11887
10718
7479
4253
2465
1884
1743
1680
2021
2524
3169
4060
5876
8304
11981
18218
27878
7037
0
0
0
0
0
0
0
0
0
0
0
0
0
0
0
0
0
0
0
0
0
0
0
91
6532
7802
8020
7383
6907
6519
6104
5330
4691
4323
3941
3614
3269
2923
3693
3964
4609
5175
5973
6348
6556
6710
6845
6823
6882
6495
6109
5871
5474
5047
4955
4675
4475
4126
3964
3874
3869
3851
3773
3847
3604
3540
3578
3548
3670
3732
3718
3956
4066
4185
4597
5259
5525
6532
7262
8442
9624
10526
11745
12175
11221
7857
4290
2427
1837
1818
1709
1999
2487
3255
4364
6338
9491
13846
21496
25372
468
0
0
0
0
0
0
0
0
0
0
0
0
0
0
0
0
0
0
0
0
0
0
3281
7973
7464
7446
7118
6723
6014
5544
5035
4344
4044
3854
3306
3110
3398
3878
4538
5248
5679
6398
6464
6734
6796
6676
6789
6401
6023
5511
5104
4960
4903
4392
4354
4056
4158
4079
3966
3950
3680
3554
3386
3482
3512
3538
3538
3582
3644
3649
3414
3830
3904
4008
4147
4900
4959
6006
6796
7751
9034
10163
11349
12590
11544
8160
4126
2551
1932
1805
1635
2102
2753
3618
5099
7035
10963
16364
25642
14616
0
0
0
0
0
0
0
0
0
0
0
0
0
0
0
0
0
0
0
0
0
431
7094
7649
7556
7082
6760
6192
5882
5308
4457
4090
3774
3546
3116
3424
3981
4397
5019
5454
6399
6594
6713
6620
6654
6552
6111
5764
5275
5254
4862
4614
4334
4223
4097
4112
3891
3982
4262
4343
4327
4671
4877
4606
4491
4282
4117
3973
3727
3381
3350
3158
3251
3399
3697
4083
4431
4885
5720
6794
7265
8825
10330
11251
12807
11559
7616
3836
2218
1910
1670
1740
2144
2915
3916
5579
8259
12808
19530
28001
2555
0
0
0
0
0
0
0
0
0
0
0
0
0
0
0
0
0
0
0
0
3859
7740
7331
7212
6776
6376
5920
5484
4667
4175
3938
3693
3199
3373
3821
4141
5017
5346
5929
6526
6668
6354
6658
6589
6311
5560
5151
5022
4548
4351
4369
4321
4294
4486
4444
4667
5086
5225
5212
5748
5983
6271
6057
5814
5640
5455
5267
4810
4356
4021
3719
3160
3203
3093
3194
3646
3992
4648
5522
6785
7289
8980
10267
11310
12799
11618
7022
3455
1997
1904
1623
1845
2375
3061
4407
6558
9614
15330
24379
18119
0
0
0
0
0
0
0
0
0
0
0
0
0
0
0
0
0
0
0
521
7129
7322
7237
6777
6530
6172
5709
4951
4369
4044
3677
3507
3234
3802
4042
4773
5264
5802
6365
6829
6191
6552
6332
6027
5535
5293
4905
4565
4267
4340
4498
4775
4571
4715
5009
5205
5477
6161
6430
6392
6621
6670
6683
6777
6732
6527
6524
6144
5905
5385
4720
4239
3659
3532
3221
3100
3327
3638
4357
5180
6295
7436
8951
10474
11876
12753
10672
5883
2755
1873
1819
1739
2029
2577
3564
5014
7893
12176
19163
29028
2858
0
0
0
0
0
0
0
0
0
0
0
0
0
0
0
0
0
0
3420
7349
7164
7114
6491
6100
5915
5261
4615
4179
3926
3622
3328
3537
3909
4447
5129
5586
6024
6721
6340
6507
6299
5958
5206
5110
4832
4471
4451
4488
4650
4822
4493
4923
5433
5491
5839
6378
6549
6440
6960
7036
7344
7700
8135
7835
7704
7580
7414
6897
6314
6015
5480
4628
3971
3402
3332
3272
3268
3426
4221
5352
6187
7534
9144
11008
12259
12531
9656
4872
2338
1894
1757
1827
2218
2813
3799
6343
9439
15225
24459
17403
0
0
0
0
0
0
0
0
0
0
0
0
0
0
0
0
0
172
6548
7268
7205
6621
6326
5889
5450
4947
4443
4078
3469
3516
3390
3833
4204
4858
5406
5618
6560
6567
6187
6368
5983
5464
5076
4815
4496
4593
4480
4660
5074
4753
5216
5605
5807
6203
6470
6939
6825
6955
7183
7386
7333
7483
7861
7926
8347
8266
8575
8292
8176
7165
6679
6031
5344
4029
3388
3249
3296
3301
3396
4141
5226
6315
7764
9700
11524
12771
11919
7683
3508
2200
1693
1745
1892
2571
3236
4996
7715
12085
19637
28799
1106
0
0
0
0
0
0
0
0
0
0
0
0
0
0
0
0
2381
7128
6830
6966
6561
5939
5696
5178
4624
4129
3913
3556
3386
3647
4098
4546
5083
5420
6019
6466
6193
6323
5798
5672
5071
5023
4651
4511
4658
4844
4823
4892
5370
5704
6118
6068
6465
6847
6996
7292
7405
7287
7236
7394
7966
7928
8004
7880
8240
8202
8428
8786
8685
8049
7531
6509
5719
4374
3562
3291
3038
3381
3606
4279
5409
6322
7925
10434
11851
13053
10732
5792
2767
1862
1719
1781
2192
2775
3849
6412
9915
16026
26407
12889
0
0
0
0
0
0
0
0
0
0
0
0
0
0
0
0
5162
7006
6949
6712
6268
5718
5645
5080
4459
3975
3663
3444
3536
3943
4294
4740
5230
5674
6341
6337
6191
6031
5696
5426
4705
4756
4843
4512
4740
4715
5199
5757
5638
5736
6027
6833
6960
7421
7352
7179
7321
7309
7446
7321
7122
7112
7337
7322
7948
8483
8140
8342
8673
8902
8510
8063
7012
5797
4815
3606
3184
2892
3182
3519
4433
5763
6772
8613
10909
12943
12892
8587
3892
2197
1761
1734
1771
2457
3273
5015
7933
12959
21650
24355
0
0
0
0
0
0
0
0
0
0
0
0
0
0
0
596
6859
6825
6709
6627
5961
5453
5492
4867
4151
3830
3515
3558
3705
4204
4368
4979
5385
6118
6232
6339
6053
5804
5400
4886
4809
4729
4548
4950
4675
5279
5485
5712
5657
6415
6931
7179
6914
6974
6989
6693
6654
6595
6208
6219
6240
6161
6263
6872
6840
7227
7645
7703
8076
8344
8781
9088
8703
7541
5782
4639
3609
3159
3012
3192
3583
4883
6088
7013
10025
11891
13380
11552
5998
2797
1812
1756
1798
2112
2983
4163
6491
10646
18089
29228
4093
0
0
0
0
0
0
0
0
0
0
0
0
0
0
2860
6918
6615
6900
6407
5728
5533
5207
4567
3968
3753
3275
3602
3907
4437
4783
5341
5418
6146
6217
6278
5800
5604
5046
4931
4737
4587
4885
5057
5073
5433
6008
5771
6328
6824
6941
6764
6542
6300
6430
6296
6137
5706
5511
5687
5580
5021
5275
5552
5874
6204
6897
7408
7705
8453
8949
9329
9628
9216
7759
5796
4319
3436
3055
2940
3393
3981
5091
6649
8254
10608
12835
13000
8783
3813
2112
1772
1842
1925
2559
3459
5733
8981
15329
25246
15508
0
0
0
0
0
0
0
0
0
0
0
0
0
0
4871
6873
6551
6558
6233
5575
5362
4987
4327
3849
3694
3328
3947
4072
4519
4781
5283
5749
6127
6082
5914
5694
5264
4917
4880
4624
4428
5254
4899
5244
5732
6004
6111
6907
6712
6772
6401
6369
6081
5935
5691
5437
5045
5091
4961
5074
4809
4643
4740
5098
5213
5620
6202
7059
7344
8513
8900
9130
9557
9051
7604
5719
4001
3343
3068
2893
3454
4202
5725
7497
10178
11903
13531
11319
5591
2472
1777
1685
1829
2297
3027
4716
7597
12960
21398
24857
0
0
0
0
0
0
0
0
0
0
0
0
0
249
6384
6723
6481
6387
5771
5412
5229
4776
4152
3951
3494
3545
3800
4244
4664
5128
5322
6179
6074
6127
5970
5436
4900
4885
4843
4437
4897
5143
4994
5503
5925
5931
6424
6773
6714
6353
6093
5692
5755
5729
5290
5046
4969
4486
4538
4516
4535
4599
4563
4365
4653
4969
5217
5890
6756
7122
8245
8842
9732
9653
9194
7245
5089
3504
3119
2976
3134
3890
4729
6415
8439
11117
13281
12610
7984
3429
1993
1645
1798
2074
2761
3916
6829
10733
18274
30021
1764
0
0
0
0
0
0
0
0
0
0
0
0
1712
6580
6460
6360
6302
5695
5594
5081
4584
3968
3821
3523
3533
4174
4232
4663
5393
5525
6140
5884
6063
5714
5125
4927
4909
4475
4580
5082
5198
5252
5668
5890
6418
6828
6863
6208
6076
5566
5463
5627
5399
5040
4616
4565
4415
4398
4256
4660
4672
4887
4382
3977
3901
4354
4950
5213
6091
7307
8119
9696
9507
9486
8609
6350
4447
3250
3052
2973
3418
4261
5676
7363
10025
12816
13624
10637
4663
2273
1644
1742
2046
2449
3364
5804
9509
15762
27318
10391
0
0
0
0
0
0
0
0
0
0
0
0
3250
6546
6373
6282
6038
5369
5447
4859
4465
3931
3814
3486
3702
4106
4456
4800
5419
5583
6127
5960
5672
5447
5277
4755
4716
4534
4595
5175
5395
5450
5771
6218
6411
6408
6483
5904
5563
5425
5324
5540
5146
4526
4954
4786
4617
4426
4750
4717
4179
4330
4218
4084
4288
4111
4272
4680
5179
6268
7581
8482
9525
9513
9267
7770
5628
3735
3283
3002
3212
3835
5021
6661
9041
12195
13610
12315
6050
2686
1894
1661
1914
2173
3314
4922
8421
14313
23602
18366
0
0
0
0
0
0
0
0
0
0
0
0
4273
6647
6268
6158
6016
5302
5314
4761
4275
3949
3617
3459
3832
4200
4580
4946
5561
5499
5896
6034
5631
5332
4937
4884
4459
4849
4738
5266
5485
5667
5819
6286
6073
6713
6128
5655
5834
5089
5336
5191
4642
4983
5070
5061
5448
5287
5598
5631
5483
5059
4656
4789
4049
4045
3699
4081
4671
5070
6520
7008
8944
9608
9882
8590
6417
4652
3481
3012
3135
3200
4494
6040
7917
11074
13389
13641
7943
3176
2006
1680
1760
1983
2898
4336
7589
12693
21343
24206
0
0
0
0
0
0
0
0
0
0
0
0
5312
6532
6292
6132
5703
5337
5195
4656
4308
3745
3685
3663
3659
4309
4689
4958
5403
5627
5937
5828
5383
5258
4899
4789
4648
4491
5077
5369
5809
5428
5940
6409
6238
6550
5575
5498
5043
5271
5442
4926
4952
5131
5301
5867
5782
5857
5887
6366
5862
5699
5358
5040
4710
4377
4309
3981
4163
4569
6423
7141
7967
9123
9708
9546
7557
5402
3934
3155
3152
3273
4091
5472
7208
10153
12527
14138
9659
3812
2325
1703
1764
1822
2685
3967
6731
11639
19378
29235
0
0
0
0
0
0
0
0
0
0
0
235
6198
6353
6178
5940
5614
5170
5068
4541
4117
3695
3799
3667
3878
4303
4719
5100
5388
5693
5831
5873
5400
4995
4865
4635
4928
4487
5179
5313
5928
5454
6537
6195
5873
5916
5799
5413
4781
5097
5214
5008
5223
5594
5552
6218
6618
6285
6599
7420
6695
6683
6156
5403
5450
4459
4237
3849
3700
4285
4715
6155
7331
8402
9896
9775
8666
6056
4390
3521
3262
3134
3777
4793
6773
8900
12214
13908
11583
4741
2536
1834
1726
1790
2384
3754
6018
10605
18016
30682
2188
0
0
0
0
0
0
0
0
0
0
1017
6386
6393
6247
5715
5450
5139
5098
4381
4166
3573
3821
3770
4033
4273
4835
5238
5426
5531
5854
5739
5112
5118
5043
4644
4814
4616
5370
5499
5820
5625
6747
5994
5974
5587
5638
5274
4806
5129
5270
5255
5147
5748
6060
6613
7004
6878
7404
7050
7227
7741
6915
6833
6278
5088
4041
3908
3700
3898
4228
5399
6919
7626
9619
10324
9179
6829
5101
3730
3094
3166
3446
4335
6491
8271
11586
13532
12496
5819
2717
1898
1828
1609
2287
3255
5555
9621
16520
28972
7318
0
0
0
0
0
0
0
0
0
0
1652
6099
6268
6079
5772
5471
5195
5048
4370
4073
3427
3667
3724
4135
4567
4769
5437
5365
5697
5543
5774
5268
5082
4849
4679
4559
4890
5273
5632
5743
5862
6326
5586
5832
5664
5410
5218
4755
5368
5245
5620
5583
6434
6825
6714
6891
6679
6803
7232
7382
7957
8304
7945
7302
6403
4725
3882
3768
4014
3821
5148
5951
7372
8886
10694
9612
7698
5073
3837
3545
3051
3259
4158
6167
7799
10947
13502
13574
6789
2970
1964
1746
1680
2064
3133
5135
8950
15389
27001
11410
0
0
0
0
0
0
0
0
0
0
2299
6025
6239
5880
5762
5429
5157
4945
4196
4060
3487
3662
3627
4264
4377
4628
5509
5251
5594
5590
5742
5195
4927
4813
4596
4691
5013
5231
5558
5822
6132
6148
5476
5858
5362
5248
5383
5018
5305
5445
5861
6204
6691
6677
6304
6843
6517
6855
6872
8172
8093
8903
8157
7864
7364
6135
4321
3837
3894
4122
4473
5320
6681
8252
10412
10450
8081
6151
3960
3611
3067
3003
3896
5641
7706
10576
13337
13608
7894
3247
2096
1830
1730
1908
3046
4851
8447
14335
26117
14409
0
0
0
0
0
0
0
0
0
0
2635
6196
6237
5885
5571
5346
5061
4787
4273
4058
3640
3653
3738
4240
4411
4718
5513
5300
5578
5507
5476
5132
4855
5046
4809
4772
4892
5357
5539
6089
6055
5924
5406
5556
5407
5275
5199
5059
5572
5711
6481
6425
7289
6451
6557
5768
6365
6603
6891
7680
8297
8797
8709
7763
7462
6521
5131
4201
3969
4308
4447
5588
6536
7553
10129
10437
9110
6541
4483
3387
3195
3014
3809
5320
7486
10107
13164
13775
8476
3539
2122
1759
1779
1954
2842
4489
8385
13974
25212
16866
0
0
0
0
0
0
0
0
0
0
2858
5993
5925
5779
5475
5406
4862
4583
4162
3984
3757
3538
3656
4331
4344
4822
5177
5501
5527
5189
5553
4984
4983
4925
4665
4834
4948
5256
5779
5799
6014
5978
5474
5601
5225
5382
5050
5598
5479
5958
6590
7106
6917
6002
5989
5337
5250
5353
5862
6610
6689
8257
8022
9012
8278
7312
5645
3953
4043
3887
4027
5225
6241
7494
9660
10477
9183
6707
4552
3439
3222
3104
3652
5206
7108
10059
13177
14048
9117
3712
2221
1734
1799
1842
2806
4384
8045
13423
24067
18625
0
0
0
0
0
0
0
0
0
0
3118
6026
5996
5989
5498
5368
4892
4597
4043
4015
3544
3486
3758
4443
4333
4777
5308
5389
5444
5202
5390
4960
4912
4727
4997
4829
5143
5398
5603
6019
5967
6268
5395
5445
5325
5185
5241
5237
6006
5996
6679
7003
6544
5978
5408
4426
4156
5101
5214
5269
6376
7257
8696
8561
9051
7526
5641
4900
4110
3810
3983
4975
6125
7506
9893
10455
9537
6832
4595
3449
3069
3136
3485
4963
6905
9950
12849
14073
9145
3921
2115
1758
1761
1948
2850
4255
7883
13593
23485
19494
0
0
0
0
0
0
0
0
0
0
2992
6010
5965
5767
5518
5247
4844
4574
4152
4157
3587
3556
3788
4373
4541
4524
5359
5407
5622
5148
5434
4906
5136
4607
5023
4896
5044
5154
5528
6081
5803
5930
5303
5412
5283
5285
5483
5386
6308
6024
6597
7085
6617
5900
5392
3924
4162
4555
4081
4725
5998
7301
8332
9055
9189
7331
6585
4799
4126
4295
4177
4405
5819
7310
9955
10521
9801
6799
4757
3486
3091
3224
3474
4901
7009
9555
13175
14234
9157
3982
2240
1821
1689
1982
2836
4322
7718
13579
23877
19168
0
0
0
0
0
0
0
0
0
0
2952
5921
5866
5952
5340
5345
4849
4528
4156
4057
3590
3496
3959
4357
4496
4377
5205
5387
5590
5020
5457
5037
4838
4902
4991
5006
4906
5254
5504
5806
5792
5861
5583
5270
5086
5392
5118
5737
6166
6266
6608
6690
6447
5590
4641
4042
4043
3772
3455
4756
5342
7179
8271
8712
9057
8031
6009
4344
3408
3896
4109
4400
5804
7752
10063
10625
9922
6566
4838
3490
3029
3116
3755
4883
7193
9395
12923
14460
8936
3734
2208
1677
1791
1988
2874
4351
7655
13779
24151
18493
0
0
0
0
0
0
0
0
0
0
2608
5787
5769
5779
5393
5141
4896
4573
4123
4041
3662
3454
3832
4133
4466
4657
5075
5279
5363
5116
5457
5072
4843
4996
4856
4986
5094
5062
5528
5695
6067
5940
5435
5224
5212
5367
5364
5786
6453
6215
6891
6386
5857
5531
4832
3950
3162
3603
3691
4421
5406
7184
8788
8519
8636
7624
5981
4548
3790
3920
3842
4585
6174
7731
9513
10521
9634
6572
4536
3472
2933
3049
3669
4800
7327
9584
13221
14359
8951
3520
2176
1803
1771
2031
2761
4595
7863
14076
24877
17244
0
0
0
0
0
0
0
0
0
0
2244
5800
5913
5823
5493
4964
5165
4493
4294
3934
3759
3361
3862
4125
4418
4597
4986
5288
5472
5180
5461
5012
4711
4989
4847
4982
5095
5291
5526
5623
5802
5962
5632
5305
5409
4973
5345
5843
6261
6087
6085
6927
5928
5681
4637
4146
3352
3142
3259
4392
4829
6211
8122
8253
8742
7513
6318
4671
3391
3966
4006
4988
6486
8011
9481
10669
9593
6139
4481
3595
2795
3162
3588
5116
7088
10070
13352
14250
8142
3433
2126
1881
1691
2144
2872
4760
8141
14858
25904
15154
0
0
0
0
0
0
0
0
0
0
1823
5803
5833
5823
5325
5054
5093
4557
4095
4125
3846
3688
3763
4102
4590
4583
4780
5176
5551
5184
5296
5033
4856
4990
4977
4895
5124
5045
5701
5487
5993
5737
5638
5343
5387
5086
5153
5822
6155
6090
5909
6770
5942
5346
5292
4321
3861
3930
4083
4485
5048
6475
7917
8556
8206
7240
5362
4143
3583
3331
4198
5391
7126
8110
9638
10545
8816
5842
4077
3510
2894
3048
3928
5204
7404
10717
13724
14136
6993
3207
2101
1743
1807
2181
2965
5091
8378
15612
27273
11876
0
0
0
0
0
0
0
0
0
0
1096
5719
5790
5947
5279
5032
4989
4458
4159
3974
3720
3791
3734
4137
4500
4457
4918
5032
5680
5273
5344
5231
5007
4849
4941
4834
4916
5122
5300
5717
6082
5816
5655
5385
5350
5186
5498
5652
6022
6333
5720
6128
6086
5632
5514
4886
5036
4785
4985
5544
6589
6944
8177
9074
7559
6634
5058
3833
3609
3981
4863
5696
7157
8300
9784
10498
8526
5463
3965
3259
2971
3220
4129
5382
7780
11307
13994
13428
6287
2843
2239
1616
1805
2322
3135
5465
9083
16548
29308
7679
0
0
0
0
0
0
0
0
0
0
241
5874
5597
5766
5427
4985
4940
4612
4171
4063
3736
3771
3491
4017
4461
4458
4943
4921
5339
5249
5153
5321
4925
4776
4856
4826
5115
5067
5295
5680
5675
5932
5490
5057
5378
5085
5646
5464
5678
6485
6546
6126
5861
5486
5697
5193
5108
5289
5513
5991
6731
7567
7908
7757
6510
5515
4401
4341
3821
4150
5053
5996
7581
8664
9950
10070
7544
5128
3801
3203
3123
3318
4355
5776
8533
11606
14319
12109
5293
2651
2095
1820
1881
2145
3389
5985
9634
17785
31721
2218
0
0
0
0
0
0
0
0
0
0
0
5060
5662
5814
5396
4966
4975
4726
4199
4124
3709
3830
3633
3769
4491
4480
4735
5028
5209
5441
5112
5324
4845
4965
4775
4678
5047
5112
5443
5662
5495
5875
5661
5467
5460
5136
5157
5546
5600
5849
6659
6389
6170
5580
6103
5474
5471
6241
6512
6631
7395
8220
7720
7036
6224
5500
4595
4277
3808
4530
4944
6138
8848
9438
10060
9329
6578
4612
3654
3078
3195
3544
4533
6331
9561
12349
14399
10896
4582
2411
1881
1734
1999
2468
3672
6348
10959
19404
30234
0
0
0
0
0
0
0
0
0
0
0
0
4127
5627
5765
5460
5117
4854
4897
4274
4047
3650
3724
3739
3607
4170
4513
4701
4943
5042
5491
5136
5186
4954
5089
4703
5028
4844
4930
5464
5352
5694
6055
5556
5593
5491
5107
4884
5489
5545
6075
5977
6748
6608
6018
6921
6705
6364
7332
6983
7416
7901
7795
6769
6398
5469
5347
4785
4261
4559
4998
5906
7117
8750
9895
9844
8627
5929
4111
3667
2894
3066
3847
5061
7203
9982
12940
14099
9207
3678
2220
1891
1863
2033
2657
4070
7072
12309
21647
25622
0
0
0
0
0
0
0
0
0
0
0
0
2971
5615
5760
5562
5197
4946
4755
4484
4222
3609
3590
3854
3600
4116
4383
4612
4726
4933
5485
5096
5052
5299
4884
4992
4811
4872
4820
5305
5280
5678
6088
5434
5620
5709
5690
5390
4911
5345
5577
6049
6937
6253
6685
6741
6791
7150
6716
7259
7460
7155
7357
6432
5466
5315
4818
4275
4180
4356
5208
6493
7790
9214
10348
9231
7358
5342
3978
3393
2874
3187
4143
5675
8187
11095
13791
13184
7296
3165
2027
1869
1873
2097
2775
4522
8161
13959
23805
19042
0
0
0
0
0
0
0
0
0
0
0
0
1679
5804
5694
5711
5131
5021
4818
4475
4106
3789
3738
3793
3636
3866
4327
4579
4802
4787
5447
5110
4803
4911
4813
4957
5061
4946
4755
5127
5337
5653
5889
5753
5705
5398
5469
5617
5374
5120
5471
5609
5976
6362
6551
7382
7311
7239
6841
7134
6929
6900
6369
5723
4957
4812
4362
4508
4651
4857
6157
7118
8589
9574
9464
8757
6089
4452
3752
3161
3031
3538
4357
6368
9318
12102
14187
11967
5516
2688
2047
1793
1783
2124
3169
5171
9088
15798
27889
11170
0
0
0
0
0
0
0
0
0
0
0
0
209
5761
5629
5690
5299
4913
4910
4597
4212
4045
3698
3657
3757
3642
4143
4419
4858
4865
5077
5300
4997
4944
4938
5013
5050
4877
4899
5094
5301
5416
5672
5905
5764
5576
5443
5632
5411
5490
5077
5190
5909
6130
6328
6724
6785
6568
6904
6638
6176
6076
5875
5131
4891
4668
4177
4377
4961
5301
7060
8241
9293
9613
9199
7206
5102
4172
3441
3096
3334
3929
5261
7097
10521
13108
13716
9700
4121
2321
2122
1737
1891
2293
3705
6080
10750
18766
31094
1865
0
0
0
0
0
0
0
0
0
0
0
0
0
4354
5742
5596
5330
5041
4831
4602
4337
4073
3809
3671
3894
3733
3877
4379
4798
4844
4947
5191
5168
5023
4869
4700
4939
5162
4838
5203
4885
5352
5347
5402
5945
5705
5396
5579
5258
5454
5407
5129
5228
5509
5353
6027
6279
6397
6447
5875
5600
5616
5420
4906
4450
4654
4686
5301
5609
6671
7669
8642
9799
9188
8251
5741
4349
3736
3312
3210
3574
4504
6110
8520
11050
13630
13343
7149
3112
2287
1906
1685
1989
2649
4349
6961
12363
22022
25678
0
0
0
0
0
0
0
0
0
0
0
0
0
0
2531
5936
5346
5396
5230
5016
4522
4253
4089
3907
3638
3521
3902
3902
4047
4456
4920
4813
4844
5150
5150
4979
4945
4560
4984
4937
4957
5271
5055
5390
5237
5848
5648
5595
5539
5407
5343
5068
5231
5387
5053
5210
5488
5528
5831
5731
5744
5459
4955
4780
4537
4518
4821
5131
5401
6338
7799
8834
9513
9382
8784
6673
4751
4151
3443
3455
3335
3774
5189
6727
9956
12313
14252
11374
4876
2524
2066
1771
1688
2263
2976
5003
8395
14874
26230
16114
0
0
0
0
0
0
0
0
0
0
0
0
0
0
608
5879
5697
5440
5040
5070
4790
4591
4207
3952
3836
3552
3713
4010
4032
4306
4715
5034
4961
5040
5225
5022
4938
4645
4684
4850
4928
5146
5383
5275
5370
5576
5802
5456
5666
5317
5626
5570
5214
5047
5173
5310
5186
5254
5557
5305
5245
5120
5158
5222
4785
5177
5348
6041
6304
7340
8588
9038
9315
8980
6536
5301
4060
3604
3356
3443
3707
4263
6236
7991
10992
13414
13729
7955
3608
2418
2035
1692
1936
2360
3634
5751
10371
18192
31139
4330
0
0
0
0
0
0
0
0
0
0
0
0
0
0
0
4552
5835
5440
5301
5180
4775
4610
4185
4064
3882
3740
3667
3892
4181
4122
4625
4852
4960
4799
5096
5236
5060
4959
4746
4874
4838
4976
5297
5152
5301
5397
5738
5696
5579
5403
5524
5348
5365
5097
4893
5236
4907
5112
5116
4787
4916
4706
4817
4894
5132
5315
5739
6342
7188
8109
9121
9222
8701
6726
5650
4297
3967
3499
3361
3622
4006
5451
7231
9782
12484
13974
11056
5489
2831
2083
1717
1741
2157
2631
4593
7261
12657
22677
26048
0
0
0
0
0
0
0
0
0
0
0
0
0
0
0
0
2204
5951
5657
5310
5113
4882
4624
4404
4134
3904
3634
3637
3537
4221
3962
4433
4703
5046
4920
5026
5027
5067
5036
4781
4776
4885
5026
5187
5562
5322
5053
5526
6169
5819
5540
5304
5577
5630
5230
5565
5449
5068
5254
4887
4681
4857
4968
5345
5237
5629
6371
6742
7921
8469
8782
9462
8552
6978
5704
4758
3923
3424
3406
3247
3725
4720
6425
8457
11188
13890
13280
7858
3723
2422
1885
1714
1930
2340
3431
5591
8749
15828
27351
13859
0
0
0
0
0
0
0
0
0
0
0
0
0
0
0
0
197
5703
5593
5426
5287
4769
4639
4638
4058
3893
3920
3728
3369
3968
4146
4070
4642
4973
5086
4877
5009
5101
4910
5003
4780
4799
4803
4895
5365
5591
5427
5213
5557
5837
5865
5747
5329
5592
5485
5221
5509
5630
5641
5419
5691
5625
5675
5794
6336
6470
6762
7729
8213
8589
8782
8041
6675
5471
4753
3962
3640
3460
3233
3710
4386
5893
7993
10604
13046
13698
9956
4845
2919
1995
1825
1720
2118
2665
4397
6646
11789
19771
30299
1208
0
0
0
0
0
0
0
0
0
0
0
0
0
0
0
0
0
3166
5947
5654
5385
5060
4751
4695
4304
4055
3835
3663
3625
3468
4254
3977
4515
4695
4909
4984
4905
5258
5236
4991
5108
4657
4914
4880
4891
5460
5770
5636
5821
5632
5836
6041
5897
5803
5727
5776
5532
5930
5932
5942
5752
6006
6502
6714
7036
7511
8131
8278
8418
8308
7355
6453
5502
4571
3714
3408
3462
3532
3832
4518
5427
7292
9829
12137
13591
11843
6402
3408
2352
1870
1839
1951
2460
3223
5408
8699
14667
25615
18653
0
0
0
0
0
0
0
0
0
0
0
0
0
0
0
0
0
0
475
6035
5756
5594
5235
5002
4639
4500
4072
3961
3770
3698
3451
3660
4154
4264
4581
4881
5032
5013
4961
5073
5177
4805
5019
4717
5131
4672
4990
5433
5734
5620
5682
5862
5830
6100
6079
6254
5822
5976
6121
6050
6453
6830
6963
6933
7510
7727
7963
8386
8303
7846
6874
5915
5162
4362
3886
3742
3871
3533
3655
4370
4964
7268
8978
11442
13356
12971
8168
4005
2817
1951
1708
1876
2133
2741
4256
6706
11158
19332
31166
3391
0
0
0
0
0
0
0
0
0
0
0
0
0
0
0
0
0
0
0
3391
5890
5596
5473
5009
4764
4501
4355
3893
3875
3752
3664
3439
3929
4182
4490
4703
4811
5235
4896
5069
5012
5044
4957
5032
4866
4950
4791
4960
5415
5651
5566
5619
5886
6076
6099
6401
6419
6217
6241
6497
6820
6685
6861
7255
7844
7734
7694
7678
6614
6144
5421
5041
4407
3939
3710
3744
3594
3832
4310
5220
6609
8522
10973
13111
13198
9287
4956
3074
2270
1818
1845
2109
2507
3370
5478
8960
15050
25459
19797
0
0
0
0
0
0
0
0
0
0
0
0
0
0
0
0
0
0
0
0
412
6018
5940
5625
5064
5007
4792
4407
4042
3977
3668
3768
3521
3601
4147
4348
4639
4743
5036
5205
4983
4960
4982
4941
5037
5017
4947
4701
4948
4861
5255
5328
5536
5849
5857
6191
6492
6688
7046
7106
6979
7016
7195
7416
7476
7166
7113
6776
5963
5641
5045
4392
4452
3847
3918
3904
3657
3703
4304
5307
6670
8451
10417
12657
12900
10482
5775
3537
2349
2000
1984
1963
2277
2753
4312
7231
11763
20674
30520
2794
0
0
0
0
0
0
0
0
0
0
0
0
0
0
0
0
0
0
0
0
0
2930
6554
5618
5269
5038
4830
4778
4444
4140
3802
3706
3580
3441
3656
4193
4335
4565
4726
5251
5146
5054
5038
4844
4909
5006
5030
4943
5004
4899
4937
5078
5191
5482
5666
5695
5561
5621
5899
6351
6352
6413
6430
6316
6292
5727
5508
5120
4949
4540
4428
4085
3989
3821
3696
3690
4089
4690
5690
6521
8417
10557
12549
12841
11162
6331
3736
2463
2112
1865
1983
2104
2612
3746
6084
9719
16288
27504
16451
0
0
0
0
0
0
0
0
0
0
0
0
0
0
0
0
0
0
0
0
0
0
93
5443
6150
5580
5265
4780
4780
4508
4455
3829
3802
3671
3534
3387
3703
4138
4558
4785
4880
5176
5062
5153
5146
5058
5099
4812
4999
4919
4760
5003
5012
4971
5233
5528
5244
5436
5367
5363
5380
5439
5439
5389
5430
5024
4954
4762
4562
4366
4119
3816
3793
3975
3923
4033
4414
4932
6069
6887
8500
10607
12269
13027
11350
6615
3797
2760
2117
2074
1971
2012
2431
3506
5332
8206
13301
22385
28046
615
0
0
0
0
0
0
0
0
0
0
0
0
0
0
0
0
0
0
0
0
0
0
0
1409
6694
5614
5293
5168
4881
4759
4418
4304
3795
3808
3708
3240
3401
3785
4271
4588
4976
4882
5290
5099
5347
5068
5036
5382
5080
4824
5074
4878
4752
5026
4908
4727
5117
5116
5048
5078
4633
4895
4808
4890
4687
4824
4545
4668
4526
4329
4358
4450
4389
4298
4354
4772
5063
6245
7336
8635
10781
12108
12946
10738
6621
3895
2866
2293
1965
1966
1907
2297
3116
4692
7292
11236
18948
30523
7901
0
0
0
0
0
0
0
0
0
0
0
0
0
0
0
0
0
0
0
0
0
0
0
0
0
3950
6382
5638
5336
5098
4717
4680
4550
4238
3682
3794
3600
3386
3457
3893
4143
4869
4912
5147
5248
5024
5106
5226
4946
5248
5192
4911
5014
5164
4990
4725
4813
4695
4739
4662
4834
5092
4838
4747
4604
4621
4447
4465
4119
4147
4049
4032
4004
4250
4459
4967
5375
6490
7930
8852
10882
12478
12536
10155
6532
3926
2846
2339
1849
1931
1884
2258
2865
4394
6577
10136
16280
26467
19089
0
0
0
0
0
0
0
0
0
0
0
0
0
0
0
0
0
0
0
0
0
0
0
0
0
0
136
5957
6196
5533
5241
5030
4658
4602
4555
4080
3535
3879
3556
3433
3479
3795
4126
4936
5167
5293
5285
5238
5244
5456
5139
5047
5192
5078
4969
4913
4982
4975
4916
4957
5017
4807
4595
4671
4467
4498
4632
4478
4319
4456
4282
4329
4297
4693
5086
5717
6297
7258
8655
10066
11386
12299
11874
9119
5814
3792
2694
2285
1927
1863
2106
2405
2879
4197
5864
9115
14290
23560
27010
724
0
0
0
0
0
0
0
0
0
0
0
0
0
0
0
0
0
0
0
0
0
0
0
0
0
0
0
919
6696
6236
5527
5155
4885
4704
4565
4400
4018
3734
3719
3499
3378
3529
3616
4038
4836
5166
5532
5678
5494
5410
5321
5425
5099
5157
5234
5064
4976
4883
4941
4949
5132
4864
4886
4811
4625
4440
4457
4572
4844
4663
4630
5009
5230
5685
6350
6992
8332
9504
11077
11740
12254
10973
7724
4924
3552
2757
2292
2001
1993
2173
2262
2957
4128
5521
8578
13261
21088
29946
4473
0
0
0
0
0
0
0
0
0
0
0
0
0
0
0
0
0
0
0
0
0
0
0
0
0
0
0
0
0
2054
7230
6239
5357
5273
4901
4691
4747
4432
3987
3730
3589
3572
3492
3527
3707
3890
4742
5291
5360
5819
5950
5847
5626
5705
5366
5429
5625
5228
5180
5244
5190
5160
5355
5301
5267
5254
5268
5057
5116
5307
5584
6132
6370
6966
7568
8178
9196
10195
11036
11812
11846
9167
6159
4261
3358
2708
2243
2063
2109
2124
2356
3050
4108
5256
8158
12338
19513
29816
9435
0
0
0
0
0
0
0
0
0
0
0
0
0
0
0
0
0
0
0
0
0
0
0
0
0
0
0
0
0
0
0
2951
7297
6361
5677
5375
4837
4638
4817
4352
3973
3750
3731
3664
3342
3343
3651
3749
4411
4919
5158
5774
6094
6214
6348
6003
6108
5953
5859
5798
5845
5903
5589
5427
5479
5736
5943
6000
6038
6092
6539
6867
7337
7796
8802
9383
10480
11248
11924
11682
9764
7014
4969
3806
3102
2734
2208
2023
2085
2281
2522
3177
3979
5450
7822
12054
19228
28848
13603
0
0
0
0
0
0
0
0
0
0
0
0
0
0
0
0
0
0
0
0
0
0
0
0
0
0
0
0
0
0
0
0
0
3701
7381
6362
5808
5484
4931
4646
4751
4355
4107
3680
3649
3756
3521
3337
3395
3571
3948
4472
5006
5626
6076
6261
6327
6324
6349
6411
6431
6497
6306
6399
6577
6615
6557
6743
6954
7309
7846
8118
8985
9116
9782
10095
10678
11005
11136
9418
6971
5324
4107
3241
2743
2394
2033
1970
2163
2380
2517
3317
4243
5653
8114
12371
18835
27875
16405
0
0
0
0
0
0
0
0
0
0
0
0
0
0
0
0
0
0
0
0
0
0
0
0
0
0
0
0
0
0
0
0
0
0
0
4072
7576
6506
5871
5295
5097
4669
4735
4503
4042
3859
3597
3669
3620
3368
3331
3485
3565
4001
4464
4974
5817
6218
6717
6837
7030
7087
6817
7205
7372
7576
7470
7688
8107
8288
8819
8994
9666
9670
10017
9937
9997
9366
7971
6263
5128
4104
3452
2772
2509
2336
2053
2104
2245
2432
2854
3607
4711
5991
8515
12442
19117
27667
17103
0
0
0
0
0
0
0
0
0
0
0
0
0
0
0
0
0
0
0
0
0
0
0
0
0
0
0
0
0
0
0
0
0
0
0
0
0
3962
7979
6668
6145
5740
5040
4783
4664
4557
4096
4013
3677
3658
3710
3442
3380
3575
3583
3713
4037
4247
4575
5214
5669
6240
6693
7199
7580
7880
7875
8342
8464
8825
8760
9203
9085
9175
8836
8290
7446
6496
5419
4550
4091
3576
2899
2717
2478
2399
2150
2246
2374
2522
3113
3686
4803
6450
8986
12848
18963
28454
16259
0
0
0
0
0
0
0
0
0
0
0
0
0
0
0
0
0
0
0
0
0
0
0
0
0
0
0
0
0
0
0
0
0
0
0
0
0
0
0
3387
8231
6920
6401
5711
5207
4864
4836
4614
4149
4065
3882
3577
3890
3668
3357
3409
3448
3590
3731
4005
3992
4109
4395
4713
5148
5412
5825
6421
6635
6918
6847
6613
6167
5991
5461
4932
4438
4239
3997
3626
3276
2826
2677
2535
2392
2393
2275
2279
2580
2725
3428
4197
5219
7037
9747
14113
20497
28970
13028
0
0
0
0
0
0
0
0
0
0
0
0
0
0
0
0
0
0
0
0
0
0
0
0
0
0
0
0
0
0
0
0
0
0
0
0
0
0
0
0
0
2264
8320
7439
6640
6108
5414
5105
4916
4786
4373
4190
4011
3616
3670
3828
3554
3257
3368
3475
3570
3838
3950
4029
3913
4028
4127
4077
4146
4070
4130
4235
4291
4269
3971
3835
3564
3533
3320
2892
2808
2563
2522
2558
2349
2344
2543
2521
2799
3108
3822
4804
6082
8169
11140
15859
22658
28160
9114
0
0
0
0
0
0
0
0
0
0
0
0
0
0
0
0
0
0
0
0
0
0
0
0
0
0
0
0
0
0
0
0
0
0
0
0
0
0
0
0
0
0
0
1066
7460
8285
7060
6391
5742
5256
5010
4834
4584
4471
4146
3799
3754
3639
3714
3370
3385
3370
3436
3546
3365
3444
3492
3524
3460
3592
3519
3432
3449
3273
3269
3389
3230
3090
3078
2923
2797
2700
2602
2628
2658
2682
2712
2854
3281
3716
4375
5579
6971
9421
12855
18043
25035
24670
4033
0
0
0
0
0
0
0
0
0
0
0
0
0
0
0
0
0
0
0
0
0
0
0
0
0
0
0
0
0
0
0
0
0
0
0
0
0
0
0
0
0
0
0
0
0
165
5275
9154
7984
7129
6406
5770
5338
4990
4790
4602
4363
4039
3791
3836
3732
3537
3462
3472
3326
3326
3431
3350
3392
3494
3383
3285
3083
3175
3114
3115
2946
2731
2803
2768
2722
2679
2615
2558
2617
2720
2918
3328
3700
4309
5286
6606
8416
11264
15117
20675
27663
17119
622
0
0
0
0
0
0
0
0
0
0
0
0
0
0
0
0
0
0
0
0
0
0
0
0
0
0
0
0
0
0
0
0
0
0
0
0
0
0
0
0
0
0
0
0
0
0
0
0
2213
8613
9199
7835
7024
6242
5975
5363
5100
4667
4764
4586
4122
3938
3987
3846
3661
3489
3537
3383
3275
3165
3262
3215
3333
3255
3244
3093
3051
2999
2871
2872
2800
2874
2973
3162
3343
3390
3512
3973
4505
5412
6618
8144
10517
13893
18166
24324
25505
7539
0
0
0
0
0
0
0
0
0
0
0
0
0
0
0
0
0
0
0
0
0
0
0
0
0
0
0
0
0
0
0
0
0
0
0
0
0
0
0
0
0
0
0
0
0
0
0
0
0
0
0
166
5070
10160
9452
8279
7231
6573
6085
5563
5202
4931
4946
4587
4202
4210
4209
4068
3803
3687
3671
3695
3611
3482
3321
3274
3253
3350
3246
2965
3181
3143
3173
3399
3555
3878
3934
4359
4836
5846
6849
8642
10924
13309
17113
22580
27478
14849
530
0
0
0
0
0
0
0
0
0
0
0
0
0
0
0
0
0
0
0
0
0
0
0
0
0
0
0
0
0
0
0
0
0
0
0
0
0
0
0
0
0
0
0
0
0
0
0
0
0
0
0
0
0
0
849
6521
11062
10124
8595
7613
6982
6588
5921
5572
5343
5295
4960
4681
4636
4383
4292
4196
4135
4104
4038
3879
4006
3767
3893
3860
3900
4073
4143
4494
4557
4880
5196
5641
6496
7887
9443
11055
13803
17202
22337
26978
17502
2531
0
0
0
0
0
0
0
0
0
0
0
0
0
0
0
0
0
0
0
0
0
0
0
0
0
0
0
0
0
0
0
0
0
0
0
0
0
0
0
0
0
0
0
0
0
0
0
0
0
0
0
0
0
0
0
0
0
0
1121
6707
11925
11491
9752
8694
7912
7434
6983
6289
6094
5941
5633
5209
5045
4999
5077
4903
4893
4666
4897
4807
4942
4946
5202
5434
5555
5800
6443
7021
7744
9251
10863
12680
15308
18553
23088
26150
16481
2841
0
0
0
0
0
0
0
0
0
0
0
0
0
0
0
0
0
0
0
0
0
0
0
0
0
0
0
0
0
0
0
0
0
0
0
0
0
0
0
0
0
0
0
0
0
0
0
0
0
0
0
0
0
0
0
0
0
0
0
0
0
0
456
5519
10680
13283
11766
10387
9714
8989
8601
7677
7569
7179
6993
6753
6342
6277
6326
6338
6385
6798
6763
7376
7502
7981
8539
9151
10028
11300
13351
15204
18060
21546
25849
22314
12174
1168
0
0
0
0
0
0
0
0
0
0
0
0
0
0
0
0
0
0
0
0
0
0
0
0
0
0
0
0
0
0
0
0
0
0
0
0
0
0
0
0
0
0
0
0
0
0
0
0
0
0
0
0
0
0
0
0
0
0
0
0
0
0
0
0
0
0
0
2019
7221
11705
14587
13891
12850
12240
11141
10521
10021
9890
9798
9459
9241
9399
9406
9851
10139
10650
11324
12269
13379
15187
17042
19371
22006
24921
21194
13639
3898
0
0
0
0
0
0
0
0
0
0
0
0
0
0
0
0
0
0
0
0
0
0
0
0
0
0
0
0
0
0
0
0
0
0
0
0
0
0
0
0
0
0
0
0
0
0
0
0
0
0
0
0
0
0
0
0
0
0
0
0
0
0
0
0
0
0
0
0
0
0
0
0
0
910
4982
8954
12591
15734
17275
16108
15928
15832
15566
15252
15375
16017
16488
17441
18266
19260
21037
23112
22404
19154
14510
8529
1622
0
0
0
0
0
0
0
0
0
0
0
0
0
0
0
0
0
0
0
0
0
0
0
0
0
0
0
0
0
0
0
0
0
0
0
0
0
0
0
0
0
0
0
0
0
0
0
0
0
0
0
0
0
0
0
0
0
0
0
0
0
0
0
0
0
0
0
0
0
0
0
0
0
0
0
0
0
0
0
0
0
1250
4336
6713
8611
10324
11590
12539
12801
12315
11604
10648
8800
5574
1723
0
0
0
0
0
0
0
0
0
0
0
0
0
0
0
0
0
0
0
0
0
0
0
0
0
0
0
0
0
0
0
0
0
0
0
0
0
0
0
0
0
0
0
0
0
0
0
0
0
0
0
0
0
0
0
0
0
0
0
0
0
0
0
0
0
0
0
0
0
0
0
0
0
0
0
0
0
0
0
0
0
0
0
0
0
0
0
0
0
0
0
0
0
0
0
0
0
0
0
0
0
0
0
0
0
0
0
0
0
0
0
0
0
0
0
0
0
0
0
0
0
0
0
0
0
0
0
0
0
0
0
0
0
0
0
0
0
0
0
0
0
0
0
0
0
0
0
0
0
0
0
0
0
0
0
0
0
0
0
0
0
0
0
0
0
0
0
0
0
0
0
0
0
0
0
0
0
0
0
0
0
0
0
0
0
0
0
0
0
0
0
0
0
0
0
0
0
0
0
0
0
0
0
0
0
0
0
0
0
0
0
0
0
0
0
0
0
0
0
0
0
0
0
0
0
0
0
0
0
0
0
0
0
0
0
0
0
0
0
0
0
0
0
0
0
0
0
0
0
0
0
0
0
0
0
0
0
0
0
0
0
0
0
0
0
0
0
0
0
0
0
0
0
0
0
0
0
0
0
0
0
0
0
0
0
0
0
0
0
0
0
0
0
0
0
0
0
0
0
0
0
0
0
0
0
0
0
0
0
0
0
0
0
0
0
0
0
0
0
0
0
0
0
0
0
0
0
0
0
0
0
0
0
0
0
0
0
0
0
0
0
0
0
0
0
0
0
0
0
0
0
0
0
0
0
0
0
0
0
0
0
0
0
0
0
0
0
0
0
0
0
0
0
0
0
0
0
0
0
0
0
0
0
0
0
0
0
0
0
0
0
0
0
0
0
0
0
0
0
0
0
0
0
0
0
0
0
0
0
0
0
0
0
0
0
0
0
0
0
0
0
0
0
0
0
0
0
0
0
0
0
0
0
0
0
0
0
0
0
0
0
0
0
0
0
0
0
0
0
0
0
0
0
0
0
0
0
0
0
0
0
0
0
0
0
0
0
0
0
0
0
0
0
0
0
0
0
0
0
0
0
0
0
0
0
0
0
0
0
0
0
0
0
0
0
0
0
0
0
0
0
0
0
0
0
0
0
0
0
0
0
0
0
0
0
0
0
0
0
0
0
0
0
0
0
0
0
0
0
0
0
0
0
0
0
0
0
0
0
0
0
0
0
