./RotationSim r 55
0
0
0
0
0
0
0
0
0
0
0
0
0
0
0
0
0
0
0
0
0
0
0
0
0
0
0
0
0
0
0
0
0
0
0
0
0
0
0
0
0
0
0
0
0
0
0
0
0
0
0
0
0
0
0
0
0
0
0
0
0
0
0
0
0
0
0
0
0
0
0
0
0
0
0
0
0
0
0
0
0
0
0
0
0
0
0
0
0
0
0
0
0
0
0
0
0
0
0
0
0
0
0
0
0
0
0
0
0
0
0
0
0
0
0
0
0
0
0
0
0
0
0
0
0
0
0
0
0
0
0
0
0
0
0
0
0
0
0
0
0
0
0
0
0
0
0
0
0
0
0
0
0
0
0
0
0
0
0
0
0
0
0
0
0
0
0
0
0
0
0
0
0
0
0
0
0
0
0
0
0
0
0
0
0
0
0
0
0
0
0
0
0
0
0
0
0
0
0
0
0
0
0
0
0
0
0
0
0
0
0
0
0
0
0
0
0
0
0
0
0
0
0
0
0
0
0
0
0
0
0
0
0
0
0
0
0
0
0
0
0
0
0
0
0
0
0
0
0
0
0
0
0
0
0
0
0
0
0
0
0
0
0
0
0
0
0
0
0
0
0
0
0
0
0
0
0
0
0
0
0
0
0
0
0
0
0
0
0
0
0
0
0
0
0
0
0
0
0
0
0
0
0
0
0
0
0
0
0
0
0
0
0
0
0
0
0
0
0
0
0
0
0
0
0
0
0
0
0
0
0
0
0
0
0
0
0
0
0
0
0
0
0
0
0
0
0
0
0
0
0
0
0
0
0
0
0
0
0
0
0
0
0
0
0
0
0
0
0
0
0
0
0
0
0
0
0
0
0
0
0
0
0
0
0
0
0
0
0
0
0
0
0
0
0
0
0
0
0
0
0
0
0
0
0
0
0
0
0
0
0
0
0
0
0
0
0
0
0
0
0
0
0
0
0
0
0
0
0
0
0
0
0
0
0
0
0
0
0
0
0
0
0
0
0
0
0
0
0
0
0
0
0
0
0
0
0
0
0
0
0
0
0
0
0
0
0
0
0
0
0
0
0
0
0
0
0
0
0
0
0
0
0
0
0
0
0
0
0
0
0
0
0
0
0
0
0
0
0
0
0
0
0
0
0
0
0
0
0
0
0
0
0
0
0
0
0
0
0
0
0
0
0
0
0
0
0
0
0
0
0
0
0
0
0
0
0
0
0
0
0
0
0
1341
6185
10899
14944
18300
20628
21843
22445
22178
21012
18611
15037
9449
2211
0
0
0
0
0
0
0
0
0
0
0
0
0
0
0
0
0
0
0
0
0
0
0
0
0
0
0
0
0
0
0
0
0
0
0
0
0
0
0
0
0
0
0
0
0
0
0
0
0
0
0
0
0
0
0
0
0
0
0
0
0
0
0
0
0
0
0
0
0
0
0
0
0
0
0
0
0
0
0
0
0
930
7913
16052
23450
30391
34422
34580
33645
32656
31601
31236
31327
31487
32258
33055
34883
37299
40927
44933
42525
36751
27884
15766
2103
0
0
0
0
0
0
0
0
0
0
0
0
0
0
0
0
0
0
0
0
0
0
0
0
0
0
0
0
0
0
0
0
0
0
0
0
0
0
0
0
0
0
0
0
0
0
0
0
0
0
0
0
0
0
0
0
0
0
0
0
0
0
0
0
0
0
0
0
0
0
0
0
0
2481
11509
21379
29662
30342
28875
27075
24520
22739
20473
18361
16986
15698
14867
14150
13317
13470
13817
14720
15470
17094
19179
22132
26350
32612
40046
48280
41336
26903
6847
0
0
0
0
0
0
0
0
0
0
0
0
0
0
0
0
0
0
0
0
0
0
0
0
0
0
0
0
0
0
0
0
0
0
0
0
0
0
0
0
0
0
0
0
0
0
0
0
0
0
0
0
0
0
0
0
0
0
0
0
0
0
0
0
0
0
0
488
8316
19516
27335
27951
25843
23346
21169
18049
15404
12676
10602
9053
7709
6764
5654
5350
5049
5003
4822
4804
5064
5191
5637
6327
7397
9178
11331
14054
18545
25033
34932
48339
44076
24412
1848
0
0
0
0
0
0
0
0
0
0
0
0
0
0
0
0
0
0
0
0
0
0
0
0
0
0
0
0
0
0
0
0
0
0
0
0
0
0
0
0
0
0
0
0
0
0
0
0
0
0
0
0
0
0
0
0
0
0
0
0
0
0
1339
11296
22925
26528
24909
22584
20049
16944
13177
10742
8542
6810
5624
4414
3502
3199
2798
2410
2272
1998
1873
1780
1766
1855
1976
2184
2438
2813
3092
3773
4576
5874
8243
11456
16644
24770
39036
50997
34266
5602
0
0
0
0
0
0
0
0
0
0
0
0
0
0
0
0
0
0
0
0
0
0
0
0
0
0
0
0
0
0
0
0
0
0
0
0
0
0
0
0
0
0
0
0
0
0
0
0
0
0
0
0
0
0
0
0
0
0
1104
10942
22837
24788
23183
21065
18377
14072
10789
8475
6668
4928
3837
2832
2103
1617
1422
1310
1095
1044
861
914
962
874
888
943
946
882
892
1058
1074
1243
1598
2058
2744
3906
5402
8344
12344
19307
33144
52309
37068
4963
0
0
0
0
0
0
0
0
0
0
0
0
0
0
0
0
0
0
0
0
0
0
0
0
0
0
0
0
0
0
0
0
0
0
0
0
0
0
0
0
0
0
0
0
0
0
0
0
0
0
0
0
0
0
183
7852
20402
23795
22495
20221
17150
12986
10115
7406
5445
4010
2706
1842
1378
1161
1116
1034
968
861
1056
1105
1022
1058
1064
1106
1069
1019
938
870
819
759
792
746
728
849
968
1293
1706
2684
4023
6383
10180
17936
32818
53235
32458
961
0
0
0
0
0
0
0
0
0
0
0
0
0
0
0
0
0
0
0
0
0
0
0
0
0
0
0
0
0
0
0
0
0
0
0
0
0
0
0
0
0
0
0
0
0
0
0
0
0
0
0
3291
15836
22442
21844
19992
17376
13261
9925
7234
4994
3484
2176
1602
1396
1248
1055
1004
1103
1259
1453
1720
1945
2041
2178
2411
2419
2435
2492
2188
2184
2012
1735
1702
1396
1093
871
748
729
723
773
933
1266
2024
3565
5862
10032
18892
38417
53106
16517
0
0
0
0
0
0
0
0
0
0
0
0
0
0
0
0
0
0
0
0
0
0
0
0
0
0
0
0
0
0
0
0
0
0
0
0
0
0
0
0
0
0
0
0
0
0
0
0
195
8402
19706
21661
20358
18019
14228
10305
7783
4896
3280
2127
1546
1257
1124
1097
1286
1524
1907
2160
2556
2958
3356
3530
3597
3728
3859
3949
3779
3842
3926
3848
3640
3501
3308
2932
2507
2064
1681
1446
1009
810
682
684
772
1079
1851
3264
6060
11333
23778
50936
39304
1149
0
0
0
0
0
0
0
0
0
0
0
0
0
0
0
0
0
0
0
0
0
0
0
0
0
0
0
0
0
0
0
0
0
0
0
0
0
0
0
0
0
0
0
0
0
1514
13345
20764
21065
18692
15952
11964
8674
5811
3624
2441
1586
1344
1179
1212
1439
1821
2202
2730
3276
3825
3874
4061
4475
4287
4438
4299
4326
4415
4467
4560
4466
4754
4712
4691
4669
4516
4602
4023
3608
2824
2186
1577
1233
927
833
646
719
1123
1918
3759
7484
15687
36802
54706
9722
0
0
0
0
0
0
0
0
0
0
0
0
0
0
0
0
0
0
0
0
0
0
0
0
0
0
0
0
0
0
0
0
0
0
0
0
0
0
0
0
0
0
0
3273
15447
20825
20147
17392
14128
10389
7476
4642
2872
1754
1305
1262
1358
1581
2006
2551
3192
3838
4109
4228
4340
3984
4139
3990
3900
4260
4303
4249
4150
4343
4099
3797
3678
3680
3532
3759
4135
4434
4794
4832
4588
4266
3566
2535
1810
1253
999
810
632
724
1188
2458
5190
10789
26176
57148
21101
0
0
0
0
0
0
0
0
0
0
0
0
0
0
0
0
0
0
0
0
0
0
0
0
0
0
0
0
0
0
0
0
0
0
0
0
0
0
0
0
0
4843
16786
20366
18989
16358
12839
9266
6126
3856
2203
1539
1382
1481
1600
1967
2616
3365
4104
4089
4089
4034
4067
4693
5334
6338
7931
9615
10804
12351
13286
13846
14017
13578
12722
11287
9621
7460
5324
4043
3472
3366
3677
4352
4836
4805
4614
3934
2837
1760
1256
966
710
659
994
1611
3641
7987
19659
52834
31268
0
0
0
0
0
0
0
0
0
0
0
0
0
0
0
0
0
0
0
0
0
0
0
0
0
0
0
0
0
0
0
0
0
0
0
0
0
0
0
5760
17133
19662
18086
15424
12230
8626
5543
3202
1870
1332
1498
1616
1784
2428
3086
4050
4505
4097
4186
4970
6534
8438
11092
14012
16363
18344
20075
21570
21913
23076
23147
23863
23943
24622
25000
24824
23650
21324
17443
12578
7816
4811
3206
3186
3850
4470
4990
4612
4064
2758
1553
1130
842
734
851
1224
2790
6383
16011
48710
38051
0
0
0
0
0
0
0
0
0
0
0
0
0
0
0
0
0
0
0
0
0
0
0
0
0
0
0
0
0
0
0
0
0
0
0
0
0
5951
17071
18950
17751
14570
11611
8131
5127
2965
1751
1323
1535
1686
2130
2909
3745
4457
4172
4344
5952
8141
10771
14375
17296
19407
20656
21202
20623
20509
19716
19197
17953
17730
17392
17647
18293
19376
20663
22532
24604
26971
27598
26651
21175
13522
7142
3716
3054
3618
4555
4967
4741
3761
2359
1311
924
740
705
991
2262
5456
13986
45191
41730
0
0
0
0
0
0
0
0
0
0
0
0
0
0
0
0
0
0
0
0
0
0
0
0
0
0
0
0
0
0
0
0
0
0
0
5334
16322
18398
17028
14525
11322
7983
4995
2701
1632
1511
1556
1774
2400
3427
4054
4175
4549
6060
8908
11919
15628
18074
19414
19961
19132
17658
16208
14348
12519
10873
9419
9066
8493
8493
7974
8474
8859
9962
11240
13002
14967
19122
22604
26434
29567
26618
17730
8276
3536
2711
3713
4843
5021
4543
3179
1629
1008
812
741
926
2009
5077
13346
44872
39861
0
0
0
0
0
0
0
0
0
0
0
0
0
0
0
0
0
0
0
0
0
0
0
0
0
0
0
0
0
0
0
0
0
4126
15250
17977
17225
14544
11484
8122
4694
2711
1645
1432
1712
1884
2752
3641
4108
4263
5776
8301
11980
15115
18001
18885
19201
16882
15154
12871
10374
7874
6173
4895
4132
3432
2932
2531
2220
2299
2304
2524
2837
3477
4546
5935
8034
10229
14142
18381
23885
29795
29159
18778
7693
2973
2956
4306
5081
4845
3638
2009
1077
787
677
775
1892
4956
13272
48098
33779
0
0
0
0
0
0
0
0
0
0
0
0
0
0
0
0
0
0
0
0
0
0
0
0
0
0
0
0
0
0
0
2505
13820
17546
16500
14718
11330
8472
4897
2847
1692
1486
1780
1983
2987
3909
4115
4924
7204
10709
14044
16670
18141
18221
16294
13718
11013
8090
5408
3872
2870
1991
1643
1311
1193
977
877
803
809
898
870
976
999
1244
1543
2032
2941
4665
7211
11250
16463
23701
30637
28482
15189
5003
2579
3458
4658
5177
4019
2243
1132
824
684
775
1950
5121
14594
54159
23922
0
0
0
0
0
0
0
0
0
0
0
0
0
0
0
0
0
0
0
0
0
0
0
0
0
0
0
0
0
983
11869
17099
16337
15224
11752
8783
5204
2924
1713
1466
1841
2064
2987
4022
4307
5590
8602
12413
15116
16949
17883
16199
13337
10644
7182
4395
3060
2027
1479
961
785
538
497
534
554
526
480
550
484
546
511
520
483
545
712
947
1257
1951
3348
6205
10220
16889
26382
31953
23549
8848
2939
2953
4492
5151
4356
2534
1299
849
620
757
2102
5576
17523
60119
11982
0
0
0
0
0
0
0
0
0
0
0
0
0
0
0
0
0
0
0
0
0
0
0
0
0
0
0
103
8984
16679
16128
15390
12208
9625
5720
3307
1955
1498
1888
2003
3004
3873
4484
6123
9681
13215
15483
17392
16874
13940
11420
7910
4652
2829
1810
1059
794
583
626
685
777
862
962
966
1094
1221
1271
1218
1011
876
680
692
569
491
501
563
688
1066
1649
3112
5993
11622
20516
31042
29471
13395
3561
2640
4216
5328
4622
2351
1282
850
667
794
2424
6568
23050
60732
1699
0
0
0
0
0
0
0
0
0
0
0
0
0
0
0
0
0
0
0
0
0
0
0
0
0
0
5079
15057
16199
15499
13474
9926
6605
3650
2188
1479
1820
2091
2885
3928
4734
6409
10374
13303
15835
16940
15790
12335
9926
6041
3106
1944
1088
715
678
713
840
1045
1399
2039
2710
3196
3819
4008
3989
3871
3612
3436
2906
2194
1656
1144
930
756
537
473
455
721
1063
1939
3773
7737
16006
27561
32444
16810
4291
2464
4028
5308
4580
2242
1252
886
650
1003
2800
8416
33344
47661
0
0
0
0
0
0
0
0
0
0
0
0
0
0
0
0
0
0
0
0
0
0
0
0
0
1797
12514
16004
15248
14487
10736
7723
4468
2514
1625
1653
1938
2763
3900
4651
6638
10655
13407
15725
16341
14999
11612
8522
4327
2310
1276
783
750
744
984
1545
2477
3575
4693
5989
6898
7641
8182
8633
8906
9119
9216
8416
7891
7186
6178
4703
3100
1864
1103
819
592
499
460
685
1390
2543
5421
12335
24972
33721
19047
4826
2543
3993
5351
4462
2215
1110
926
622
1184
3621
11704
52443
22127
0
0
0
0
0
0
0
0
0
0
0
0
0
0
0
0
0
0
0
0
0
0
0
76
8722
15235
15236
14850
11606
8712
5423
3054
1893
1684
1832
2573
3691
4709
6841
10242
13285
15564
15868
14588
10816
7236
3519
1958
1008
795
747
1022
1799
3022
4392
6110
7674
8992
9280
9795
10008
10059
10130
10200
10177
10227
10588
10673
10708
10240
9414
8034
6412
4239
2324
1148
742
566
503
517
981
2011
4285
10238
22979
34425
19983
4825
2502
4204
5568
4095
1896
984
797
714
1578
5240
18947
62627
1547
0
0
0
0
0
0
0
0
0
0
0
0
0
0
0
0
0
0
0
0
0
0
3980
13395
15154
15005
13373
9488
6783
3772
2039
1670
1776
2402
3502
4320
6469
9741
13120
15623
16066
13959
10759
6573
3198
1824
854
877
850
1469
2720
4580
6586
8586
9857
10083
10440
11613
12190
12418
13215
13312
13579
13305
12334
11560
10472
9795
10179
10715
11124
10735
9573
7181
4553
2097
1096
614
485
507
748
1498
3727
9336
22467
35097
18573
3953
2520
4487
5371
3523
1667
949
725
852
2311
7949
34174
43549
0
0
0
0
0
0
0
0
0
0
0
0
0
0
0
0
0
0
0
0
0
444
10033
15084
14505
14372
10729
8004
4799
2636
1703
1774
2128
3210
4250
6051
9088
12479
14802
15664
14256
10588
6504
3029
1717
824
881
1008
2216
4003
6217
8142
9790
10643
11564
13027
14284
14923
15615
16439
17073
17453
17926
18258
18838
19186
18447
16666
13524
11024
9708
9830
10689
11252
9547
6931
3623
1623
850
517
448
623
1354
3426
9431
23274
35128
15587
2969
2754
4890
5345
2815
1327
812
715
1113
3918
13411
60647
7914
0
0
0
0
0
0
0
0
0
0
0
0
0
0
0
0
0
0
0
0
5001
13105
14823
14588
12812
8893
6047
3475
1971
1711
1946
2760
3951
5618
8075
11510
14181
15488
14032
10949
6945
3260
1643
863
853
1282
2674
5018
7025
9178
11044
12036
13577
15100
15745
15981
16637
16373
16337
16206
15741
15409
15644
16368
16524
18533
19684
20732
20609
17510
12954
9318
9201
10623
10920
9017
4889
2171
1041
574
428
585
1201
3754
10172
25799
34628
11770
2327
3414
5198
4856
2044
1128
782
797
1833
6471
26482
50722
0
0
0
0
0
0
0
0
0
0
0
0
0
0
0
0
0
0
0
562
10057
14437
14179
13812
10534
7570
4429
2642
1691
1849
2282
3508
4958
7334
10781
13558
14849
14684
11763
7487
3410
1744
1016
826
1438
3111
5537
7674
10110
11856
13167
14750
15698
15365
14939
15277
14365
12861
11635
10496
9938
9774
9621
9817
10532
11024
13063
15493
18260
21240
22354
18222
12565
8680
9750
11031
10229
6049
2489
1147
639
404
610
1425
4224
12101
30108
30133
7022
2109
4144
5389
3871
1554
897
712
1017
3252
11913
59625
9645
0
0
0
0
0
0
0
0
0
0
0
0
0
0
0
0
0
0
4553
12308
14439
13990
12444
8847
5985
3451
2012
1703
2041
2940
4352
6432
9363
12401
14645
14736
12632
8670
4149
1934
1039
867
1443
3263
5718
8086
11021
12573
14017
15345
14967
14863
14745
13043
10678
8915
7080
5903
4738
4093
3587
3681
3551
4075
4854
5623
7256
9070
12877
17463
22201
22436
16724
9766
8628
10902
10653
6979
2713
1033
647
424
675
1807
5127
15650
34656
22199
3509
2368
5089
5141
2541
1142
803
746
1596
6172
26692
49120
0
0
0
0
0
0
0
0
0
0
0
0
0
0
0
0
0
183
9070
13354
14006
13501
11030
7620
4685
2681
1609
1953
2415
3736
5572
7871
11097
14067
14480
13683
9964
5477
2356
1229
958
1394
3297
5883
8576
11220
13453
14495
15123
14673
14583
13146
10078
7345
5334
3479
2314
1596
1225
1021
906
790
804
862
972
1514
2218
3520
5102
7730
12574
18976
24123
20047
11821
8234
10501
11014
6956
2616
907
556
391
752
2207
6865
21680
36710
12182
2132
3280
5635
4207
1700
944
650
1027
3286
12745
62602
3566
0
0
0
0
0
0
0
0
0
0
0
0
0
0
0
0
3127
11132
14151
13897
12815
9070
6399
3722
2320
1700
2104
3089
4474
6861
9799
12851
14468
13996
11426
6772
3025
1436
994
1253
2924
5403
8121
11352
13795
14363
14883
14440
13798
11215
7998
5363
3146
1750
1108
672
540
416
317
336
355
349
365
370
380
516
963
1566
2986
5238
8831
15767
23165
22195
13076
8212
10287
11201
6580
2214
941
452
521
972
3288
10288
30653
28678
5244
2133
4657
5613
2793
1230
821
760
1835
6885
33387
39495
0
0
0
0
0
0
0
0
0
0
0
0
0
0
0
0
6726
12431
13848
13571
11570
8123
4984
2903
1772
1906
2422
3720
5524
8202
11232
13465
14403
13069
8809
4194
1954
1046
1148
2407
4850
7763
10831
13566
14058
14908
13969
12996
9958
6788
3709
1735
834
462
245
194
254
338
428
365
307
385
322
378
293
315
266
562
910
1742
3701
6859
13698
22645
23108
12785
7951
10808
11020
5386
1770
783
402
558
1380
5074
16941
37053
15066
2364
3143
5641
4277
1647
910
642
1112
4009
16223
60077
0
0
0
0
0
0
0
0
0
0
0
0
0
0
0
770
9788
13232
13551
13222
10343
7059
4130
2512
1742
2181
2885
4521
6811
9586
12433
13987
13583
11012
6183
2817
1295
1046
1732
4174
6836
10130
13025
14068
14460
13950
12790
9281
5753
2757
993
562
319
281
509
678
764
1055
1349
1563
1592
1271
898
636
485
383
393
261
276
586
1335
2938
5859
12370
22530
23049
11580
7696
11537
10012
3682
1381
564
505
769
2626
8650
28826
30135
5412
2202
4643
5500
2627
1060
735
816
2390
9188
53276
14198
0
0
0
0
0
0
0
0
0
0
0
0
0
0
3456
10840
13570
13356
12090
9118
5879
3565
2111
1845
2380
3511
5379
7920
11076
13162
13939
12629
8848
4013
1864
960
1397
3267
5808
9272
12009
14191
14076
13908
12945
9189
5596
2418
845
456
310
517
761
1249
2332
3957
5353
6537
6846
7150
6673
5443
3690
2092
1164
628
486
333
235
395
942
2545
5361
12393
24120
21766
9472
8314
12157
7964
2498
969
520
583
1090
4495
16496
37130
14177
2257
3226
5754
3731
1543
791
759
1491
5852
27155
45535
0
0
0
0
0
0
0
0
0
0
0
0
0
0
6421
11848
13218
13027
11519
7942
5108
2937
1892
2061
2596
4107
6300
9040
11768
13469
14331
11091
6593
2907
1227
1084
2097
5041
7760
10547
14027
13980
13673
13235
9714
5727
2468
831
447
359
718
1543
3109
5741
8813
11522
13903
16680
18587
19044
17905
16120
13583
9190
5424
2458
1063
460
382
245
368
925
2520
5877
14522
26126
17960
7185
10159
11569
5057
1739
593
542
700
2318
9147
30801
27070
4014
2331
5162
4981
2100
884
674
954
3738
15361
59365
0
0
0
0
0
0
0
0
0
0
0
0
0
316
8867
12335
12861
13275
10514
7045
4502
2524
1750
2139
3190
4818
7348
10107
12232
14113
13020
9607
4644
1926
1012
1375
3729
6015
9592
12898
14255
13487
13685
11056
6320
3033
773
506
319
1091
2235
5045
9158
13205
17779
21182
22399
22874
23335
23100
22847
23612
22601
20989
16532
9883
4582
1570
582
346
220
383
1056
2699
7308
18665
25502
12759
6963
11848
9530
2758
1032
475
587
1361
4945
19992
36529
9183
2172
3945
5844
3056
1096
755
825
2455
9804
60873
5464
0
0
0
0
0
0
0
0
0
0
0
0
2032
9942
13048
12982
12311
9757
6246
3911
2220
1956
2415
3690
5348
8442
10949
12499
14474
11759
7482
3448
1421
1087
2109
4894
7735
11590
13932
13629
13445
12618
7876
3728
1101
481
378
1035
2506
6485
10888
15984
21123
22867
23271
22235
21126
18884
18992
20274
21189
22846
24191
24042
22156
14042
6657
1788
571
375
239
371
1236
3511
10123
24447
21443
7751
9179
12201
5519
1623
565
506
809
2927
11922
36535
18369
2445
2959
5711
3774
1514
736
826
1656
6821
36156
33390
0
0
0
0
0
0
0
0
0
0
0
0
3979
10589
12901
12718
11968
8849
5688
3346
1980
2186
2582
3916
6258
8893
11388
13119
13945
10487
5986
2439
1265
1318
3256
5824
9680
12864
13526
13427
13252
9825
5543
1709
537
414
903
2709
6839
11866
18106
22341
22623
20807
16903
12690
9936
8392
8240
9586
12033
15716
18457
21575
24052
24580
16736
7653
1845
592
353
233
570
1808
5577
15771
26347
13302
7125
11794
9217
2492
916
375
641
1893
7453
28708
29164
4003
2355
5226
4896
2095
826
693
1208
4917
22327
49583
0
0
0
0
0
0
0
0
0
0
0
0
6015
10881
12678
12617
11650
7915
5141
3029
1843
2255
2975
4410
7036
9624
11741
13491
13233
9258
4753
1823
1201
1744
4287
7298
11337
13637
13273
13119
11788
7781
3065
774
565
642
2426
6014
11909
18112
23233
22310
17302
11229
6166
3945
2194
1965
2104
2213
3246
5849
10095
15811
18215
22482
24297
17579
6140
1423
464
319
276
813
3151
9529
23661
21237
7001
10104
11820
4348
1263
561
610
1158
4831
20176
35870
7612
2146
4494
5544
2602
930
648
951
3652
15304
58209
0
0
0
0
0
0
0
0
0
0
0
0
7735
11426
12348
12510
11053
7458
4760
2729
1876
2339
3378
4693
7677
10115
11943
14215
12056
8436
3546
1500
1241
2228
5211
8770
12458
13324
12867
12534
10359
5597
1427
591
564
1637
5114
10331
17271
22199
21308
15627
9061
3323
1722
506
584
609
430
555
784
1419
3386
7973
13415
17566
21213
23840
15833
3993
880
354
265
516
1649
6164
17005
26236
10053
7761
12397
6918
1818
691
481
857
3253
13674
37347
13633
2047
3646
5952
3106
1104
657
877
2785
11097
63018
0
0
0
0
0
0
0
0
0
0
0
331
8910
11615
11988
12441
10160
6934
4317
2450
1941
2447
3612
5093
8333
10623
12192
14118
11494
7404
2808
1380
1374
3191
5990
9925
12756
12908
13232
12041
8625
3677
889
567
972
3299
7969
14116
21165
22570
16277
8001
3141
939
306
367
266
262
263
262
392
392
780
2570
7693
12633
17263
22484
23008
10634
1972
556
293
293
811
3917
11879
26302
15902
6103
11953
9386
2497
924
423
725
2222
9699
35019
20442
2471
2854
5920
3743
1389
703
802
2113
8723
59150
6901
0
0
0
0
0
0
0
0
0
0
1250
9173
11902
12281
12173
9825
6686
3936
2439
1913
2652
3850
5455
8711
10672
12403
13622
10840
6279
2144
1376
1559
3759
6995
10957
13111
12677
13200
11153
7165
2369
557
584
1834
5375
11302
18084
22585
18120
9308
3186
767
347
251
335
229
178
114
273
179
257
301
745
3067
8987
13918
16941
25343
18433
4898
969
292
253
571
2095
8355
22219
22243
6426
10378
11680
3251
1135
537
693
1580
7248
29997
26629
3045
2475
5590
4412
1625
776
710
1759
7070
42610
25561
0
0
0
0
0
0
0
0
0
0
2151
9511
11941
12297
11879
9458
6525
3763
2266
2148
2767
3898
6113
9012
10817
12475
13331
10162
5707
1922
1278
1812
4542
7603
11831
12979
12424
12943
10901
5845
1417
551
936
2787
7790
13970
20207
20872
12057
4044
1245
229
278
259
279
219
377
241
112
244
190
107
409
921
5343
11207
13673
21232
24450
9434
1761
425
297
358
1318
6156
18497
25895
8026
8881
12560
4759
1406
677
606
1306
5574
25044
31770
4463
2263
5037
4820
1885
870
741
1480
6072
32912
36324
0
0
0
0
0
0
0
0
0
0
3192
9369
11921
12281
11957
9221
6143
3489
2282
2165
2921
3941
6531
9227
10850
12656
13065
9789
4887
1746
1286
2161
4995
8232
12373
12398
12193
13134
9843
4465
973
706
951
4417
9307
16659
21498
17270
7531
2024
687
305
239
342
416
510
847
544
370
187
307
196
113
675
2399
8929
12767
16258
26031
15404
2733
629
300
219
1026
4229
15002
26776
10858
7662
12406
6259
1669
747
587
1227
4547
21219
35066
5858
2112
4670
5287
2026
971
688
1305
5256
26823
42664
0
0
0
0
0
0
0
0
0
0
3772
9552
11715
11936
11681
9020
6089
3442
2254
2295
3000
4274
6954
9305
10725
13140
12998
9370
4579
1588
1391
2550
5611
9119
12141
12252
11786
12938
9258
3332
695
699
1514
5765
10957
17820
21706
13993
4071
1175
342
274
133
407
1356
4171
6083
5582
2626
802
310
258
154
302
1409
6259
11662
13883
24741
19894
4673
818
253
302
972
3148
12337
26665
13655
6859
12529
7347
2006
763
606
1055
3794
18424
36618
7282
2093
4316
5608
2209
1007
695
1224
4806
23157
47512
0
0
0
0
0
0
0
0
0
0
4038
9531
11605
12130
11678
8936
5935
3388
2270
2348
2875
4329
7177
9165
10681
13046
13135
9220
4217
1516
1488
2727
5716
9569
12384
12313
12099
12903
8500
2741
766
905
1709
6635
11931
19188
21925
10916
2629
912
303
263
362
977
5343
13728
24128
26022
13156
1924
725
380
132
246
705
5290
11035
12138
22690
22738
6357
1089
293
302
777
2818
10357
26135
15232
6420
12009
8236
2131
758
586
1002
3595
17068
37767
8491
1820
4084
5729
2290
1071
673
1163
4407
21496
49452
0
0
0
0
0
0
0
0
0
0
4390
9607
11537
11746
11397
8885
5807
3359
2291
2254
3144
4547
7181
9116
10710
13082
13054
8941
3967
1589
1581
2631
6074
9922
12264
12402
11962
12541
7818
2396
940
777
2401
7046
12787
20275
20938
8598
2048
820
504
212
786
2614
13213
28898
44599
65128
38389
5924
1687
179
173
315
778
3824
10524
11992
21858
23260
7478
1115
343
353
790
2514
9436
26169
16666
6315
11776
8800
2190
772
604
894
3338
15728
37891
9352
1998
3937
5748
2464
1045
719
1110
4378
20509
50249
0
0
0
0
0
0
0
0
0
0
4460
9631
11264
11924
11156
9122
5763
3474
2407
2279
3156
4648
7215
8897
11148
13228
12662
8693
3845
1628
1539
2698
6190
9706
12487
12349
12215
12663
7626
2371
1020
692
2575
7265
13159
20565
20979
7507
1471
632
747
545
1118
3726
17172
31750
51989
89154
62288
10657
1445
129
288
419
707
3708
10551
11608
20999
23844
8130
1161
383
327
787
2468
9475
25244
16941
6337
12049
8530
2283
859
609
926
3329
15845
38049
9312
1993
4033
5823
2432
1083
686
1122
4331
20659
50505
0
0
0
0
0
0
0
0
0
0
4201
9432
11362
11645
11235
9239
5759
3604
2400
2201
3153
4521
6945
8963
10958
12831
12739
9301
3840
1876
1525
2712
5918
9702
12072
12394
11807
12733
7712
2752
1036
664
2412
7293
13502
20160
20066
8167
1456
644
549
573
564
4319
14254
29155
44978
73510
46913
7012
960
281
268
309
624
3874
10773
11579
22053
23311
7731
1037
381
321
773
2787
10249
25275
16165
6726
12059
8377
2086
1028
585
903
3435
16697
37670
8910
1965
3988
5691
2425
1040
596
1082
4390
21630
49244
0
0
0
0
0
0
0
0
0
0
3900
9228
11172
11724
11228
9264
5987
3738
2443
2256
3117
4543
6907
8839
10781
12536
12911
9463
4007
1961
1514
2846
5856
9420
12121
12124
11681
12752
8261
2900
1000
719
2270
6568
12921
20096
21088
9871
2123
712
670
615
474
1942
8285
18988
25934
31681
16770
3657
630
249
455
310
826
4954
11276
12247
23342
23041
5799
860
392
275
912
2837
11902
25564
14297
7035
12110
7757
1906
903
558
954
3588
18450
36924
7590
2052
4101
5757
2242
1060
639
1164
4831
23431
46813
0
0
0
0
0
0
0
0
0
0
3259
8958
11035
11813
11224
9489
6256
3887
2426
2204
3080
4390
6622
8669
10620
11985
13248
9705
4469
2130
1498
2652
5597
8852
12200
12109
11611
12697
8654
3577
1210
683
1869
5971
11525
18979
21874
12794
3329
1015
605
814
548
1064
2963
7228
10542
9274
3012
1550
275
104
346
272
1574
6984
11222
13854
25131
19142
4029
712
387
369
1027
3638
13892
26523
11887
6946
12497
7068
1750
827
601
1038
4267
20929
35397
6172
2076
4479
5616
2167
998
683
1116
5367
27127
42718
0
0
0
0
0
0
0
0
0
0
2549
8970
10784
11614
11354
9611
6405
4337
2505
2150
3109
4273
6417
8573
10237
11853
13535
10392
5048
2210
1575
2402
5098
8295
11901
12218
11396
12627
9804
4170
1465
759
1326
4807
10376
17004
22858
16232
5233
1486
685
587
565
445
928
1953
2803
1451
891
748
251
235
549
699
3177
9419
10839
17164
26548
13889
2604
537
339
408
1238
4833
16726
25792
9337
7563
12704
5544
1718
675
602
1346
5143
24314
32847
4832
2345
4730
5266
1906
881
765
1262
6254
32777
35943
0
0
0
0
0
0
0
0
0
0
1668
8760
10857
11392
11637
9678
6968
4334
2704
2201
2980
4027
5802
8479
9811
11600
13433
10758
6078
2356
1610
2096
4365
7958
11048
12975
11391
12599
10831
4874
1868
826
1126
3527
8197
14213
22072
19432
9459
2401
897
704
626
550
440
742
1460
843
444
340
232
441
781
1537
6380
11480
12739
21267
23769
8266
1704
499
361
368
2001
6708
20691
23044
7269
8542
12559
4159
1296
621
636
1678
6627
29288
27669
3286
2444
5076
4681
1752
839
699
1550
7586
43136
25041
0
0
0
0
0
0
0
0
0
0
329
8932
10385
11464
11225
10023
7541
4472
3030
2276
2725
3835
5323
8066
9101
11284
13316
11771
6921
2632
1618
1971
3864
7247
10882
12487
11446
12720
11360
6604
2543
1029
935
2503
6389
11528
18545
21943
14743
5460
1616
717
786
439
381
481
343
270
458
298
480
480
1147
4675
10371
11928
16371
25664
17584
4436
1012
320
356
632
2827
9957
23772
19226
6238
10462
10947
3216
998
572
738
2149
9347
34158
20751
2605
2669
5614
3969
1580
789
836
1865
9231
58594
6685
0
0
0
0
0
0
0
0
0
0
0
8093
10148
11143
11224
10697
7988
5062
3218
2319
2586
3543
4905
7780
9147
10897
13245
12388
7717
3293
1799
1846
3195
6327
9709
12069
12240
12135
12032
8393
3335
1413
832
1632
4076
9340
14942
21309
20068
11127
3646
1392
664
727
479
295
280
280
272
249
497
1283
3984
9159
12116
14526
22369
23025
9069
2287
785
324
302
1393
4232
14019
25686
13158
6627
12244
8386
2394
801
474
936
2902
12869
38113
13769
2247
2979
5919
3510
1283
734
927
2357
11861
62400
0
0
0
0
0
0
0
0
0
0
0
0
6410
9943
11351
11139
10776
8523
5634
3706
2201
2498
3348
4833
7142
8677
10263
12954
12641
8917
4281
2115
1605
3125
5137
8900
11422
12258
12119
12776
9854
4713
2182
1047
1089
2637
6108
12153
17426
21838
17629
10607
3760
1733
1021
531
399
536
478
586
1043
2255
4785
9542
12368
14357
20603
24509
14230
3775
1300
382
330
782
2134
6874
20598
23801
7853
7861
12952
5233
1860
576
504
1130
3995
18723
37081
8163
1962
3575
6004
2755
1144
708
1052
3163
15607
57736
0
0
0
0
0
0
0
0
0
0
0
0
4731
9402
10894
11539
10949
8961
6262
3916
2512
2426
3150
4364
6438
8463
9782
12417
13363
10220
5355
2603
1607
2397
4237
7510
10823
12328
12213
12812
11380
6721
3107
1423
712
1670
3751
8683
13421
19375
22859
18249
12242
6075
3642
2519
2212
2161
2335
3222
4964
7504
11232
13574
15183
19762
24325
16730
5886
1917
542
357
429
1355
3793
11900
25037
17456
6199
10818
11002
3490
1270
608
741
1594
6282
27568
30238
4544
2036
4524
5268
2042
1059
660
1075
4631
22419
50108
0
0
0
0
0
0
0
0
0
0
0
0
2637
9377
10784
10957
10772
9692
6696
4533
2892
2304
2944
4133
5532
8508
9179
11533
13664
11420
6900
3332
1840
1968
3814
6249
9579
11762
12451
12223
12409
9433
4388
2352
1226
861
1933
4472
9308
14270
19082
23440
21073
16665
12310
9506
7549
7758
8606
10125
11503
12808
14936
17718
21706
23796
16966
6949
2532
789
368
420
839
2420
6918
19917
24525
9893
7031
12462
7436
2309
873
632
900
2484
10570
35988
19424
2740
2360
5598
4314
1662
896
751
1532
6934
36679
33483
0
0
0
0
0
0
0
0
0
0
0
0
335
9342
10653
11152
11157
10163
7513
4971
3187
2362
2787
4000
4970
7591
8852
10826
13002
12784
8628
4237
2082
1714
2885
4974
8284
11378
11962
12058
12787
11386
7007
3520
1711
1102
1162
2386
4886
9015
14308
18421
22773
23010
20560
18895
18274
15988
15953
16570
18793
19925
20391
22342
21705
14868
6445
2408
959
450
458
605
1872
4572
14132
25139
17352
6102
9890
11649
4245
1649
696
697
1098
4396
18109
37486
10016
2082
3061
5838
3152
1469
731
781
2271
10548
60375
5549
0
0
0
0
0
0
0
0
0
0
0
0
0
7392
9973
11057
10977
10560
8374
5474
3762
2524
2380
3398
4667
6492
8802
9672
12702
13406
10430
5381
2833
1611
2276
3914
6354
9690
12335
11891
12204
12919
9857
5684
2889
1518
915
1160
2229
4548
8102
12357
17105
20631
22621
23260
22725
23176
22271
22000
21263
21465
20869
17321
10751
5002
2268
997
543
458
564
1472
3304
10494
21754
22720
8455
7615
12027
7399
2763
1161
703
663
1954
7659
29809
28002
5058
2164
4203
5478
2232
1125
682
956
3573
16113
59268
0
0
0
0
0
0
0
0
0
0
0
0
0
0
4537
9853
10852
11041
10639
9481
6451
4291
2735
2305
2994
4187
5745
8116
9057
11710
13254
11784
7312
3824
1985
1756
3143
5057
8018
11116
12897
11934
12362
12271
8880
4917
2529
1396
929
998
1632
2989
5377
8132
11272
14787
16605
18628
18676
18284
17876
15673
13085
10118
6198
3007
1743
807
603
531
593
1302
3211
8135
19317
25140
12428
6189
10792
10868
4057
1583
912
573
1190
3513
14252
37588
15798
2656
2451
5438
4295
1762
884
727
1329
5846
27226
45631
0
0
0
0
0
0
0
0
0
0
0
0
0
0
1092
10280
10691
10877
10929
10204
7140
4916
3276
2365
2708
3761
4892
7606
8716
10610
12537
13514
9492
5120
2548
1783
2210
3920
6364
9199
12638
12708
11981
12391
11363
8329
4694
2569
1471
953
893
1274
1888
2944
4285
5746
7182
7845
9101
8914
8090
6785
5615
3574
2109
1391
747
691
576
657
1265
3326
7371
16790
25848
16180
6230
9308
11954
6274
2265
1014
652
755
1987
7149
26654
32458
6481
1959
3646
5741
2977
1440
669
737
2207
9553
54461
14123
0
0
0
0
0
0
0
0
0
0
0
0
0
0
0
8126
10395
10887
10943
10409
8315
5505
3997
2582
2309
3330
4495
6459
8458
9414
11908
13199
11768
7043
3566
2025
1892
3045
4766
7406
9966
13103
12158
12360
13039
10957
7837
4595
2767
1598
1203
764
1005
1284
1901
2068
2420
3022
3178
3025
2865
2101
1522
1104
804
571
656
554
876
1664
3699
8009
16834
24744
18071
7160
7962
11501
8760
2971
1428
754
655
1423
3696
14480
37139
17087
2914
2317
4930
4779
2109
1041
673
1054
4001
16506
60403
0
0
0
0
0
0
0
0
0
0
0
0
0
0
0
0
4231
10281
10912
10990
10674
9496
6558
4478
3102
2361
2768
3906
5111
7620
8769
10759
12691
13133
9335
5539
2550
1848
2233
3629
5494
8273
10731
13188
12021
12718
12955
11024
8169
4916
3187
1785
1341
973
858
887
984
1197
1168
920
869
587
606
627
499
396
477
723
1285
2418
4752
9198
17017
24169
18860
7881
7573
11404
9777
4139
1731
909
652
1112
2125
8013
28886
30710
6409
2149
3268
5739
3220
1593
831
698
1699
7183
33884
39610
0
0
0
0
0
0
0
0
0
0
0
0
0
0
0
0
292
10522
10705
11246
10656
10375
7826
5105
3766
2311
2484
3400
4294
6488
8509
9635
11926
13068
12090
7835
4083
2191
1981
2526
4173
6363
8893
10800
13053
12393
13056
12880
11227
8662
5645
3879
2678
1806
1239
968
862
618
697
925
902
807
786
785
808
972
1527
2213
3796
6311
11593
18804
23501
17718
8176
7537
10970
10051
5017
2124
1092
690
943
1615
4787
18919
36694
14196
2684
2463
4821
4736
2093
1195
626
1087
3033
13028
62380
3594
0
0
0
0
0
0
0
0
0
0
0
0
0
0
0
0
0
6397
10574
11008
10961
11046
9093
6224
4412
3011
2325
2944
3920
4991
7635
9127
10518
12848
13227
10211
6348
3171
2011
1927
2625
4410
6518
9083
11152
13445
13240
13322
12862
11702
9905
6948
5085
3679
2530
1871
1552
1300
1214
1264
1063
1076
1231
1402
1706
2376
3745
5758
9673
15779
22182
22660
15336
7503
7897
11158
10259
5468
2494
1214
885
945
1358
3416
12210
34591
24391
4847
2109
3747
5378
3278
1560
835
758
1681
6351
26128
49663
0
0
0
0
0
0
0
0
0
0
0
0
0
0
0
0
0
0
1038
11580
11067
10819
10502
10198
7477
5117
3833
2437
2577
3223
4421
6005
8730
9738
11692
13014
12475
8937
5135
2836
1966
1961
3163
4551
6822
8650
10850
12886
14067
14897
14493
13142
11394
9705
7224
5902
4537
3402
2903
2276
2203
2366
2530
2963
3836
5078
7200
10252
15456
21243
23425
18954
11638
7361
8493
10811
9591
5400
2512
1391
887
874
1089
2823
8451
27940
32343
9010
2303
2914
5029
4380
2119
966
737
1026
3093
12232
59060
9954
0
0
0
0
0
0
0
0
0
0
0
0
0
0
0
0
0
0
0
7296
11707
11194
10931
10776
8757
6232
4326
3156
2407
2902
3549
4848
6931
9486
10388
12759
13085
11368
8041
4391
2546
1837
1914
3225
4608
6796
8536
9983
12368
13384
15406
16493
16102
14720
12768
11235
9788
8347
7610
7425
6685
6845
7375
8788
10693
13747
17916
21276
22725
20224
13589
8614
7901
9051
10475
8578
4917
2340
1426
804
902
1017
2482
6955
22152
36488
13606
2984
2437
4339
5139
2977
1306
818
845
1914
6272
27125
50558
0
0
0
0
0
0
0
0
0
0
0
0
0
0
0
0
0
0
0
0
893
12482
11548
11317
10690
10057
7194
5184
3847
2580
2544
3068
4055
5334
8132
9879
11197
12953
13078
10683
6981
4031
2484
1822
1946
2949
4458
6642
7837
9496
10685
11566
13182
15699
17313
17560
17236
16204
15868
15303
14750
15904
16958
18393
19852
22144
22635
21347
18665
13651
9086
7736
8233
9728
9965
7606
4468
2295
1450
827
851
967
2522
6316
18950
36580
18716
4311
2334
3475
5292
3943
1696
935
810
1203
3721
13649
61080
8288
0
0
0
0
0
0
0
0
0
0
0
0
0
0
0
0
0
0
0
0
0
6405
12597
11286
11126
10603
8931
6325
4631
3251
2483
2763
3351
4492
5740
9226
10497
11933
13221
12687
10029
6298
3906
2588
1740
1858
2720
4126
6070
7312
8638
10153
10742
11007
12577
14375
16423
18190
19482
19692
20146
20395
20019
19620
18264
16407
14277
10906
8507
7849
8339
9063
9550
8680
6024
3546
2222
1319
790
795
1079
2639
6120
17469
35343
22761
5648
2427
3052
5009
4489
2114
1138
752
1012
2324
7968
34620
43966
0
0
0
0
0
0
0
0
0
0
0
0
0
0
0
0
0
0
0
0
0
0
171
12143
12258
11078
10902
10190
7887
5610
3937
2780
2567
2906
3750
4615
6246
9763
11085
12642
13589
12482
9525
5973
4008
2611
1767
1750
2274
3194
4809
6337
7547
9029
9637
9692
10049
10428
11013
11258
11585
12077
11822
11293
10672
9437
8822
8197
8404
8638
9426
9477
8393
6379
4364
2741
1748
1031
845
873
1358
2772
6832
17359
35058
23918
6845
2534
2785
4733
4819
2658
1231
835
921
1619
5034
18973
62762
1566
0
0
0
0
0
0
0
0
0
0
0
0
0
0
0
0
0
0
0
0
0
0
0
3234
14385
11960
11516
10569
9499
6789
5044
3422
2594
2641
2987
3874
4700
6480
10003
12035
13225
13571
12716
9304
6223
4039
2681
1954
1797
1830
2501
3650
4689
5683
7174
8738
9434
9596
9844
9965
9708
9496
9114
9050
9010
8894
8877
9206
9035
8465
7227
5517
4283
3027
2032
1282
1011
787
886
1706
3219
7869
19337
34661
23786
7145
2733
2715
4532
5082
3033
1483
889
864
1182
3588
12184
52820
22182
0
0
0
0
0
0
0
0
0
0
0
0
0
0
0
0
0
0
0
0
0
0
0
0
0
8749
14517
11967
11137
10139
8678
6230
4437
3160
2525
2845
3090
4076
4824
6731
10233
12623
13771
13509
13218
9622
6405
4581
2905
2119
1658
1704
1831
2496
3303
3877
4732
5286
6200
7134
7846
8438
8361
8292
8242
7990
7741
7320
6649
5649
4638
3688
2766
2039
1514
1134
917
685
1303
2289
4170
10101
23164
35046
21730
6659
2812
2625
4364
5058
3169
1703
920
877
1204
2590
8463
33351
48214
0
0
0
0
0
0
0
0
0
0
0
0
0
0
0
0
0
0
0
0
0
0
0
0
0
0
253
13790
13340
11958
10982
9933
7678
5722
3804
3009
2490
2932
3237
4195
4757
6473
10262
13628
14334
13529
13752
10849
7353
5003
3499
2421
1827
1586
1529
1786
2248
2654
3147
3339
3630
3892
4221
4509
4683
4767
4429
4007
3460
2924
2508
2190
1691
1381
1039
870
918
1143
1941
3222
6663
14170
27681
33693
17878
5344
2843
2677
4391
4939
3312
1811
1085
934
1108
2035
6455
22680
61791
1813
0
0
0
0
0
0
0
0
0
0
0
0
0
0
0
0
0
0
0
0
0
0
0
0
0
0
0
2144
16328
13081
12266
10600
9479
7160
5322
3655
2815
2554
3060
3306
4246
4767
5976
9427
13762
15434
14785
13959
11906
8826
5916
3967
2912
2164
1785
1563
1369
1540
1644
1859
2127
2320
2367
2421
2213
2217
2274
2132
1953
1507
1364
1168
1068
976
1077
1167
1702
3086
5455
10396
20101
32807
28935
13129
4403
2780
2786
4403
4808
3158
1987
1153
1043
1016
1697
5255
17378
60300
12506
0
0
0
0
0
0
0
0
0
0
0
0
0
0
0
0
0
0
0
0
0
0
0
0
0
0
0
0
0
5145
17644
13393
12201
10393
8890
6621
4771
3469
2716
2462
3178
3417
4055
4664
5312
7795
12977
16667
16302
14958
13041
10589
8038
5505
3765
2688
1930
1769
1723
1482
1460
1360
1457
1454
1259
1326
1232
1193
1084
1067
1007
1045
1152
1255
1579
2038
3538
5479
9654
16777
28737
32657
21366
8437
3428
2894
3004
4395
4428
3024
1886
1164
1050
1005
1504
4590
14114
53348
25552
0
0
0
0
0
0
0
0
0
0
0
0
0
0
0
0
0
0
0
0
0
0
0
0
0
0
0
0
0
0
0
8132
18048
13457
12037
10141
8533
6196
4575
3233
2651
2376
2977
3357
4073
4482
4754
6316
10182
15920
18484
17946
15592
13107
10436
7747
5596
4062
3120
2261
1927
1715
1523
1442
1380
1386
1373
1383
1380
1291
1442
1466
1762
2160
3044
4391
6601
10772
17404
26999
33092
25368
13026
5029
2955
2817
3299
4393
4180
2818
1884
1219
977
996
1472
4547
12805
46991
35678
0
0
0
0
0
0
0
0
0
0
0
0
0
0
0
0
0
0
0
0
0
0
0
0
0
0
0
0
0
0
0
0
0
10808
18601
14122
11988
9946
8179
5940
4392
3274
2736
2373
2763
3421
3874
4425
4432
4951
7098
11643
17375
20541
19652
17539
15087
12151
9674
7375
5626
4420
3380
2994
2590
2447
2325
2270
2401
2512
2930
3308
3992
5308
6984
10010
14570
21311
28785
31821
25644
14487
6665
3383
2708
3011
3675
4520
3666
2662
1692
1263
1047
1010
1639
4570
12591
43365
43023
0
0
0
0
0
0
0
0
0
0
0
0
0
0
0
0
0
0
0
0
0
0
0
0
0
0
0
0
0
0
0
0
0
0
0
12431
19692
14486
12163
9767
7853
5712
4496
3194
2672
2467
2658
3250
3640
4185
4531
4432
5069
7178
11449
17585
20959
22267
21118
18961
16844
14494
12288
10828
9154
8178
7622
7229
7118
7401
8018
9179
11148
14093
17885
22474
28310
31685
29154
21609
12790
6528
3656
2935
2908
3354
4156
4221
3284
2350
1593
1235
1037
986
1935
4777
12874
43825
44708
0
0
0
0
0
0
0
0
0
0
0
0
0
0
0
0
0
0
0
0
0
0
0
0
0
0
0
0
0
0
0
0
0
0
0
0
0
12269
21781
15296
12507
9672
7896
5524
4391
3287
2577
2458
2692
3133
3488
3928
4311
4190
4294
4952
6352
9554
13687
18061
22072
24565
25065
24810
23466
22520
21214
20710
20598
21382
22386
24253
26380
29280
30369
30256
27416
21208
14313
9089
5241
3654
3005
2679
3099
3697
4142
3618
2768
2021
1469
1173
1087
1148
2442
5383
14221
47456
42149
0
0
0
0
0
0
0
0
0
0
0
0
0
0
0
0
0
0
0
0
0
0
0
0
0
0
0
0
0
0
0
0
0
0
0
0
0
0
0
10639
24323
16919
12814
10050
7953
5626
4518
3269
2671
2370
2319
2823
3331
3649
4120
4033
4148
4136
4141
5009
6848
8670
11171
14123
17266
19794
22215
23875
25531
25738
26073
24836
23086
21262
17951
14002
10395
7613
5257
4009
3237
2810
2875
3187
3537
3893
3771
2947
2365
1862
1259
1032
997
1409
3113
6550
17698
53452
34953
0
0
0
0
0
0
0
0
0
0
0
0
0
0
0
0
0
0
0
0
0
0
0
0
0
0
0
0
0
0
0
0
0
0
0
0
0
0
0
0
0
7494
25854
19077
13750
10524
8274
6131
4541
3495
2793
2328
2153
2378
2970
3384
3814
4029
4057
4202
3701
3533
3854
4360
4651
5240
6167
6561
7015
7530
7398
7264
6994
6407
5530
4620
3942
3490
3130
3127
2980
3024
3329
3794
3961
3699
3086
2394
1890
1439
1134
1032
1195
2045
4207
8871
23727
58925
24032
0
0
0
0
0
0
0
0
0
0
0
0
0
0
0
0
0
0
0
0
0
0
0
0
0
0
0
0
0
0
0
0
0
0
0
0
0
0
0
0
0
0
0
3993
25213
23140
15793
11351
8552
6447
4828
3702
3113
2365
2169
2045
2583
2970
3241
3386
3645
3969
4266
4023
3747
3700
3584
3361
3492
3460
3437
3321
3292
3258
3178
3005
3207
3166
3304
3494
3564
3773
3787
3781
3411
2837
2366
1859
1491
1163
1087
1137
1782
3028
5736
12710
33807
59978
12009
0
0
0
0
0
0
0
0
0
0
0
0
0
0
0
0
0
0
0
0
0
0
0
0
0
0
0
0
0
0
0
0
0
0
0
0
0
0
0
0
0
0
0
0
0
574
19125
29368
19458
13433
9793
7267
5476
4141
3378
2731
2284
1908
1989
2409
2761
2895
2917
3150
3701
3716
3610
3670
3840
3907
3878
3774
3633
3842
3639
3514
3696
3759
3608
3656
3491
3328
3239
2861
2477
2112
1726
1472
1225
1169
1295
1672
2655
4481
9075
20119
51500
45294
1503
0
0
0
0
0
0
0
0
0
0
0
0
0
0
0
0
0
0
0
0
0
0
0
0
0
0
0
0
0
0
0
0
0
0
0
0
0
0
0
0
0
0
0
0
0
0
0
0
8590
30389
26059
16987
11940
8854
6268
4679
3768
2994
2500
2061
1933
2007
2253
2495
2634
2700
2820
3086
3030
3106
3106
3219
3200
3402
3361
3390
3267
3045
2864
2750
2551
2501
2313
2067
1785
1484
1354
1213
1181
1558
1907
2536
4328
7862
15025
34993
58550
20787
0
0
0
0
0
0
0
0
0
0
0
0
0
0
0
0
0
0
0
0
0
0
0
0
0
0
0
0
0
0
0
0
0
0
0
0
0
0
0
0
0
0
0
0
0
0
0
0
0
0
0
603
19507
34860
24755
15934
11174
8272
5860
4571
3550
2840
2233
1890
1762
1841
1925
2093
2114
2312
2432
2525
2441
2668
2630
2541
2344
2252
2295
2270
2149
2110
1975
1641
1552
1437
1481
1517
1523
1814
2148
2762
4406
7644
14010
28057
57808
39163
1335
0
0
0
0
0
0
0
0
0
0
0
0
0
0
0
0
0
0
0
0
0
0
0
0
0
0
0
0
0
0
0
0
0
0
0
0
0
0
0
0
0
0
0
0
0
0
0
0
0
0
0
0
0
0
3466
25652
37263
25864
16680
11758
8375
6173
4745
3905
3002
2297
1973
1752
1689
1668
1695
1786
1895
1908
1849
1888
1887
1852
1844
1924
1804
1755
1548
1655
1574
1653
1751
1847
1924
2368
3427
5338
8819
15245
28524
55638
45373
6740
0
0
0
0
0
0
0
0
0
0
0
0
0
0
0
0
0
0
0
0
0
0
0
0
0
0
0
0
0
0
0
0
0
0
0
0
0
0
0
0
0
0
0
0
0
0
0
0
0
0
0
0
0
0
0
0
0
0
4339
26639
39970
30376
20475
13772
9826
7360
5601
4585
3587
2831
2489
2019
1952
1772
1652
1570
1510
1622
1554
1639
1551
1465
1520
1635
1691
1818
1996
2226
2720
3548
5139
7529
11367
19476
35095
56424
42442
8075
0
0
0
0
0
0
0
0
0
0
0
0
0
0
0
0
0
0
0
0
0
0
0
0
0
0
0
0
0
0
0
0
0
0
0
0
0
0
0
0
0
0
0
0
0
0
0
0
0
0
0
0
0
0
0
0
0
0
0
0
0
0
1764
21026
37681
41340
28492
20066
14975
11117
8590
6858
5459
4479
3594
3091
2701
2379
2338
2248
2370
2451
2497
2747
2901
3240
3709
4275
5273
6542
8985
12439
18460
29923
51566
53023
32822
2833
0
0
0
0
0
0
0
0
0
0
0
0
0
0
0
0
0
0
0
0
0
0
0
0
0
0
0
0
0
0
0
0
0
0
0
0
0
0
0
0
0
0
0
0
0
0
0
0
0
0
0
0
0
0
0
0
0
0
0
0
0
0
0
0
0
0
0
7220
26929
39463
45385
34559
25631
19695
16139
13346
11215
9732
8563
7616
7271
6870
6353
6576
7233
7806
8661
9881
11798
14132
18995
25381
37627
54809
51694
37641
10849
0
0
0
0
0
0
0
0
0
0
0
0
0
0
0
0
0
0
0
0
0
0
0
0
0
0
0
0
0
0
0
0
0
0
0
0
0
0
0
0
0
0
0
0
0
0
0
0
0
0
0
0
0
0
0
0
0
0
0
0
0
0
0
0
0
0
0
0
0
0
0
0
0
2991
19515
32320
41431
47169
47965
39922
34227
30094
27676
25856
24858
24959
25356
26796
29975
34725
41578
52573
54191
48347
39915
25830
3929
0
0
0
0
0
0
0
0
0
0
0
0
0
0
0
0
0
0
0
0
0
0
0
0
0
0
0
0
0
0
0
0
0
0
0
0
0
0
0
0
0
0
0
0
0
0
0
0
0
0
0
0
0
0
0
0
0
0
0
0
0
0
0
0
0
0
0
0
0
0
0
0
0
0
0
0
0
0
0
0
0
3844
15184
23401
28964
33078
35528
37184
37813
37489
35811
31788
26260
17553
4640
0
0
0
0
0
0
0
0
0
0
0
0
0
0
0
0
0
0
0
0
0
0
0
0
0
0
0
0
0
0
0
0
0
0
0
0
0
0
0
0
0
0
0
0
0
0
0
0
0
0
0
0
0
0
0
0
0
0
0
0
0
0
0
0
0
0
0
0
0
0
0
0
0
0
0
0
0
0
0
0
0
0
0
0
0
0
0
0
0
0
0
0
0
0
0
0
0
0
0
0
0
0
0
0
0
0
0
0
0
0
0
0
0
0
0
0
0
0
0
0
0
0
0
0
0
0
0
0
0
0
0
0
0
0
0
0
0
0
0
0
0
0
0
0
0
0
0
0
0
0
0
0
0
0
0
0
0
0
0
0
0
0
0
0
0
0
0
0
0
0
0
0
0
0
0
0
0
0
0
0
0
0
0
0
0
0
0
0
0
0
0
0
0
0
0
0
0
0
0
0
0
0
0
0
0
0
0
0
0
0
0
0
0
0
0
0
0
0
0
0
0
0
0
0
0
0
0
0
0
0
0
0
0
0
0
0
0
0
0
0
0
0
0
0
0
0
0
0
0
0
0
0
0
0
0
0
0
0
0
0
0
0
0
0
0
0
0
0
0
0
0
0
0
0
0
0
0
0
0
0
0
0
0
0
0
0
0
0
0
0
0
0
0
0
0
0
0
0
0
0
0
0
0
0
0
0
0
0
0
0
0
0
0
0
0
0
0
0
0
0
0
0
0
0
0
0
0
0
0
0
0
0
0
0
0
0
0
0
0
0
0
0
0
0
0
0
0
0
0
0
0
0
0
0
0
0
0
0
0
0
0
0
0
0
0
0
0
0
0
0
0
0
0
0
0
0
0
0
0
0
0
0
0
0
0
0
0
0
0
0
0
0
0
0
0
0
0
0
0
0
0
0
0
0
0
0
0
0
0
0
0
0
0
0
0
0
0
0
0
0
0
0
0
0
0
0
0
0
0
0
0
0
0
0
0
0
0
0
0
0
0
0
0
0
0
0
0
0
0
0
0
0
0
0
0
0
0
0
0
0
0
0
0
0
0
0
0
0
0
0
0
0
0
0
0
0
0
0
0
0
0
0
0
0
0
0
0
0
0
0
0
0
0
0
0
0
0
0
0
0
0
0
0
0
0
0
0
0
0
0
0
0
0
0
0
0
0
0
0
0
0
0
0
0
0
0
0
0
0
0
0
0
0
0
0
0
0
0
0
0
0
0
0
