./RotationSim r 50
0
0
0
0
0
0
0
0
0
0
0
0
0
0
0
0
0
0
0
0
0
0
0
0
0
0
0
0
0
0
0
0
0
0
0
0
0
0
0
0
0
0
0
0
0
0
0
0
0
0
0
0
0
0
0
0
0
0
0
0
0
0
0
0
0
0
0
0
0
0
0
0
0
0
0
0
0
0
0
0
0
0
0
0
0
0
0
0
0
0
0
0
0
0
0
0
0
0
0
0
0
0
0
0
0
0
0
0
0
0
0
0
0
0
0
0
0
0
0
0
0
0
0
0
0
0
0
0
0
0
0
0
0
0
0
0
0
0
0
0
0
0
0
0
0
0
0
0
0
0
0
0
0
0
0
0
0
0
0
0
0
0
0
0
0
0
0
0
0
0
0
0
0
0
0
0
0
0
0
0
0
0
0
0
0
0
0
0
0
0
0
0
0
0
0
0
0
0
0
0
0
0
0
0
0
0
0
0
0
0
0
0
0
0
0
0
0
0
0
0
0
0
0
0
0
0
0
0
0
0
0
0
0
0
0
0
0
0
0
0
0
0
0
0
0
0
0
0
0
0
0
0
0
0
0
0
0
0
0
0
0
0
0
0
0
0
0
0
0
0
0
0
0
0
0
0
0
0
0
0
0
0
0
0
0
0
0
0
0
0
0
0
0
0
0
0
0
0
0
0
0
0
0
0
0
0
0
0
0
0
0
0
0
0
0
0
0
0
0
0
0
0
0
0
0
0
0
0
0
0
0
0
0
0
0
0
0
0
0
0
0
0
0
0
0
0
0
0
0
0
0
0
0
0
0
0
0
0
0
0
0
0
0
0
0
0
0
0
0
0
0
0
0
0
0
0
0
0
0
0
0
0
0
0
0
0
0
0
0
0
0
0
0
0
0
0
0
0
0
0
0
0
0
0
0
0
0
0
0
0
0
0
0
0
0
0
0
0
0
0
0
0
0
0
0
0
0
0
0
0
0
0
0
0
0
0
0
0
0
0
0
0
0
0
0
0
0
0
0
0
0
0
0
0
0
0
0
0
0
0
0
0
0
0
0
0
0
0
0
0
0
0
0
0
0
0
0
0
0
0
0
0
0
0
0
0
0
0
0
0
0
0
0
0
0
0
0
0
0
0
0
0
0
0
0
0
0
0
0
0
0
0
0
0
0
0
0
0
0
0
0
0
0
0
0
0
0
0
0
0
0
0
0
0
0
0
0
0
0
0
0
0
0
1171
5351
8752
11563
13981
15559
16986
17194
17129
16179
13855
10849
6835
1753
0
0
0
0
0
0
0
0
0
0
0
0
0
0
0
0
0
0
0
0
0
0
0
0
0
0
0
0
0
0
0
0
0
0
0
0
0
0
0
0
0
0
0
0
0
0
0
0
0
0
0
0
0
0
0
0
0
0
0
0
0
0
0
0
0
0
0
0
0
0
0
0
0
0
0
0
0
0
0
0
0
868
6838
13109
18677
23904
27029
26903
26756
26727
26275
26357
26107
26062
26558
27583
28238
30419
32526
34594
32572
27448
20434
11728
1591
0
0
0
0
0
0
0
0
0
0
0
0
0
0
0
0
0
0
0
0
0
0
0
0
0
0
0
0
0
0
0
0
0
0
0
0
0
0
0
0
0
0
0
0
0
0
0
0
0
0
0
0
0
0
0
0
0
0
0
0
0
0
0
0
0
0
0
0
0
0
0
0
0
2455
10149
17939
23767
23918
22963
22159
21280
19986
18846
18223
17521
16724
16673
15878
15805
15861
16064
17211
17832
18873
20423
22293
25362
28840
32905
37087
30574
19076
4854
0
0
0
0
0
0
0
0
0
0
0
0
0
0
0
0
0
0
0
0
0
0
0
0
0
0
0
0
0
0
0
0
0
0
0
0
0
0
0
0
0
0
0
0
0
0
0
0
0
0
0
0
0
0
0
0
0
0
0
0
0
0
0
0
0
0
0
522
7659
16496
22245
21504
20780
19781
18402
16988
15361
14230
13106
11872
10763
9936
9399
8937
8792
8541
8340
8346
8752
9002
9611
10573
11617
13158
15205
17823
21066
25307
31314
38008
32031
16645
1269
0
0
0
0
0
0
0
0
0
0
0
0
0
0
0
0
0
0
0
0
0
0
0
0
0
0
0
0
0
0
0
0
0
0
0
0
0
0
0
0
0
0
0
0
0
0
0
0
0
0
0
0
0
0
0
0
0
0
0
0
0
0
1365
10301
19298
20482
19621
18972
17871
15871
14090
12579
11054
9897
8496
7770
7123
6382
5689
5350
5148
4897
4756
4838
4848
4827
4925
5338
5590
6338
6613
7643
8876
10201
12401
15712
19818
26197
34247
39231
24477
3819
0
0
0
0
0
0
0
0
0
0
0
0
0
0
0
0
0
0
0
0
0
0
0
0
0
0
0
0
0
0
0
0
0
0
0
0
0
0
0
0
0
0
0
0
0
0
0
0
0
0
0
0
0
0
0
0
0
0
1138
9810
19008
19420
18443
17916
16262
14499
12308
10899
9145
7661
6659
5648
4959
4218
3793
3583
3403
3235
2851
2799
2731
2593
2563
2521
2627
2789
3063
3178
3599
4041
4618
5506
6204
7621
9574
11967
16512
22959
31876
41401
26769
3546
0
0
0
0
0
0
0
0
0
0
0
0
0
0
0
0
0
0
0
0
0
0
0
0
0
0
0
0
0
0
0
0
0
0
0
0
0
0
0
0
0
0
0
0
0
0
0
0
0
0
0
0
0
0
179
7359
17280
18690
17883
17024
15636
13871
11514
9784
7957
6740
5708
4856
4058
3535
3035
2944
2611
2422
2204
2023
1891
1747
1720
1699
1693
1712
1673
1662
1783
1950
2183
2281
2452
2826
3538
4289
5144
6477
7960
10262
14681
21521
31879
41844
22746
602
0
0
0
0
0
0
0
0
0
0
0
0
0
0
0
0
0
0
0
0
0
0
0
0
0
0
0
0
0
0
0
0
0
0
0
0
0
0
0
0
0
0
0
0
0
0
0
0
0
0
0
3022
14095
18173
17586
16890
15104
13483
11565
9154
7483
6176
5372
4314
3899
2989
2560
2317
2122
1820
1677
1550
1434
1433
1380
1375
1298
1483
1349
1324
1359
1353
1252
1336
1340
1463
1537
1857
1987
2230
2812
3533
4413
5851
7459
9851
14493
22299
35575
39801
11217
0
0
0
0
0
0
0
0
0
0
0
0
0
0
0
0
0
0
0
0
0
0
0
0
0
0
0
0
0
0
0
0
0
0
0
0
0
0
0
0
0
0
0
0
0
0
0
0
158
7740
17202
16997
16849
15362
13675
11704
9481
7500
6061
5056
4159
3333
2826
2240
2029
1592
1535
1413
1461
1352
1353
1351
1430
1366
1322
1380
1409
1371
1326
1356
1233
1360
1302
1234
1174
1279
1226
1268
1511
1671
1937
2371
2979
4169
5640
7340
10532
16203
26789
42085
27428
805
0
0
0
0
0
0
0
0
0
0
0
0
0
0
0
0
0
0
0
0
0
0
0
0
0
0
0
0
0
0
0
0
0
0
0
0
0
0
0
0
0
0
0
0
0
1451
11850
17125
16006
15697
14077
12284
9988
8056
6391
5374
4291
3365
2742
2140
1796
1621
1497
1477
1354
1379
1363
1415
1428
1482
1505
1519
1626
1638
1710
1647
1697
1584
1592
1514
1374
1406
1261
1243
1249
1125
1066
1083
1303
1512
1814
2219
2865
4314
5576
8117
12468
20496
35093
40113
6519
0
0
0
0
0
0
0
0
0
0
0
0
0
0
0
0
0
0
0
0
0
0
0
0
0
0
0
0
0
0
0
0
0
0
0
0
0
0
0
0
0
0
0
3329
13933
16618
15641
14818
13206
11242
8835
7121
5634
4462
3588
2626
2204
1708
1591
1523
1476
1466
1438
1458
1662
1754
1977
2178
2403
2548
2626
2777
2703
2650
2575
2414
2278
2041
1827
1776
1664
1614
1437
1420
1354
1317
1237
1066
1210
1140
1343
1697
2176
3072
4520
6353
10123
16316
29205
44178
14159
0
0
0
0
0
0
0
0
0
0
0
0
0
0
0
0
0
0
0
0
0
0
0
0
0
0
0
0
0
0
0
0
0
0
0
0
0
0
0
0
0
4873
14750
16236
15140
14249
12311
10489
8149
6271
5117
4039
2990
2332
1867
1611
1531
1483
1559
1532
1631
1943
2414
2692
3562
4101
5087
5898
6986
7771
8462
8799
8611
8505
8070
7097
6092
4962
4022
3250
2391
2054
1766
1768
1583
1381
1328
1197
1211
1252
1215
1357
1775
2374
3492
5171
8292
13772
24714
44006
21409
0
0
0
0
0
0
0
0
0
0
0
0
0
0
0
0
0
0
0
0
0
0
0
0
0
0
0
0
0
0
0
0
0
0
0
0
0
0
0
5719
15018
15468
14632
13435
11736
9747
7523
5891
4730
3629
2628
2215
1745
1582
1422
1536
1567
1823
2287
3126
4104
5583
7250
8966
11089
12346
13691
14440
15183
15962
16430
16641
16808
16987
16604
16085
15253
13000
10489
7739
5345
3675
2665
2038
1890
1643
1463
1350
1202
1108
1310
1250
1501
1997
2802
4384
7158
12030
21984
42067
26992
0
0
0
0
0
0
0
0
0
0
0
0
0
0
0
0
0
0
0
0
0
0
0
0
0
0
0
0
0
0
0
0
0
0
0
0
0
5926
14204
15345
14054
13049
11284
9601
6939
5664
4509
3218
2445
2021
1688
1539
1583
1752
1906
2629
3536
5280
7272
9549
11430
13170
14625
15248
15825
16004
16019
15805
16156
16552
17052
16611
17429
17447
18203
18396
19185
18977
18328
16168
12213
7839
4778
3168
2212
2016
1727
1489
1272
1094
1163
1330
1390
1861
2465
3826
6340
11113
20314
40442
28817
0
0
0
0
0
0
0
0
0
0
0
0
0
0
0
0
0
0
0
0
0
0
0
0
0
0
0
0
0
0
0
0
0
0
0
5287
14245
15026
13833
12811
11152
9239
6611
5403
4070
3095
2468
1995
1707
1554
1640
1816
2526
3638
5678
8194
10437
12394
13609
14941
15084
15186
14758
13927
13321
13380
12885
12345
12284
12325
12388
12438
13443
14007
14993
15662
16993
18253
19527
20431
19210
15687
9874
5268
3103
2201
1762
1590
1369
1099
1145
1242
1232
1563
2363
3412
5855
10570
19763
40994
27444
0
0
0
0
0
0
0
0
0
0
0
0
0
0
0
0
0
0
0
0
0
0
0
0
0
0
0
0
0
0
0
0
0
4096
13348
14927
13534
12467
11025
9375
6585
5292
3934
3049
2222
1975
1717
1519
1804
2286
3473
5472
7918
10121
12197
13677
14537
14638
13958
13016
11944
11329
10607
10288
9605
9318
9140
9078
8805
8955
9049
9077
9459
10084
11143
11681
13344
15015
17095
19643
21170
20803
17034
10081
4789
2659
1893
1699
1548
1146
1103
1129
1268
1478
2057
3202
5742
10302
19570
42842
22889
0
0
0
0
0
0
0
0
0
0
0
0
0
0
0
0
0
0
0
0
0
0
0
0
0
0
0
0
0
0
0
2640
12740
14199
13478
12150
11169
9331
6999
5414
3813
3154
2318
1961
1741
1657
1849
2833
4446
6999
9451
11849
13144
13913
13720
13183
11807
10853
10218
9503
8832
7991
6994
6538
5943
5433
5239
5042
5131
5233
5394
5884
6269
6726
7768
8579
9700
11377
13182
16046
19364
21509
21552
16267
8221
3665
2109
1765
1611
1294
1176
1181
1235
1316
2018
3190
5713
10420
21436
45710
16087
0
0
0
0
0
0
0
0
0
0
0
0
0
0
0
0
0
0
0
0
0
0
0
0
0
0
0
0
0
1139
10913
13713
13718
12129
11348
9374
7244
5290
3959
3428
2295
1984
1699
1690
2024
3266
5448
8278
10368
12301
13280
13476
12522
11510
10410
9600
8753
7896
6745
5829
5024
4641
3971
3846
3593
3332
3129
3133
3098
3098
3389
3514
3849
4279
4797
6019
7310
8670
10629
12438
16008
20112
23083
21174
12576
5165
2376
1761
1654
1303
1174
1122
1203
1360
1956
3081
5811
11302
24036
47186
7785
0
0
0
0
0
0
0
0
0
0
0
0
0
0
0
0
0
0
0
0
0
0
0
0
0
0
0
125
8661
12985
13823
12095
11543
9628
7542
5541
4109
3397
2430
1934
1739
1822
2239
3619
6313
8868
11029
12383
13064
12670
11834
10622
9404
8206
7207
6080
4880
4342
3829
3475
3252
2887
2673
2513
2533
2448
2320
2294
2330
2331
2474
2683
2859
3091
3414
3929
4897
6463
8630
10506
13007
17079
21767
23173
16655
7535
2819
1903
1753
1295
1115
1168
1199
1342
2055
3187
6312
12846
28392
45345
984
0
0
0
0
0
0
0
0
0
0
0
0
0
0
0
0
0
0
0
0
0
0
0
0
0
0
5487
12264
13549
12244
11359
10075
7907
5692
4388
3543
2595
1919
1797
1816
2306
4011
6922
9213
11318
12595
12817
11917
11076
9717
8082
6975
6031
4729
4034
3566
3282
2824
2614
2336
2077
1950
1942
1888
1782
1917
1856
1808
1758
1826
1768
2052
2319
2496
2816
3100
3524
4877
6648
8415
11320
15050
19889
23005
19705
9402
3371
1951
1817
1254
1132
1153
1215
1348
2165
3623
7161
15341
35655
32929
0
0
0
0
0
0
0
0
0
0
0
0
0
0
0
0
0
0
0
0
0
0
0
0
0
1928
11314
13287
12581
11367
10631
8426
6464
4635
3743
2815
2054
1799
1895
2369
4075
6934
9367
11080
12445
12403
11677
10492
8722
7104
6359
5134
4060
3510
3241
2834
2549
2292
2049
2018
2066
2310
2457
2443
2434
2504
2475
2308
2166
2136
1965
1797
1707
1760
2069
2304
2464
2756
3665
5222
6906
9579
13651
18830
22427
21284
10811
3745
1950
1763
1449
1084
1110
1180
1537
2340
3949
8709
19471
46319
14050
0
0
0
0
0
0
0
0
0
0
0
0
0
0
0
0
0
0
0
0
0
0
0
79
8787
12333
12582
11437
10858
8797
7036
5182
3952
3161
2188
1813
1903
2436
4070
6913
9333
10851
12104
12189
11405
10002
7959
6610
6110
4781
3860
3344
3027
2439
2143
2235
2277
2625
2827
3216
3313
3511
3951
3746
3640
3503
3261
3131
2835
2567
2333
1928
1795
1893
1807
1954
2143
2406
3051
4473
5799
8389
12493
17792
22833
22065
10944
3900
1846
1761
1305
1134
1132
1287
1617
2712
5071
10952
25959
47450
899
0
0
0
0
0
0
0
0
0
0
0
0
0
0
0
0
0
0
0
0
0
0
4123
11521
12675
11870
10778
9710
7508
5930
4215
3448
2511
1839
1974
2260
3810
6578
9102
10520
12033
12002
11151
9431
7593
6627
5842
4585
3646
3170
2576
2391
2418
2644
2912
3360
3892
4567
5345
5837
5986
6139
6402
6506
6298
5936
5219
4569
3884
3400
3103
2587
2113
1845
1845
1740
1848
2139
2748
3694
5113
7534
11881
17486
23140
22044
10384
3298
1825
1786
1303
1058
1097
1266
1896
3148
6407
14950
36879
29460
0
0
0
0
0
0
0
0
0
0
0
0
0
0
0
0
0
0
0
0
0
536
9777
11997
12069
11137
10291
8345
6660
4678
3791
2968
2043
1986
2157
3484
6001
8687
9983
11701
11921
10681
9601
7320
6491
5675
4555
3457
3097
2478
2407
2676
3095
3500
4522
5910
7287
8515
9485
10398
11365
11834
12178
12162
11850
11538
10181
9428
7715
6251
4773
3651
3272
2724
2256
1906
1732
1726
1839
2432
3541
4737
7120
11911
17305
23453
21461
8997
2702
1884
1625
1222
1045
1190
1362
2231
3977
8761
20862
49657
4775
0
0
0
0
0
0
0
0
0
0
0
0
0
0
0
0
0
0
0
0
5056
11410
12235
11573
10414
9299
7160
5644
4192
3250
2314
1962
2144
3082
5382
8242
9380
11209
11647
10392
9581
7578
6443
5468
4344
3395
3144
2377
2591
3270
3760
4772
6625
8522
9834
11558
12306
13063
13341
13612
13940
14616
14544
14825
14837
15206
14321
13550
12295
9420
7370
5406
3946
3018
2654
2104
1709
1704
1786
2212
3358
4756
7259
11930
18005
24616
19510
7165
2331
1725
1407
1198
984
1184
1682
2641
5253
12803
31770
35738
0
0
0
0
0
0
0
0
0
0
0
0
0
0
0
0
0
0
0
555
9600
11654
11913
10739
10067
7933
6556
4796
3728
2768
2109
2079
2531
4478
7402
9254
10446
11411
10477
9512
7867
6531
5774
4235
3676
3218
2337
2903
3572
4356
6193
8297
10128
11539
12436
13203
13430
13803
13345
12770
12678
12905
13004
13184
13515
14800
15248
15565
15736
15303
13194
9827
6956
5080
3483
2820
2114
1804
1723
1657
2211
3309
4828
7582
12734
19490
25405
16073
4821
2045
1674
1388
1107
1060
1265
1919
3520
7806
18947
49411
5962
0
0
0
0
0
0
0
0
0
0
0
0
0
0
0
0
0
0
4552
10655
11668
11398
10071
8841
6985
5797
4177
3186
2265
1983
2321
3656
6213
8784
9901
11180
10615
9795
8106
7029
5876
4374
3684
3373
2541
2957
3630
5231
7173
8895
11304
12210
12382
12683
12397
11862
10600
10351
10684
10421
10326
10527
10636
11260
11513
12124
13673
14816
15982
16721
15748
13110
8841
5898
4149
3031
2339
1757
1527
1728
2265
3219
4890
8206
13738
21638
25112
11533
3175
1788
1535
1393
1081
1120
1489
2286
5154
12342
31917
34736
0
0
0
0
0
0
0
0
0
0
0
0
0
0
0
0
0
187
8889
11008
11635
10844
9822
7856
6587
5053
3692
2746
2128
2030
3035
5165
7961
9614
10461
10725
9799
8599
7476
6023
4754
3529
3443
2837
2944
3962
5665
7676
9416
11495
12359
12368
11706
10837
9859
9047
8846
8765
8491
7993
7273
7566
7708
7919
8306
9124
9437
10952
12803
14529
16440
17051
15337
10939
6593
4668
3334
2296
1768
1625
1742
2136
3419
5615
9579
15616
23994
21550
6866
2469
1720
1352
1417
995
1187
1906
3433
7841
20120
50542
2101
0
0
0
0
0
0
0
0
0
0
0
0
0
0
0
0
3056
10076
11433
11276
10045
8993
7332
5891
4261
3311
2333
2098
2381
4112
6636
8852
10072
10667
10070
8807
7996
6603
5375
3652
3539
2949
2986
4042
5675
8057
9582
11294
12132
11526
10821
9836
8897
8070
7307
6476
5606
5332
4744
4875
4822
4729
5085
5575
6204
7422
8183
9739
10603
12675
15736
17611
16110
12001
7442
4635
3221
2388
1691
1619
1799
2446
3622
6580
11091
18684
25936
15147
4089
2006
1559
1291
1242
972
1421
2503
5475
13072
36880
26692
0
0
0
0
0
0
0
0
0
0
0
0
0
0
0
0
6587
10377
11272
10843
9562
8118
6668
5354
3963
2869
2319
2018
3152
5415
7821
9333
10051
10511
9193
8664
7196
5825
4354
3470
3187
3208
3847
5511
7683
9635
11307
11685
11453
10257
8781
7735
7038
6069
5414
4775
4490
4144
3610
3157
3172
3247
3325
3526
3768
4339
5201
6379
8044
9821
11633
14840
17717
16951
12320
7520
4486
3069
2351
1566
1660
1876
2798
4253
7774
13608
23015
23737
8296
2767
1802
1435
1308
1074
1258
1785
3856
8782
23929
45431
0
0
0
0
0
0
0
0
0
0
0
0
0
0
0
821
9288
10595
11016
10411
8957
7782
6164
4756
3529
2696
2094
2309
4029
6561
8629
10125
10250
9728
8978
7970
6488
4760
3760
3276
3289
3598
5196
7307
9544
11119
11395
11036
9833
8536
7618
6797
5654
4836
4505
3836
3183
2766
2723
2929
2838
2777
2767
2787
3014
3260
3574
4094
5168
6436
8519
11488
14544
17682
17191
11979
6990
4265
2900
2167
1507
1552
2103
3137
5605
9876
17503
26425
15553
4280
2222
1462
1289
1206
1072
1443
2701
6433
16107
48986
8626
0
0
0
0
0
0
0
0
0
0
0
0
0
0
3527
9605
10828
10743
9781
8392
7351
5620
4398
3156
2337
2146
2806
5183
7219
9295
9908
10235
9139
8452
7200
5294
4479
3319
3473
3512
4686
6848
8642
10357
11076
10790
9643
8298
7188
6413
5273
4672
4212
3118
2534
2749
3020
2944
2606
2612
2704
2469
2344
2220
2150
2426
2860
3661
4617
6112
8077
10658
14897
18131
16535
10886
5997
3789
2830
1934
1443
1810
2477
3979
7544
13036
22461
23903
7876
2630
1703
1349
1202
1101
1240
1995
4627
11596
33496
31256
0
0
0
0
0
0
0
0
0
0
0
0
0
0
6215
9871
10665
10389
9471
8086
6561
5213
4049
2930
2229
2252
3664
6010
7885
9694
9773
9632
8732
7989
6181
4877
3789
3333
3535
4111
6096
7887
9687
11046
10496
9701
8388
7375
6503
5261
4496
3837
3044
2842
3129
3125
3079
3541
3478
3117
2779
2805
2676
2470
2178
2046
2199
2411
3184
4149
5821
8314
10718
15513
18319
15475
9737
4894
3346
2581
1721
1659
2061
2995
5426
10169
17769
26615
14301
3575
1912
1509
1180
1241
1172
1564
3437
8617
23561
45921
0
0
0
0
0
0
0
0
0
0
0
0
0
258
8548
10273
10711
10128
8943
7613
6037
5055
3593
2668
2339
2573
4489
6667
8820
9839
9675
9310
8682
7547
5492
4453
3521
3546
3796
5191
7077
8898
10670
10643
9675
8768
7435
6312
5572
4178
3958
3416
3456
3605
3950
4447
4850
4938
5357
5388
5341
4619
3897
3262
2828
2334
1932
1858
2234
2786
3821
5666
7936
11387
16414
18716
13592
7666
4149
3145
2099
1599
1685
2348
4041
7937
14099
23908
21453
5809
2431
1691
1284
1170
1134
1328
2756
6397
17327
51401
3371
0
0
0
0
0
0
0
0
0
0
0
0
2079
8853
10344
10609
9546
8643
7508
5663
4676
3458
2400
2249
2976
5293
6877
9458
9958
9891
8809
7946
6800
5137
4130
3425
3561
4574
6315
8104
9261
10343
9930
8724
8020
6576
6140
4595
4119
3660
3623
3769
4522
5896
6699
7782
8892
9234
9425
9150
8328
7033
5678
4364
3342
2605
2092
1794
2064
2793
3711
5986
8911
13155
17368
17889
10798
5374
3677
2614
1625
1729
2011
3117
5893
10963
20515
26050
9762
2816
1769
1455
1238
1195
1104
2146
5037
13151
39899
21182
0
0
0
0
0
0
0
0
0
0
0
0
3951
9272
10410
10258
9388
8258
6851
5420
4420
3162
2369
2520
3513
5764
7643
9439
9605
9434
8430
7604
6315
4720
3850
3525
3750
5285
6864
8673
9853
10062
9330
8581
7478
5952
4960
4297
3857
3856
4168
5124
7215
8473
10335
12351
13235
14573
14287
13973
13440
12504
10227
7657
5736
3561
2501
2001
1816
2235
2748
4610
6508
10549
15283
18772
14829
7538
4481
3078
1979
1710
1780
2449
4774
8765
16842
26909
15058
3436
1993
1604
1158
1315
1094
1778
3788
10196
29595
35353
0
0
0
0
0
0
0
0
0
0
0
0
5815
9468
10209
9880
9106
7942
6654
5192
4263
3015
2353
2682
4114
6077
8260
9512
9492
9037
8182
7329
5769
4585
3589
3632
4413
5569
7861
8718
10106
9998
8971
8246
6750
5678
4946
3975
3964
4005
5046
7318
9655
12097
12582
13291
13950
13432
14298
15353
15446
15277
13752
11688
8932
6030
3774
2860
2041
1812
2304
3322
5076
7930
12409
18028
17379
10593
5073
3737
2517
1800
1668
2030
3676
6994
13988
24853
20592
5300
2177
1582
1224
1172
1179
1531
3039
8215
23276
44847
0
0
0
0
0
0
0
0
0
0
0
0
7205
9466
10307
9774
8974
7635
6490
4989
4076
2804
2364
2909
4557
6224
8712
9602
9310
8912
7960
7328
5468
4239
3785
3714
4918
6242
8119
9207
9997
9686
8224
7857
6091
5411
4090
4197
3909
5178
7216
9644
11162
12238
12109
11161
10896
10136
10860
11515
12954
13304
16257
15000
12451
9208
5882
3358
2385
2159
2000
2456
4095
6248
9786
16186
18466
13748
6650
4110
2754
1940
1607
1988
2971
6038
11319
22559
24103
7798
2326
1721
1414
1248
1193
1286
2520
6802
18965
50957
0
0
0
0
0
0
0
0
0
0
0
314
8014
9512
10155
9345
8942
7266
5934
4984
3826
2695
2518
3075
4829
6895
8842
9323
9135
8542
7748
6832
5203
4061
3682
3951
4992
6885
8273
9641
9779
9159
8492
6797
6163
4636
4406
4040
4805
6977
8326
10893
11730
11547
10380
9441
8734
7858
8086
8088
10032
11837
13999
16149
15197
12612
8338
5203
3224
2213
2084
2035
3016
4855
8562
12893
19408
15967
8025
4710
3351
2066
1732
1737
2424
4934
9411
19689
26106
10750
2801
1851
1519
1177
1153
1272
2188
5755
15755
51612
3938
0
0
0
0
0
0
0
0
0
0
1307
8243
9584
9966
9197
8856
7278
5910
4911
3797
2709
2433
3265
5215
7270
9025
9437
8922
8627
7495
6768
4768
4195
3710
3929
5325
7340
8790
9461
9303
8814
7893
7034
5691
4671
4192
3945
5642
7676
9842
10764
10465
10166
8481
7129
5598
5531
5702
5607
6501
7577
10465
13961
16475
14759
11408
6499
4707
2831
2373
1902
2443
4158
6803
11326
18246
17432
10539
5127
3657
2368
1852
1703
2178
4135
8238
17380
27059
13661
3202
1901
1566
1240
1119
1221
1955
5052
13394
43204
15763
0
0
0
0
0
0
0
0
0
0
2181
8588
9633
9978
9140
8549
6909
5537
4800
3536
2653
2664
3419
5330
7655
8891
9371
8822
8495
7354
6338
4789
4230
3620
4164
5769
7638
8699
9381
9593
8434
8127
7023
5575
4349
4149
4319
6411
8435
9764
9815
9904
8327
7261
5800
4171
3895
3234
3671
3592
4772
7529
10045
14819
17196
13254
8558
5310
3328
2562
2027
2161
3405
5733
10166
16180
19321
12603
5815
4200
2454
1978
1690
1995
3561
7486
15658
26760
16370
3703
2066
1643
1254
1038
1178
1743
4257
12107
37472
23559
0
0
0
0
0
0
0
0
0
0
2886
8564
9665
9659
9066
8653
6819
5605
4665
3679
2693
2602
3768
5626
7650
8925
9090
8803
8371
7410
6293
4693
4195
3635
4441
6141
7592
8652
9374
9574
8156
8062
6824
5239
4199
3924
5154
6742
8273
9403
9591
8756
7263
5920
3866
3314
2431
1986
1837
2336
2971
5325
7038
11957
17298
15642
11360
6378
4061
2917
2270
1994
3020
4946
8716
14482
19515
14125
6655
4398
2715
1985
1823
1912
3253
6555
14346
25829
19197
4521
2115
1730
1297
1210
1171
1643
3945
10757
33872
28961
0
0
0
0
0
0
0
0
0
0
3433
8435
9407
9623
8867
8351
6803
5383
4820
3416
2844
2582
4038
5855
7431
9024
9252
8769
8261
7593
6122
4903
4074
3524
4542
6085
7677
8880
9341
9467
8335
7912
6803
4683
4273
4260
5045
6660
8575
8654
9778
8423
7255
5811
4207
2530
1952
1284
1330
1048
2125
3303
6037
10633
15023
16075
12758
7716
4778
3117
2317
2192
2726
4403
7818
13338
19438
15139
7381
4249
2765
2207
1827
1813
2943
5787
13102
24909
21057
5196
2113
1898
1362
1101
1160
1527
3600
9894
31634
32879
0
0
0
0
0
0
0
0
0
0
3665
8349
9440
9259
8814
8225
6738
5553
4618
3484
2727
2731
4106
5817
7547
9192
8804
8707
8314
7180
6222
4787
4093
3809
4787
5917
7621
8958
9261
9591
8605
7533
6568
4813
4038
4109
5327
6329
8720
8784
9452
8986
8294
6796
3707
2049
1375
1136
844
688
1018
2163
4777
8520
14820
16015
14027
9298
5329
3238
2466
2184
2848
4031
7539
12099
19402
16187
8160
4465
3083
2503
1769
1811
2543
5835
12597
23662
22319
5810
2213
1879
1428
1245
1116
1521
3332
9446
29705
35432
0
0
0
0
0
0
0
0
0
0
3879
8534
9237
9385
8592
8311
6411
5681
4550
3481
2789
2807
4240
5792
7495
9058
8729
8406
8390
7320
5904
4880
4074
3854
4886
6202
7440
8836
9104
9727
8736
8065
6343
4773
3875
4333
5319
5926
8030
9290
11116
9860
9839
9243
5169
2279
696
1157
1351
896
1463
2214
4244
8169
13743
16529
14543
10183
5631
3724
2559
2132
2488
3674
7320
11428
19196
16790
8371
4653
3283
2411
1918
1837
2542
5550
11961
23403
23067
6189
2318
1753
1212
1241
1100
1458
3234
9208
29077
36056
0
0
0
0
0
0
0
0
0
0
3886
8418
8994
9428
8563
8387
6611
5674
4568
3483
2802
2788
4103
5882
7282
8690
8986
8287
8408
7116
6350
4799
4084
3918
4786
6082
7221
8770
9068
9534
8776
7879
6266
4662
4166
4415
5162
5613
8007
8866
11174
11598
11578
10271
6531
2863
1817
1790
1695
1214
1107
2305
3611
7809
12514
16365
14461
9348
6213
3825
2662
2082
2565
3417
7398
11442
19164
17042
8312
4680
3442
2342
1796
1965
2733
5433
11568
23498
22860
6160
2358
1781
1454
1174
1108
1530
3266
9398
28642
36198
0
0
0
0
0
0
0
0
0
0
3645
8275
9034
9329
8521
8126
6886
5761
4475
3571
2876
2915
4190
5713
7376
8683
9067
8314
8346
7163
6412
4705
4277
3902
4769
5904
7175
8825
9581
9459
9328
8040
6412
4486
4311
4303
5331
5336
7666
9930
11221
12901
12698
11664
7846
4013
3625
3345
2958
1570
1508
2862
4031
7462
13358
15299
14133
8858
5584
3922
2797
2173
2529
3872
7321
11257
19326
16303
8122
4746
3307
2471
1780
2044
2710
5546
12067
23774
22482
5847
2383
1774
1465
1174
1099
1548
3161
9673
29752
34959
0
0
0
0
0
0
0
0
0
0
3148
8024
8959
9376
8537
8102
7017
5659
4631
3565
2925
2837
3940
5608
7306
8293
8738
8664
8462
7218
6368
4953
4287
3821
4618
5853
6869
8087
9704
8998
9514
8395
6601
4870
4420
4272
5104
5506
6961
9416
11081
12402
13757
12283
9065
6439
5109
3542
3896
2485
1863
2984
5766
8165
13711
16044
13109
8184
5548
3592
2944
2507
2407
4395
7223
12002
19104
15851
7615
4637
3433
2351
1851
1900
2802
5653
12708
24324
21885
5414
2350
1695
1544
1059
1086
1530
3269
10375
31219
32787
0
0
0
0
0
0
0
0
0
0
2732
8037
8963
9208
8334
8204
7008
5790
4958
3763
2758
2859
3849
5475
7034
8233
8622
8704
8245
7482
6395
5315
4299
3982
4481
5590
6552
7587
9757
9364
9257
8903
6621
5159
4359
4586
4483
5398
6135
8459
11345
11367
12983
11959
9981
7648
5434
4989
3888
2856
2986
3334
7027
10527
14923
15587
11266
7055
5309
3421
2869
2305
2858
4635
8070
13305
19587
14961
6798
4308
3273
2208
1822
1827
2800
6233
14054
24699
20131
4906
2240
1864
1450
1070
1143
1692
3555
11119
34195
28653
0
0
0
0
0
0
0
0
0
0
2155
8063
8866
9109
8496
8211
7282
5683
5148
4100
2862
2898
3781
5157
6459
8099
8714
8707
8271
7638
6547
5529
4607
4020
4597
5373
6526
7242
9448
9674
9467
8892
7202
5758
4639
4353
4471
4968
5654
7268
9627
11162
10511
11583
11101
8299
6942
6029
4925
3597
3775
4904
8100
11758
15057
14390
9422
6715
4582
3259
2802
2302
3159
5276
8482
15021
19524
13173
6151
4185
3214
2169
1699
2052
3040
6871
14840
25826
17656
4307
2196
1837
1361
1069
1188
1710
3976
11874
38095
22971
0
0
0
0
0
0
0
0
0
0
1259
7887
8864
8896
8555
8230
7366
5979
5155
4145
3068
2879
3546
4949
6422
7814
8577
8692
8349
7798
6991
5800
4943
3967
4353
5035
6157
7045
8780
9490
9742
8562
7912
6355
5051
3875
4365
4116
5553
6554
8300
9177
10514
9261
10252
9480
7165
5965
5479
5147
5524
6031
10623
13769
14712
11852
8203
6138
4004
3225
2759
2586
3612
5673
10035
16798
18579
11233
5640
4061
3020
2068
1639
2250
3328
7793
16586
27011
14425
3472
2061
1810
1328
955
1056
1897
4612
13710
43746
15119
0
0
0
0
0
0
0
0
0
0
344
7904
8539
8894
8706
8186
7447
6274
5148
4254
3189
3060
3370
4666
6193
7538
8504
8695
8525
8040
7046
6130
4978
4250
4280
4835
5734
6946
8196
9497
10261
9018
8187
7017
5565
4185
4070
4101
5001
5986
6890
8445
8574
9374
8326
8615
7776
7105
6594
6110
7290
9594
13039
14314
13079
10009
7349
5324
3509
3060
2567
2851
4095
6850
12194
17969
17429
9500
5065
3798
2871
1957
1831
2312
3949
9169
18670
26683
11197
2913
1981
1746
1237
995
1085
2175
5172
16402
51536
4069
0
0
0
0
0
0
0
0
0
0
0
6848
8486
8816
8832
8079
7503
7034
5337
4416
3569
3007
3165
4416
6025
7100
8320
8717
8534
8234
7271
6570
4880
4631
4289
4497
5717
6531
7901
8819
10051
9328
8553
7506
6183
4796
4355
4090
4186
5318
6282
7646
8086
8126
7977
7853
7445
7026
7794
8237
10217
12559
13125
13821
10591
8034
6093
4206
3449
2741
2903
3453
4937
8312
14156
18844
14631
7758
4834
3517
2648
1677
2003
2650
4801
10976
21125
25108
8668
2564
2104
1680
1247
1011
1273
2570
6230
19761
51340
0
0
0
0
0
0
0
0
0
0
0
0
5498
8293
8720
8978
8073
7652
6935
5627
4551
3739
2940
3013
4011
5413
6919
7921
8620
8508
8401
7371
6881
5566
4649
4322
4185
5404
6312
7253
8485
9811
9657
9352
7953
7080
5672
4379
4301
3998
5143
5610
6266
7520
7821
8182
8636
9058
8890
8662
9829
12056
13022
12757
10544
7861
5979
4609
3651
3029
2750
2933
4234
6141
10556
16301
18844
11676
5908
4287
3303
2455
1831
1943
2957
6046
13519
23519
21832
6197
2227
1801
1590
1355
920
1389
2927
7694
24124
44301
0
0
0
0
0
0
0
0
0
0
0
0
4011
8091
8582
8754
8107
7821
7126
5925
5110
4130
3195
2963
3864
5236
6412
7578
8403
8530
9006
7479
6827
6294
4691
4533
4240
4973
5688
7132
7837
9207
9715
9143
8803
7869
6349
5285
4358
4003
4683
5576
6333
7088
7695
8371
8575
9194
10339
11696
12576
12982
12427
10329
7737
5962
5098
3895
3210
2976
3034
3559
5238
7868
13230
18403
16360
8494
4641
3918
2910
2206
1814
2149
3799
8074
15972
25937
16165
4427
2140
1887
1504
1083
1071
1595
3588
9760
30577
35252
0
0
0
0
0
0
0
0
0
0
0
0
2146
7977
8517
8785
8336
7755
7231
6377
5252
4192
3490
2981
3554
4857
6206
7496
8229
8503
8817
7873
7059
6697
5003
4587
4435
4437
5498
6297
7262
8643
9596
9257
8937
7912
7887
6474
4974
4431
4764
4792
5291
6269
7587
8305
8508
9709
10449
10795
10853
10217
8640
7365
5625
5160
4277
3813
3052
3221
3389
4639
6787
10659
16260
18480
12474
6303
4158
3864
2530
2101
1799
2714
4638
10520
19394
26423
10951
3267
1975
1810
1279
996
1248
1911
4564
13004
40254
21191
0
0
0
0
0
0
0
0
0
0
0
0
281
7803
8235
8544
8812
7650
7479
6734
5372
4489
3697
3052
3224
4278
6006
6818
7826
8245
8694
8555
7637
6747
6142
4643
4581
4480
4961
6028
6584
8055
9246
9985
9243
8518
8257
7329
6256
4948
4734
4727
4771
5302
5872
7006
7748
7878
8356
8137
7870
7120
6289
5471
4800
4279
3698
3345
3355
3513
4481
5985
8392
13909
18029
16189
8220
4959
4006
3329
2234
1855
2113
3232
6417
13244
22945
22377
7201
2617
1946
1759
1171
981
1379
2435
5882
17177
51814
3428
0
0
0
0
0
0
0
0
0
0
0
0
0
6150
7972
8378
8933
7649
7794
6972
5876
4695
4030
3179
2955
3856
5594
6281
7401
8211
8680
8648
7805
7122
6468
5267
4452
4215
4759
5549
5944
7221
8168
9475
9596
8882
8732
8261
7052
6461
5318
5013
5142
5148
5200
5356
5365
5868
5874
6031
5695
5787
5256
4588
3737
3548
3412
3512
3385
4119
5341
7975
11512
16891
17897
11156
5887
4542
3654
2777
1912
1891
2700
4066
9110
17243
25708
15805
4405
2286
1948
1542
1042
1024
1380
3157
8104
23145
46366
0
0
0
0
0
0
0
0
0
0
0
0
0
0
3773
7966
8435
8961
7979
7842
7015
6361
5195
4223
3456
3086
3440
4981
5931
7093
7852
8758
8869
8107
7612
6666
6094
4719
4480
4411
4901
5915
6405
7839
8626
9315
9507
8721
8992
8170
7137
6846
6038
5347
5169
5470
5422
5412
5231
5151
4791
4734
4185
4171
4061
3902
3639
3827
3634
4160
5537
7504
10977
16092
18146
13646
7158
5215
3971
3322
2229
1717
2235
3228
6157
12123
21779
24175
9409
3051
2188
1758
1377
1028
1114
1685
4208
11456
33802
31310
0
0
0
0
0
0
0
0
0
0
0
0
0
0
849
8230
8105
8374
8550
7538
7373
6803
5440
4474
3857
3085
3115
4174
5772
6360
7071
8101
9010
8368
7989
6936
6562
5337
4686
4240
4550
5268
5927
6814
8039
8681
9079
8837
8864
9284
8531
7465
6561
6074
5938
5372
5038
5419
5074
4623
4608
4462
4269
3962
4042
4209
4034
3624
4240
5730
7407
10780
15238
17745
14917
8546
5551
4258
3322
2427
2020
1933
2695
4511
8636
16262
25255
17810
5054
2574
2102
1649
1147
1026
1286
2259
5890
16346
49236
8642
0
0
0
0
0
0
0
0
0
0
0
0
0
0
0
6622
8117
8294
8580
7719
7562
6827
6095
4743
4170
3296
3167
3650
5272
5933
6988
7812
8668
8992
8006
7403
6819
6101
4980
4687
4547
4647
5586
6435
7221
8002
8364
8758
9002
8632
8762
8450
7968
7031
6456
6015
5683
5084
4586
4600
4516
4282
4622
4521
3954
3731
3821
4969
6327
7865
10989
15068
17291
14715
9529
6231
4778
3528
2594
2339
1875
2331
3740
6285
12003
21506
24508
10182
3314
2371
1759
1398
1118
1062
1518
3171
8484
24539
46055
0
0
0
0
0
0
0
0
0
0
0
0
0
0
0
0
3211
8386
8121
8785
8032
7644
7267
6486
5253
4458
3735
3173
3348
4376
5912
6310
7206
8476
8667
8355
7921
7103
6956
5727
4927
4636
4522
5049
5838
6450
7089
8016
8259
8621
8420
8695
8600
8328
7883
6970
6683
6243
6188
5928
5280
5451
5230
4552
4362
4650
5378
6462
7750
8897
11567
15352
16925
15136
9777
6452
4960
3790
2757
2476
2070
2171
3158
5368
8782
17006
25817
16808
5091
2864
2048
1651
1237
1095
1146
2056
4736
12864
37962
26234
0
0
0
0
0
0
0
0
0
0
0
0
0
0
0
0
252
8268
8372
8439
8423
7665
7438
6663
6129
4606
4218
3274
3185
3683
5282
6351
6775
7615
8365
9101
7959
7832
6931
6528
5581
4988
4469
4512
5430
6115
6956
7373
7533
8072
8479
8363
8635
8338
7303
7659
7295
6675
6276
5948
5893
5407
5190
5379
5738
6389
7186
8289
10308
12621
15301
16742
14095
9323
6276
4879
3949
3108
2541
2274
1991
2946
4610
7309
13121
23383
22721
9139
3112
2175
1844
1349
1092
983
1470
3000
7222
20474
51652
2263
0
0
0
0
0
0
0
0
0
0
0
0
0
0
0
0
0
4794
8565
8386
8697
7743
7807
6843
6422
5293
4678
3660
3205
3396
4432
5888
6312
7091
7923
8479
8756
7948
7707
6745
6430
5310
4705
4170
4446
5665
6298
6931
7861
8220
8203
8353
8501
8242
8398
7440
7070
6928
6778
6739
6443
6729
7394
7590
7922
8628
10033
11953
13938
15568
15634
12603
8646
6011
4988
4093
3169
2532
2309
2071
2602
3904
6270
10806
19766
25392
13987
4378
2557
1941
1653
1141
1055
1261
1982
4520
11685
33463
34711
0
0
0
0
0
0
0
0
0
0
0
0
0
0
0
0
0
0
769
8898
8415
8527
8184
7605
7417
6454
5961
4703
4290
3259
3283
3577
5138
6145
6697
7482
8111
8820
8319
8150
7539
6530
6433
5442
4935
4132
4247
5486
6084
7111
7996
8524
8397
8982
9054
8570
8514
8022
8066
7689
7997
8074
8214
8692
9722
10730
12257
13904
15325
15411
13651
10695
7698
5886
4826
3752
2994
2430
2388
2157
2473
3857
5714
9318
17238
25363
18578
6468
2825
2159
1830
1248
1141
1096
1483
3074
7003
19147
50696
6036
0
0
0
0
0
0
0
0
0
0
0
0
0
0
0
0
0
0
0
5231
9019
8395
8622
7757
7747
6957
6377
5503
4625
3889
3140
3221
4093
5693
6176
6943
7823
8202
8947
8346
8211
7294
6413
6118
5279
4884
4149
4249
5153
5646
7183
7809
8882
9002
9103
9786
10161
10157
10328
10059
10459
10952
11538
12293
13157
14494
14793
14734
13180
11134
8313
6465
5170
4320
3570
2782
2603
2509
2106
2530
3790
5414
8717
15342
23497
22013
9128
3425
2198
1927
1483
1261
1017
1372
2272
4425
11733
33352
36341
0
0
0
0
0
0
0
0
0
0
0
0
0
0
0
0
0
0
0
0
684
9281
8732
8669
8201
7566
7481
6455
6165
5236
4430
3532
3273
3513
4682
6144
6413
7410
7716
8250
8571
8394
8233
7346
6456
5940
5538
5010
4297
4106
4893
5328
6365
7284
8324
9134
9887
10223
10966
11507
12169
12839
12999
13240
13763
13803
12728
11896
10140
8321
6657
5646
4667
3790
3399
2705
2532
2565
2194
2668
4071
5333
8511
14128
22140
23394
11612
4133
2562
2038
1574
1223
1040
1259
1699
3310
7904
21010
50824
5264
0
0
0
0
0
0
0
0
0
0
0
0
0
0
0
0
0
0
0
0
0
4607
9581
8398
8551
7940
7536
7038
6124
5750
4912
4264
3203
3186
3543
5341
6318
7009
7422
7857
8308
8761
8346
8063
7735
6587
5881
5390
5265
4753
4144
4331
4969
5572
6215
7041
7547
8328
9298
9984
10128
10211
10698
10657
9986
8970
8191
7231
6025
5398
4766
4211
3753
3335
2588
2419
2435
2553
2902
4130
5222
8479
13977
21213
24756
13332
4971
2790
2028
1806
1446
1259
1139
1536
2518
5416
13929
37795
30456
0
0
0
0
0
0
0
0
0
0
0
0
0
0
0
0
0
0
0
0
0
0
148
8810
9037
8619
8186
7811
7472
6717
6257
5438
4634
3779
3173
3187
3775
5726
6642
7211
7519
7910
8146
8466
8238
8023
7813
6700
5948
5457
5256
4924
4415
4208
4288
4648
5145
5644
5920
6035
6144
6689
6742
6563
6633
6490
5939
5513
4935
4865
4237
3469
3464
2835
2533
2505
2725
2756
3047
3997
5620
8804
14582
21134
24550
13835
5537
3070
2065
1781
1560
1262
1043
1442
2013
4327
9852
26088
48883
984
0
0
0
0
0
0
0
0
0
0
0
0
0
0
0
0
0
0
0
0
0
0
0
2373
10460
8986
8272
7943
7685
7097
6341
5880
5100
4606
3442
3246
3161
4048
5936
6738
7444
7775
8182
8186
8513
8279
7826
7728
6894
6150
5384
5403
5054
4470
4522
4250
4306
4509
4823
4849
4534
4732
4737
5067
4557
4469
4230
3959
3621
3303
3069
2810
2433
2778
2712
2614
2762
3240
4456
6650
9941
15247
21789
23702
14012
5707
3291
2107
1902
1614
1476
1051
1182
1728
3505
7389
18571
48196
14442
0
0
0
0
0
0
0
0
0
0
0
0
0
0
0
0
0
0
0
0
0
0
0
0
0
6165
10243
8779
8685
7719
7635
7214
6198
5716
5034
4263
3562
3267
3228
4023
6062
7053
7507
8048
8338
7960
8391
8505
7955
7625
6973
6497
5593
5292
5107
4362
4236
4067
4020
3923
3991
4182
4229
3961
3871
3720
3676
3510
3266
3082
2879
2868
3036
2734
2597
2854
3402
4195
5644
8010
11118
16334
22604
22620
12911
5560
3209
2275
1916
1665
1474
1092
1189
1698
2997
6094
14306
36620
34523
0
0
0
0
0
0
0
0
0
0
0
0
0
0
0
0
0
0
0
0
0
0
0
0
0
0
153
9540
10270
8749
8593
8020
7307
6931
6092
5340
4853
4307
3554
3127
3236
3814
6014
7392
7898
8200
8456
8277
8090
8332
8238
7741
7475
6585
6230
5415
5262
5233
4814
4333
4002
3677
3629
3617
3480
3428
3279
3069
3038
2887
2956
3022
3032
2901
3018
3369
4251
5503
6967
9287
13020
18840
23715
20572
11125
5224
3138
2194
1825
1700
1359
1143
1167
1628
2700
5196
11306
28319
47522
1118
0
0
0
0
0
0
0
0
0
0
0
0
0
0
0
0
0
0
0
0
0
0
0
0
0
0
0
1498
11324
9682
8935
8420
7724
7165
6756
6019
5379
4748
4177
3528
3056
3339
3713
5400
7264
8417
8637
8575
8616
8563
8285
8361
8007
7374
6735
6330
6042
5145
5022
5119
4718
4587
4113
3903
3747
3604
3488
3237
3272
3374
3139
3155
3552
3860
4499
5643
6562
8623
11626
15665
21275
23562
17056
8776
4473
2934
2215
2074
1602
1343
1085
1248
1548
2478
4779
9808
23337
50245
8185
0
0
0
0
0
0
0
0
0
0
0
0
0
0
0
0
0
0
0
0
0
0
0
0
0
0
0
0
0
3287
12329
9449
8936
8165
7729
7120
6455
5887
5106
4494
4067
3487
3081
3304
3701
4751
6885
8990
9258
9287
8600
8792
8352
8636
8360
8062
7564
6870
6320
5638
5156
4826
4941
4821
4597
4316
4173
4172
4116
4090
3999
4350
4577
5646
6440
7733
9322
11568
15092
19305
22905
21096
12509
6750
3694
2765
2256
1860
1472
1466
1130
1281
1674
2435
4412
9040
20499
48115
17431
0
0
0
0
0
0
0
0
0
0
0
0
0
0
0
0
0
0
0
0
0
0
0
0
0
0
0
0
0
0
0
5365
12840
9633
9078
8172
7778
7183
6636
5920
5187
4413
4001
3566
3115
3283
3371
4049
5895
8398
10005
10361
9820
9207
9283
8697
8747
8220
7938
7591
6975
6609
6437
5979
5746
5763
5643
5668
5532
5627
5834
6045
6830
7889
8796
10715
12489
15168
19159
21688
21436
15497
8504
4752
3231
2538
2176
1791
1511
1459
1222
1266
1745
2539
4084
8774
18803
44615
25404
0
0
0
0
0
0
0
0
0
0
0
0
0
0
0
0
0
0
0
0
0
0
0
0
0
0
0
0
0
0
0
0
0
6916
13070
9912
9476
8079
7639
7117
6421
5835
5127
4292
4114
3566
3269
3097
3163
3516
4564
6538
9226
11213
11772
10895
10696
10471
9988
9611
9356
8824
8624
7956
7620
7482
7352
7164
7390
8048
8353
8930
9765
10934
12526
14406
16831
19829
21453
20650
15422
9419
5552
3449
2815
2378
1936
1519
1423
1513
1259
1299
1753
2545
4212
8903
18104
42153
30690
0
0
0
0
0
0
0
0
0
0
0
0
0
0
0
0
0
0
0
0
0
0
0
0
0
0
0
0
0
0
0
0
0
0
0
7946
13493
10332
9307
8241
7875
7090
6587
5809
5238
4393
3944
3644
3268
3159
3284
3306
3737
4747
6539
9235
11435
12224
12631
12786
12137
11946
11675
11529
11420
11082
10862
10830
11381
11462
12226
13093
14361
15833
17633
18902
20193
20179
17661
13773
8770
5472
3750
2881
2500
2186
1747
1611
1463
1443
1245
1302
1785
2741
4699
9118
18838
42296
31928
0
0
0
0
0
0
0
0
0
0
0
0
0
0
0
0
0
0
0
0
0
0
0
0
0
0
0
0
0
0
0
0
0
0
0
0
0
7793
14673
10869
9720
8185
7960
7005
6455
6030
5475
4482
3948
3699
3347
3281
3106
3160
3679
3783
4384
5654
7599
9828
11633
13471
14812
15201
15623
15800
15658
15902
16830
17231
17800
18648
18931
19977
19290
18617
16350
13273
9977
6862
4696
3628
2896
2530
2219
1939
1821
1559
1496
1342
1192
1443
1967
3161
5280
10101
20698
44400
30018
0
0
0
0
0
0
0
0
0
0
0
0
0
0
0
0
0
0
0
0
0
0
0
0
0
0
0
0
0
0
0
0
0
0
0
0
0
0
0
6829
15442
11718
10069
8629
8180
7229
6425
6097
5529
4677
4040
3596
3400
3254
3218
2855
3216
3342
3629
4114
4762
5772
6952
8071
9400
10856
12035
13329
14051
14744
14856
14482
13718
12609
10820
9424
7847
5858
4433
3662
3227
2757
2519
2207
2119
1862
1743
1479
1401
1222
1270
1684
2439
4008
6253
11660
23130
46819
24459
0
0
0
0
0
0
0
0
0
0
0
0
0
0
0
0
0
0
0
0
0
0
0
0
0
0
0
0
0
0
0
0
0
0
0
0
0
0
0
0
0
4643
16532
13223
10598
9032
8435
7317
6782
5997
5751
5081
4285
3715
3387
3212
3182
2958
2757
2877
3201
3424
3397
3639
3885
4338
4823
5391
5560
5706
5888
5670
5692
5280
4840
4471
3900
3435
3014
3059
2752
2614
2276
1909
1796
1646
1453
1365
1368
1382
1517
2001
3255
4744
7774
14120
27734
49024
16623
0
0
0
0
0
0
0
0
0
0
0
0
0
0
0
0
0
0
0
0
0
0
0
0
0
0
0
0
0
0
0
0
0
0
0
0
0
0
0
0
0
0
0
2219
15665
15649
11773
9664
8815
7447
7151
6345
5767
5135
4663
3997
3412
3484
3027
2967
2908
2627
2663
2861
2940
3063
2954
3005
3083
3203
3188
3042
3111
2974
2932
2884
2772
2694
2545
2298
2173
1932
1821
1716
1611
1447
1455
1360
1355
1516
1910
2798
4175
6166
10242
18428
34843
46205
7827
0
0
0
0
0
0
0
0
0
0
0
0
0
0
0
0
0
0
0
0
0
0
0
0
0
0
0
0
0
0
0
0
0
0
0
0
0
0
0
0
0
0
0
0
0
359
11248
18821
14260
10960
9392
8112
7278
6886
5968
5366
4877
4442
3712
3465
3327
2926
2813
2724
2761
2523
2531
2648
2620
2530
2424
2597
2563
2600
2480
2522
2356
2025
2064
1954
1792
1750
1598
1657
1539
1523
1513
1510
1727
1986
2670
3805
5514
8507
14186
24567
45251
33848
1114
0
0
0
0
0
0
0
0
0
0
0
0
0
0
0
0
0
0
0
0
0
0
0
0
0
0
0
0
0
0
0
0
0
0
0
0
0
0
0
0
0
0
0
0
0
0
0
0
4934
18430
17822
13329
10713
9184
7671
7322
6428
5693
4886
4759
4194
3670
3457
3174
2776
2759
2736
2609
2474
2341
2233
2154
2159
2004
1944
1887
1815
1846
1812
1676
1658
1732
1698
1655
1633
1666
1835
2007
2424
2790
3662
5308
7766
12201
19856
35761
46612
14123
0
0
0
0
0
0
0
0
0
0
0
0
0
0
0
0
0
0
0
0
0
0
0
0
0
0
0
0
0
0
0
0
0
0
0
0
0
0
0
0
0
0
0
0
0
0
0
0
0
0
0
335
11176
21785
17597
13548
11101
9146
7987
7081
6347
5749
5131
4756
4060
3871
3417
3247
3037
2755
2675
2640
2522
2472
2421
2309
2166
2045
1839
1825
1851
1745
1884
1851
1809
1956
2010
2191
2654
3123
3846
5478
8087
11879
18778
31059
47057
27796
921
0
0
0
0
0
0
0
0
0
0
0
0
0
0
0
0
0
0
0
0
0
0
0
0
0
0
0
0
0
0
0
0
0
0
0
0
0
0
0
0
0
0
0
0
0
0
0
0
0
0
0
0
0
0
1991
15028
24019
19097
14258
11636
9945
8640
7467
6659
5965
5355
4840
4432
3975
3530
3147
2923
2797
2679
2620
2579
2421
2399
2397
2298
2289
2258
2290
2340
2493
2656
2934
3466
4102
5168
6945
9425
13386
19713
30847
46912
33068
4605
0
0
0
0
0
0
0
0
0
0
0
0
0
0
0
0
0
0
0
0
0
0
0
0
0
0
0
0
0
0
0
0
0
0
0
0
0
0
0
0
0
0
0
0
0
0
0
0
0
0
0
0
0
0
0
0
0
0
2497
15703
25567
22031
16790
13538
11139
9766
8578
7437
6727
5971
5522
4984
4607
4194
3812
3578
3283
3091
3055
3199
3143
3054
3079
3366
3478
3930
4377
4890
5773
6988
8741
11572
16480
23797
35077
46085
31246
5298
0
0
0
0
0
0
0
0
0
0
0
0
0
0
0
0
0
0
0
0
0
0
0
0
0
0
0
0
0
0
0
0
0
0
0
0
0
0
0
0
0
0
0
0
0
0
0
0
0
0
0
0
0
0
0
0
0
0
0
0
0
0
985
12570
23651
28012
22328
17826
14561
12543
10873
9384
8684
7842
7119
6464
6150
5689
5531
5224
5286
5002
4947
5139
5576
5988
6823
7430
8458
10340
12777
16682
22441
31182
43720
40287
22872
1843
0
0
0
0
0
0
0
0
0
0
0
0
0
0
0
0
0
0
0
0
0
0
0
0
0
0
0
0
0
0
0
0
0
0
0
0
0
0
0
0
0
0
0
0
0
0
0
0
0
0
0
0
0
0
0
0
0
0
0
0
0
0
0
0
0
0
0
4170
16314
25455
31218
26768
22215
18858
16463
14505
13350
12369
11509
10913
10282
10109
10228
10205
10831
11734
12498
13462
15479
18385
22008
27681
35769
45394
39595
26710
7384
0
0
0
0
0
0
0
0
0
0
0
0
0
0
0
0
0
0
0
0
0
0
0
0
0
0
0
0
0
0
0
0
0
0
0
0
0
0
0
0
0
0
0
0
0
0
0
0
0
0
0
0
0
0
0
0
0
0
0
0
0
0
0
0
0
0
0
0
0
0
0
0
0
1711
11653
21045
28454
33735
35490
31681
28714
27054
25468
24827
24192
24198
25203
26530
29185
32654
36712
42458
42178
37036
28887
17212
2656
0
0
0
0
0
0
0
0
0
0
0
0
0
0
0
0
0
0
0
0
0
0
0
0
0
0
0
0
0
0
0
0
0
0
0
0
0
0
0
0
0
0
0
0
0
0
0
0
0
0
0
0
0
0
0
0
0
0
0
0
0
0
0
0
0
0
0
0
0
0
0
0
0
0
0
0
0
0
0
0
0
2567
9507
15259
19574
22595
25070
26213
27097
26565
24816
21848
17813
11929
3062
0
0
0
0
0
0
0
0
0
0
0
0
0
0
0
0
0
0
0
0
0
0
0
0
0
0
0
0
0
0
0
0
0
0
0
0
0
0
0
0
0
0
0
0
0
0
0
0
0
0
0
0
0
0
0
0
0
0
0
0
0
0
0
0
0
0
0
0
0
0
0
0
0
0
0
0
0
0
0
0
0
0
0
0
0
0
0
0
0
0
0
0
0
0
0
0
0
0
0
0
0
0
0
0
0
0
0
0
0
0
0
0
0
0
0
0
0
0
0
0
0
0
0
0
0
0
0
0
0
0
0
0
0
0
0
0
0
0
0
0
0
0
0
0
0
0
0
0
0
0
0
0
0
0
0
0
0
0
0
0
0
0
0
0
0
0
0
0
0
0
0
0
0
0
0
0
0
0
0
0
0
0
0
0
0
0
0
0
0
0
0
0
0
0
0
0
0
0
0
0
0
0
0
0
0
0
0
0
0
0
0
0
0
0
0
0
0
0
0
0
0
0
0
0
0
0
0
0
0
0
0
0
0
0
0
0
0
0
0
0
0
0
0
0
0
0
0
0
0
0
0
0
0
0
0
0
0
0
0
0
0
0
0
0
0
0
0
0
0
0
0
0
0
0
0
0
0
0
0
0
0
0
0
0
0
0
0
0
0
0
0
0
0
0
0
0
0
0
0
0
0
0
0
0
0
0
0
0
0
0
0
0
0
0
0
0
0
0
0
0
0
0
0
0
0
0
0
0
0
0
0
0
0
0
0
0
0
0
0
0
0
0
0
0
0
0
0
0
0
0
0
0
0
0
0
0
0
0
0
0
0
0
0
0
0
0
0
0
0
0
0
0
0
0
0
0
0
0
0
0
0
0
0
0
0
0
0
0
0
0
0
0
0
0
0
0
0
0
0
0
0
0
0
0
0
0
0
0
0
0
0
0
0
0
0
0
0
0
0
0
0
0
0
0
0
0
0
0
0
0
0
0
0
0
0
0
0
0
0
0
0
0
0
0
0
0
0
0
0
0
0
0
0
0
0
0
0
0
0
0
0
0
0
0
0
0
0
0
0
0
0
0
0
0
0
0
0
0
0
0
0
0
0
0
0
0
0
0
0
0
0
0
0
0
0
0
0
0
0
0
0
0
0
0
0
0
0
0
0
0
0
0
0
0
0
0
0
0
0
0
0
0
0
0
0
0
0
0
0
0
0
0
0
0
0
0
0
0
0
0
0
0
0
