./RotationSim r 48
0
0
0
0
0
0
0
0
0
0
0
0
0
0
0
0
0
0
0
0
0
0
0
0
0
0
0
0
0
0
0
0
0
0
0
0
0
0
0
0
0
0
0
0
0
0
0
0
0
0
0
0
0
0
0
0
0
0
0
0
0
0
0
0
0
0
0
0
0
0
0
0
0
0
0
0
0
0
0
0
0
0
0
0
0
0
0
0
0
0
0
0
0
0
0
0
0
0
0
0
0
0
0
0
0
0
0
0
0
0
0
0
0
0
0
0
0
0
0
0
0
0
0
0
0
0
0
0
0
0
0
0
0
0
0
0
0
0
0
0
0
0
0
0
0
0
0
0
0
0
0
0
0
0
0
0
0
0
0
0
0
0
0
0
0
0
0
0
0
0
0
0
0
0
0
0
0
0
0
0
0
0
0
0
0
0
0
0
0
0
0
0
0
0
0
0
0
0
0
0
0
0
0
0
0
0
0
0
0
0
0
0
0
0
0
0
0
0
0
0
0
0
0
0
0
0
0
0
0
0
0
0
0
0
0
0
0
0
0
0
0
0
0
0
0
0
0
0
0
0
0
0
0
0
0
0
0
0
0
0
0
0
0
0
0
0
0
0
0
0
0
0
0
0
0
0
0
0
0
0
0
0
0
0
0
0
0
0
0
0
0
0
0
0
0
0
0
0
0
0
0
0
0
0
0
0
0
0
0
0
0
0
0
0
0
0
0
0
0
0
0
0
0
0
0
0
0
0
0
0
0
0
0
0
0
0
0
0
0
0
0
0
0
0
0
0
0
0
0
0
0
0
0
0
0
0
0
0
0
0
0
0
0
0
0
0
0
0
0
0
0
0
0
0
0
0
0
0
0
0
0
0
0
0
0
0
0
0
0
0
0
0
0
0
0
0
0
0
0
0
0
0
0
0
0
0
0
0
0
0
0
0
0
0
0
0
0
0
0
0
0
0
0
0
0
0
0
0
0
0
0
0
0
0
0
0
0
0
0
0
0
0
0
0
0
0
0
0
0
0
0
0
0
0
0
0
0
0
0
0
0
0
0
0
0
0
0
0
0
0
0
0
0
0
0
0
0
0
0
0
0
0
0
0
0
0
0
0
0
0
0
0
0
0
0
0
0
0
0
0
0
0
0
0
0
0
0
0
0
0
0
0
0
0
0
0
0
0
0
0
0
0
0
0
0
0
0
0
0
0
0
0
0
0
0
0
0
0
0
0
0
0
0
0
0
0
32
86
158
248
295
282
177
66
0
0
0
0
0
0
0
0
0
0
0
0
0
0
0
0
0
0
0
0
0
0
0
0
0
0
0
0
0
0
0
0
0
0
0
0
0
0
0
0
0
0
0
0
0
0
0
0
0
0
0
0
0
0
0
0
0
0
0
0
0
0
0
0
0
0
0
0
0
0
0
0
0
0
0
0
0
0
0
0
0
0
0
0
0
1
68
315
601
1133
2157
3759
5296
7357
9888
12019
14135
15481
16841
16880
16031
13723
10938
7672
4075
1238
19
0
0
0
0
0
0
0
0
0
0
0
0
0
0
0
0
0
0
0
0
0
0
0
0
0
0
0
0
0
0
0
0
0
0
0
0
0
0
0
0
0
0
0
0
0
0
0
0
0
0
0
0
0
0
0
0
0
0
0
0
0
0
0
0
0
0
0
0
0
0
0
0
0
0
0
16
170
496
1224
2477
4345
7552
11341
16012
21305
25628
29705
31579
33353
34915
36071
36627
37064
37911
39163
40465
41103
40219
36994
30144
19441
8748
1229
0
0
0
0
0
0
0
0
0
0
0
0
0
0
0
0
0
0
0
0
0
0
0
0
0
0
0
0
0
0
0
0
0
0
0
0
0
0
0
0
0
0
0
0
0
0
0
0
0
0
0
0
0
0
0
0
0
0
0
0
0
0
0
0
0
0
0
0
0
8
137
435
1045
2366
4548
8186
12704
18555
24307
28218
30007
29229
28461
26928
24406
22673
20759
19492
18478
18089
18477
19577
20720
22953
26710
31010
36307
43374
48352
46056
32327
13393
940
0
0
0
0
0
0
0
0
0
0
0
0
0
0
0
0
0
0
0
0
0
0
0
0
0
0
0
0
0
0
0
0
0
0
0
0
0
0
0
0
0
0
0
0
0
0
0
0
0
0
0
0
0
0
0
0
0
0
0
0
0
0
0
0
23
230
593
1301
2848
5619
10014
16092
22438
26836
27962
26406
23650
20390
17377
14670
12215
9942
8448
7206
6276
6060
5795
5453
5465
5945
6309
7138
8829
10886
13998
18844
27331
38236
51638
50893
30150
5265
0
0
0
0
0
0
0
0
0
0
0
0
0
0
0
0
0
0
0
0
0
0
0
0
0
0
0
0
0
0
0
0
0
0
0
0
0
0
0
0
0
0
0
0
0
0
0
0
0
0
0
0
0
0
0
0
0
0
0
0
30
223
567
1319
2898
6029
10643
16827
23104
26503
25899
22577
19514
15841
12080
8868
6700
4836
3771
3077
2452
2229
1930
1651
1396
1331
1308
1373
1585
1795
2381
2794
3519
4808
6743
9537
15102
25121
42541
58523
41298
8192
0
0
0
0
0
0
0
0
0
0
0
0
0
0
0
0
0
0
0
0
0
0
0
0
0
0
0
0
0
0
0
0
0
0
0
0
0
0
0
0
0
0
0
0
0
0
0
0
0
0
0
0
0
0
0
0
14
130
441
947
2477
5114
9629
15539
22377
25694
24194
20969
17098
13141
8771
5996
3959
2749
1944
1501
901
649
482
486
450
413
321
403
469
497
448
422
480
569
795
987
1503
2287
3496
6008
10011
17803
35864
60990
44447
5670
0
0
0
0
0
0
0
0
0
0
0
0
0
0
0
0
0
0
0
0
0
0
0
0
0
0
0
0
0
0
0
0
0
0
0
0
0
0
0
0
0
0
0
0
0
0
0
0
0
0
0
0
0
54
269
684
1702
3932
7651
13213
19505
24055
23877
20136
16403
11737
7340
4632
2981
1963
1328
818
552
427
451
434
435
369
310
327
405
384
379
356
392
396
389
390
352
350
495
513
829
1140
2240
4351
8069
15421
35994
64159
35546
477
0
0
0
0
0
0
0
0
0
0
0
0
0
0
0
0
0
0
0
0
0
0
0
0
0
0
0
0
0
0
0
0
0
0
0
0
0
0
0
0
0
0
0
0
0
0
0
0
0
9
142
430
952
2567
5456
10064
15821
22028
24228
21188
16583
12154
7209
4154
2610
1545
1108
690
479
463
480
524
622
662
871
975
997
934
1003
980
864
788
736
655
570
519
477
414
408
441
378
451
599
908
1638
3643
7788
16914
45871
63953
13554
0
0
0
0
0
0
0
0
0
0
0
0
0
0
0
0
0
0
0
0
0
0
0
0
0
0
0
0
0
0
0
0
0
0
0
0
0
0
0
0
0
0
0
0
0
0
0
38
199
505
1219
3362
6548
11544
17748
22910
22939
18164
13025
8270
4667
2665
1573
1070
726
503
480
571
766
928
1071
1283
1379
1271
1316
1275
1405
1302
1310
1403
1454
1370
1241
981
917
822
658
608
471
373
355
366
323
483
873
1493
3862
9310
24171
65248
38238
0
0
0
0
0
0
0
0
0
0
0
0
0
0
0
0
0
0
0
0
0
0
0
0
0
0
0
0
0
0
0
0
0
0
0
0
0
0
0
0
0
0
0
0
1
59
229
667
1581
3987
7320
12836
18915
23182
21224
15611
10401
5845
3254
1879
1219
713
469
534
767
1012
1192
1254
1292
1332
1423
1571
1765
1620
1747
1773
1906
1698
1866
1576
1509
1332
1256
1318
1239
1175
883
708
674
634
504
444
456
364
498
881
1825
5376
13600
48839
60654
2523
0
0
0
0
0
0
0
0
0
0
0
0
0
0
0
0
0
0
0
0
0
0
0
0
0
0
0
0
0
0
0
0
0
0
0
0
0
0
0
0
0
10
81
260
768
1812
4293
7501
13532
19344
22766
19523
13424
8681
4495
2556
1501
952
550
495
944
1058
1179
1309
1531
1583
1758
1967
2086
2050
2143
2018
2016
2026
1971
2042
2029
2263
2129
1990
1961
1977
1709
1487
1203
1136
897
722
704
638
504
494
449
423
629
1146
3050
8923
32037
72401
9763
0
0
0
0
0
0
0
0
0
0
0
0
0
0
0
0
0
0
0
0
0
0
0
0
0
0
0
0
0
0
0
0
0
0
0
0
0
0
0
14
86
274
752
1846
4397
7727
13635
19065
22163
18003
12556
7556
3596
2133
1234
694
453
808
1101
1226
1467
1552
1688
1912
1912
2186
2372
2798
3526
4200
4816
5596
5688
5906
5450
4877
4161
3242
2973
2578
2358
2177
2171
2067
1847
1339
1268
894
667
647
656
441
431
423
454
845
1912
6139
22369
74225
16679
0
0
0
0
0
0
0
0
0
0
0
0
0
0
0
0
0
0
0
0
0
0
0
0
0
0
0
0
0
0
0
0
0
0
0
0
0
14
92
237
713
1851
4104
7579
13171
19203
21437
17306
11962
6976
3385
2077
1144
566
662
1007
1221
1295
1539
1798
1756
1953
2715
3761
5296
8230
10760
13810
17260
20390
21721
22880
23429
23620
23145
21338
17919
13710
9552
6169
3731
2722
2297
2077
2069
1817
1540
1190
809
672
640
592
443
437
453
640
1413
4613
17373
73414
20166
0
0
0
0
0
0
0
0
0
0
0
0
0
0
0
0
0
0
0
0
0
0
0
0
0
0
0
0
0
0
0
0
0
0
0
18
96
207
702
1754
3754
7464
12344
18275
20693
17633
11781
6822
3394
1922
914
557
716
1050
1306
1495
1700
1709
2210
3378
5280
8518
13165
17819
21509
25058
26997
28334
28086
28915
29184
28964
29710
30859
32369
34058
35216
33684
28663
21365
12914
7075
3370
2344
2257
2084
1789
1568
1034
738
588
652
488
450
405
577
1204
3750
15453
73341
19571
0
0
0
0
0
0
0
0
0
0
0
0
0
0
0
0
0
0
0
0
0
0
0
0
0
0
0
0
0
0
0
0
0
12
80
140
610
1576
3315
6654
11324
17075
20180
17618
11724
6992
3510
1659
887
660
797
1189
1351
1755
1700
2215
3657
5993
10025
15399
20499
23839
25527
25166
23615
20971
18630
16212
14726
13581
12798
12937
13677
14529
16667
19728
24853
31359
36993
37980
30798
18496
9453
3808
2339
2250
2073
1642
1304
905
619
600
585
466
450
481
1037
3277
15238
75865
13947
0
0
0
0
0
0
0
0
0
0
0
0
0
0
0
0
0
0
0
0
0
0
0
0
0
0
0
0
0
0
0
0
81
118
475
1414
2717
5833
10261
15999
19797
18275
12452
7179
3662
1689
858
615
867
1071
1508
1868
1798
3097
5488
9383
14993
20136
23559
24366
22111
18679
15181
12043
9629
7572
5958
4953
4398
3934
3692
3805
3869
4452
5487
7145
9885
14561
21309
32255
40602
35438
20381
9119
3376
2352
2214
1705
1387
984
661
604
634
436
527
425
1016
3337
16408
80281
5222
0
0
0
0
0
0
0
0
0
0
0
0
0
0
0
0
0
0
0
0
0
0
0
0
0
0
0
0
0
0
70
108
375
1201
2333
5032
8977
14368
18879
18726
13623
7786
3907
1933
975
662
927
1133
1662
1918
2214
4261
7571
12626
18413
22030
22971
20702
16772
12741
8554
5980
4151
2823
1921
1533
1386
1098
966
926
895
1096
1216
1573
1824
2463
3204
5204
9279
16628
29814
42268
35018
17191
6336
2702
2207
1787
1502
1042
630
645
598
470
532
473
992
3776
21362
77707
0
0
0
0
0
0
0
0
0
0
0
0
0
0
0
0
0
0
0
0
0
0
0
0
0
0
0
0
0
32
84
246
943
1850
4272
7638
12111
17667
19160
14827
9060
4410
2175
1140
683
832
1151
1644
1914
2643
5187
9112
15334
20111
22546
21027
17036
12427
7737
4861
3080
2166
1494
1089
1043
871
571
554
566
514
530
513
516
505
631
752
1071
1373
2104
3827
7494
15666
32635
43205
27520
10513
3458
2428
1972
1576
1187
624
647
634
476
493
490
992
4600
35364
59137
0
0
0
0
0
0
0
0
0
0
0
0
0
0
0
0
0
0
0
0
0
0
0
0
0
0
0
15
61
132
717
1471
3117
6289
10407
16081
19045
16290
10546
5189
2681
1284
664
779
1268
1592
1986
3111
6011
10238
16524
20579
21788
18439
13925
8751
4873
2951
1952
1508
984
694
715
649
472
511
601
537
624
551
526
545
550
590
545
484
560
717
1077
1830
3716
7966
20377
42489
37138
15553
4593
2356
1977
1705
1273
604
639
667
480
502
583
1162
6243
59596
30556
0
0
0
0
0
0
0
0
0
0
0
0
0
0
0
0
0
0
0
0
0
0
0
0
0
0
55
106
500
1038
2293
5008
8629
13793
18045
17333
12479
6502
3482
1522
683
878
1258
1676
2036
3349
6200
10609
16679
20386
20762
16632
11658
6546
4151
2174
1594
969
639
577
574
685
621
741
743
730
739
615
664
705
695
578
478
485
490
554
527
595
595
1133
2063
4441
12477
35849
43255
19760
5540
2485
2075
1724
1219
634
647
613
542
489
656
1709
9707
81193
3018
0
0
0
0
0
0
0
0
0
0
0
0
0
0
0
0
0
0
0
0
0
0
0
0
29
72
235
861
1703
3788
7108
11722
16354
17944
14657
8595
4201
1841
829
773
1212
1689
2045
3326
6117
10673
16660
20094
19838
15205
10071
5416
3098
1659
1148
716
544
665
689
923
994
973
1098
1197
1285
1237
1392
1320
1172
1073
996
917
666
563
469
487
602
611
556
665
1399
3053
8095
28805
45583
22377
5868
2425
2061
1718
1031
564
666
584
498
444
781
2862
21214
69809
0
0
0
0
0
0
0
0
0
0
0
0
0
0
0
0
0
0
0
0
0
0
0
0
57
145
550
1104
2772
5376
9173
14323
17889
15611
11123
5630
2480
1172
781
1046
1510
2001
3348
5661
9773
15809
19337
20026
14152
9505
4953
2775
1444
938
636
627
803
1053
1275
1395
1566
2021
2424
2775
2960
3101
2860
2791
2496
2209
1727
1219
1205
966
871
552
519
486
651
577
498
1040
2477
6077
25269
46659
22413
5407
2628
1893
1741
861
671
691
598
467
609
843
5168
61765
24991
0
0
0
0
0
0
0
0
0
0
0
0
0
0
0
0
0
0
0
0
0
0
36
114
286
912
1881
4051
7273
11842
16055
16997
13670
7693
3574
1545
736
896
1446
1939
3050
5087
9144
14142
18703
20476
13895
9381
4808
2577
1087
841
540
600
1015
1371
1548
1873
2774
3805
4649
5098
5256
5824
6046
6074
5734
5470
4669
4107
3594
2640
1722
1155
1003
822
618
485
552
699
517
784
1996
5458
24530
46959
21210
4554
2505
1900
1537
807
695
681
554
495
692
1677
10322
78696
0
0
0
0
0
0
0
0
0
0
0
0
0
0
0
0
0
0
0
0
0
0
49
157
598
1244
2746
5347
9506
13829
17429
14937
11059
4985
2322
1022
764
1251
1757
2743
4636
7633
12552
17411
19999
14652
9578
5052
2489
1148
865
582
805
1122
1569
2099
3589
4802
5825
8000
9252
11109
12771
13721
14035
13053
11964
10169
8195
6615
5540
4945
4272
2879
1816
1203
908
717
480
458
658
591
679
1853
5439
27164
45115
17514
3779
2211
1953
1344
702
683
627
571
534
701
3412
45609
40793
0
0
0
0
0
0
0
0
0
0
0
0
0
0
0
0
0
0
0
0
27
129
301
880
1867
4043
7198
11663
14975
16387
13216
7698
3603
1411
831
978
1615
2378
3872
6703
10749
16132
19900
16649
10579
5733
2739
1134
862
518
928
1232
2062
3114
5137
6757
9084
12483
16304
19296
22039
23907
25376
25904
25622
26072
25140
22790
17078
11681
7810
5520
4570
4002
2944
1692
1065
815
552
413
558
592
618
1842
6234
33852
40728
12003
3228
2113
1962
1025
614
683
684
534
728
1225
7860
78884
0
0
0
0
0
0
0
0
0
0
0
0
0
0
0
0
0
0
0
0
78
140
569
1090
2839
5250
9111
12628
16163
14906
11436
5362
2389
1065
725
1465
2008
3174
5614
9106
14407
18670
18035
12065
6727
3107
1359
773
644
972
1556
2562
3983
6186
8375
12800
17748
21002
21656
21112
20194
18448
17202
17124
17511
19011
21504
25049
28787
28151
22382
13600
8127
5478
4200
3545
2008
1135
822
621
413
630
584
717
2196
8482
43092
31729
6760
2721
2136
1676
798
745
667
623
585
746
3052
43985
39430
0
0
0
0
0
0
0
0
0
0
0
0
0
0
0
0
0
0
23
89
216
698
1698
3528
6831
10668
14380
15660
13457
8275
3727
1608
884
1000
1613
2577
4307
7435
12128
17205
18810
14062
8492
3812
1609
942
790
1005
1697
2850
4635
6993
10184
15873
19911
19528
17757
15456
12858
10214
9161
8267
8421
8257
8330
9653
12081
15780
21190
28168
29700
21914
11467
6131
4603
3940
2359
1429
865
629
426
704
524
823
2695
14275
47648
21747
4040
2290
2146
1286
741
688
735
536
703
1232
8388
76427
0
0
0
0
0
0
0
0
0
0
0
0
0
0
0
0
0
0
61
125
383
947
2434
4715
8089
11815
15418
15496
11442
6300
2638
1222
796
1424
2118
3539
5992
9780
14947
18452
15822
10673
4844
2313
1113
703
1006
1661
2926
4850
7966
11406
17679
18925
17974
15389
12313
9175
6809
5482
4828
4208
3821
3692
3964
4210
4627
6148
9202
12803
21474
30767
28083
16212
6568
4803
4109
2547
1503
894
582
450
702
503
1138
3970
28765
41936
11538
3003
2006
1947
838
878
676
621
578
768
3445
61191
19063
0
0
0
0
0
0
0
0
0
0
0
0
0
0
0
0
14
106
178
587
1364
2993
5881
9361
13036
15664
14265
9411
4396
2088
998
940
1849
2715
4550
7760
11882
17198
17250
13051
7254
3455
1329
865
985
1599
2708
4724
7674
12111
17319
17938
16464
12471
9246
6710
4933
3651
3132
2470
2141
1774
1744
1787
2152
2582
3085
3785
5467
8621
15573
29059
31095
19054
6979
4868
4282
2465
1381
858
539
491
673
597
1703
7373
45814
27024
4628
2436
2137
1258
764
772
738
611
714
1537
12461
69993
0
0
0
0
0
0
0
0
0
0
0
0
0
0
0
0
57
118
241
855
1804
3780
6770
10297
14367
15162
12650
7347
3437
1615
843
1237
2080
3442
6010
9712
14333
17734
14822
9765
5107
1883
1062
842
1565
2462
4251
7233
11591
16051
17773
15849
10955
8416
6386
4257
3038
2573
1840
1606
1606
1515
1362
1312
1360
1355
1418
1687
2822
3922
5982
11719
26739
32123
19778
6852
4675
4147
2219
1282
826
541
585
647
802
2772
20927
45132
13055
2943
2036
1858
877
865
690
665
648
885
4850
77187
0
0
0
0
0
0
0
0
0
0
0
0
0
0
0
3
90
143
383
1102
2477
4432
7632
11405
14784
14314
10601
6160
2762
1125
826
1827
2528
4400
7350
11566
16200
16604
12703
7305
2924
1366
867
1154
2075
3575
6638
10671
14819
17110
15570
10625
8167
6016
4078
3031
2534
1875
1435
1216
1128
1033
1114
1092
1231
1338
1385
1505
1756
1883
3052
4765
9464
25886
32790
18712
6124
4586
4117
1983
1117
726
489
748
558
1308
6096
44397
26847
4551
2368
2273
1216
767
806
693
564
763
2532
46045
33235
0
0
0
0
0
0
0
0
0
0
0
0
0
0
40
74
201
541
1286
3114
5265
8257
12708
14772
13548
9036
4826
2326
904
1117
1810
3370
5472
9470
13110
16573
15022
10239
5570
2150
1063
873
1769
2838
5536
9447
12871
15959
16407
11307
7930
6894
4342
2532
2087
1484
1223
1251
1164
1289
1053
859
724
708
819
777
902
959
1376
2025
2150
4128
9189
28377
32255
14463
5614
4624
3557
1796
915
573
586
676
721
2605
23529
42266
10990
2890
2177
1734
960
769
734
626
577
1487
10356
70049
0
0
0
0
0
0
0
0
0
0
0
0
0
0
43
88
284
653
1706
3467
5959
9395
13275
14233
12582
7844
3956
1839
848
1247
2221
4076
6599
10615
14568
16255
12579
8546
3823
1692
943
1127
2453
4295
7517
10977
14212
16627
13037
8939
8362
4347
2460
1841
1379
1706
1370
1555
1716
1822
1659
1733
1261
1162
661
804
671
717
983
1024
1599
1859
3999
10530
31915
29107
9507
4960
4578
2489
1450
864
444
669
637
1377
7362
46884
21551
3879
2080
2102
1094
871
693
694
723
982
5192
75195
0
0
0
0
0
0
0
0
0
0
0
0
0
0
93
97
421
919
2055
3904
6748
10539
13725
13807
11274
6771
3377
1485
896
1367
2845
4805
7874
11743
14657
15231
11426
6456
2941
1285
953
1647
2944
6165
9448
12217
16653
14919
10263
8529
5067
2378
1777
1534
1565
1157
1862
2672
3592
4248
4341
4352
3651
2675
1706
1100
838
741
584
1033
718
1392
2291
3959
15858
35870
20940
6344
4898
4449
1843
1113
610
564
668
784
3547
35005
33480
6101
2444
2099
1442
836
719
670
673
818
3139
73861
3116
0
0
0
0
0
0
0
0
0
0
0
0
1
92
159
417
1207
2469
4303
7692
11215
14051
13344
10196
5669
2997
1272
1003
1741
3351
5788
8963
13046
15249
13538
9907
5397
2215
1080
1075
2204
4215
7883
10599
14944
16181
12856
8661
5743
3069
1779
1485
1190
1543
2973
4491
6086
7484
8257
8854
7754
7059
5995
5003
2917
1521
1067
826
673
853
659
1311
2354
5305
26250
33154
11643
5315
4834
2758
1436
903
492
708
646
2015
16426
45332
12354
2889
2146
1696
833
789
704
621
719
1984
22964
55710
0
0
0
0
0
0
0
0
0
0
0
0
21
97
269
554
1325
2888
4677
8343
11973
13884
12419
9593
4981
2505
1133
1146
2209
4085
6236
10323
13281
14863
12617
8558
4361
1924
1062
1303
2685
5201
9071
11916
17003
14545
10748
6473
4028
2499
1307
1052
1948
3551
6567
9684
12095
16056
18673
18250
17856
14343
10253
6845
5512
3683
1556
1185
850
579
705
770
1545
2668
11111
35358
22246
6407
4845
4356
1818
1029
644
654
684
1287
6716
45186
20363
3851
2135
1831
1004
795
774
672
699
1381
9008
69475
0
0
0
0
0
0
0
0
0
0
0
0
43
72
321
592
1563
3003
5215
8876
12284
13435
11861
9013
4292
2548
1137
1258
2491
4471
6975
11267
13595
14334
11201
7369
3865
1562
1063
1661
3519
6759
9828
14568
16507
12847
7602
4921
3426
1632
986
1935
3206
6784
9923
13637
18403
22037
23855
25606
27193
27497
24257
15453
9415
6660
4578
1622
1043
891
729
694
964
1986
4595
26058
32295
9687
5216
4868
2432
1406
743
683
678
856
3883
37998
29052
4839
2389
2046
1142
859
738
798
648
1044
5868
72586
0
0
0
0
0
0
0
0
0
0
0
0
57
95
362
718
1876
3259
5839
9599
12380
13466
11292
8058
3999
2202
1167
1465
2733
4993
7811
12033
13800
13759
10199
6675
3289
1380
1116
2127
4235
7731
10795
16872
14730
11209
6355
4279
2816
1324
1392
2671
5730
9442
13472
17574
18302
17564
15842
12882
12634
18508
24694
26405
17666
9521
6979
4537
1581
1027
794
748
723
1444
3171
14789
35614
16275
5682
4734
3482
1538
876
616
802
698
2656
28669
36666
6874
2520
2089
1422
823
768
791
614
1001
4329
74008
0
0
0
0
0
0
0
0
0
0
0
0
72
129
393
811
1895
3427
6460
9907
12754
12916
10791
7644
3737
1968
1171
1718
3061
5595
8604
11866
13591
12997
9272
6405
2840
1443
1170
2551
4931
9152
12449
17491
13510
7697
6240
3602
2107
1339
1794
4007
7711
12264
15810
15536
13519
9750
5635
3912
3563
6064
11258
23381
29489
15023
9863
6748
3390
1370
1110
949
575
1058
2130
7313
32551
25181
6724
4596
4340
1732
938
730
794
644
2228
16816
44029
11299
2736
2169
1595
803
794
750
642
941
3307
74682
0
0
0
0
0
0
0
0
0
0
0
0
75
155
442
965
2035
3649
6857
9838
12984
12618
10320
7457
3371
1941
1195
2066
3077
5939
9262
11782
13435
12317
8828
6000
2255
1506
1236
2853
5588
10031
14522
17002
11132
6743
5903
3014
1821
1494
2379
4936
9956
14281
15197
12750
6675
2465
585
504
486
559
1893
9159
23864
25766
11346
9627
6180
1976
1159
1018
558
937
1840
4569
24601
31694
8615
4797
4714
2268
1106
765
742
720
1697
9463
46442
15838
3276
2175
1757
1010
774
631
757
802
2703
75387
273
0
0
0
0
0
0
0
0
0
0
0
84
160
442
1032
2163
3765
7036
9904
13278
11916
10304
6975
3244
1866
1236
2158
3479
5994
9520
12510
13113
11227
8362
5591
2295
1386
1419
3008
6674
10876
15313
15992
9146
6279
5152
2605
1635
1697
2916
5515
11741
14116
14141
7282
2792
901
176
0
0
0
19
1078
11641
30348
16324
10214
8798
3381
1762
976
754
851
1632
3168
18254
33464
11513
4971
5158
2593
1291
771
693
614
1652
6620
44071
19423
3715
2070
1822
972
900
696
644
722
2248
39289
35631
0
0
0
0
0
0
0
0
0
0
1
78
244
419
1146
2188
4049
7030
10232
13180
11630
9964
6647
3199
1724
1423
2110
3600
6594
9552
12709
12776
10830
8293
5579
2054
1358
1594
3505
7154
11744
16077
13875
8205
6113
4597
2724
1641
1458
3357
6221
12158
15979
13847
3557
1714
500
0
0
0
0
0
272
3891
23486
24643
10532
10309
5096
1898
1171
1038
644
1401
2801
14368
34212
14707
5752
4894
2949
1495
789
743
680
1491
5276
41767
22435
4083
2151
1891
1005
773
807
700
737
1940
20465
54739
0
0
0
0
0
0
0
0
0
0
7
69
247
556
1121
2176
3967
7234
10155
12831
11405
9493
6522
3167
1903
1545
2187
3700
6926
9827
12379
12850
10606
7743
5272
2259
1380
1837
3562
7686
12937
16441
12105
7622
5889
4115
2829
1770
1697
3489
7002
12975
19198
14360
4538
1468
158
0
0
0
0
0
0
939
14338
33167
12281
10221
6913
1787
1336
1106
624
1223
2568
11775
33093
17438
6047
4655
3540
1463
863
796
639
1266
4834
40099
24448
4357
2186
1867
1159
756
719
689
710
1984
15321
60544
0
0
0
0
0
0
0
0
0
0
19
96
233
577
1209
2154
4094
7139
10089
12712
11389
9255
6457
3394
1733
1625
2163
3702
7253
9612
12072
12825
10100
7701
5182
2557
1510
1872
3527
8103
13047
16298
11014
7386
6071
3800
2763
1888
1708
3917
7537
15824
22987
16755
2558
937
0
0
0
0
0
0
0
174
10322
34872
14264
9874
8588
1946
1620
1249
574
1369
2427
9806
32233
19040
6634
4612
3571
1499
885
851
680
1342
4577
39139
25522
4360
2244
1996
1130
842
752
706
658
1939
13983
62389
0
0
0
0
0
0
0
0
0
0
13
102
270
602
1187
2200
4142
6997
10035
12752
11202
8871
6701
3568
1852
1761
2103
3781
7377
9363
11768
12555
9714
7805
5413
2710
1649
1818
3564
7797
13426
16710
10359
6928
5978
3765
2956
2058
1961
3923
7749
17824
27165
18597
2364
759
133
0
0
0
0
0
12
398
10064
34604
15645
9437
8564
2526
1750
1146
565
1397
2308
9482
31842
19922
6441
4721
3500
1481
962
816
738
1312
4583
38883
25500
4352
2354
2050
1150
788
741
684
752
1833
13565
61599
0
0
0
0
0
0
0
0
0
0
22
94
254
652
1191
2213
4073
7161
9839
12624
10938
8600
6955
3650
1877
1655
2158
3901
7346
9317
11917
12207
9790
7697
5583
2764
1758
1656
3695
7627
13508
16084
9844
6782
5682
3680
3189
2384
2020
3534
8124
17061
28240
20333
3950
939
734
17
0
0
3
8
10
695
10805
34343
15140
9495
7708
2377
1575
1077
539
1452
2537
10326
31592
19524
6425
4888
3213
1563
862
785
780
1278
4818
39267
24577
4322
2311
1977
1142
784
710
730
796
1898
15607
60163
0
0
0
0
0
0
0
0
0
0
18
107
252
628
1204
2075
4113
7021
9724
12242
11323
8749
7007
3870
1985
1723
2211
3726
7169
8989
11788
11997
9958
7606
5669
2941
1847
1845
3227
7387
13332
16352
10088
6867
6035
3860
2996
2754
2478
3405
7414
15614
26813
25011
8739
1793
1739
155
0
0
2
0
144
1932
15067
32858
12314
8405
7077
2167
1624
1211
545
1718
2862
12199
31291
17295
6496
4898
3247
1624
812
869
831
1494
5516
40038
22696
4131
2248
2069
1150
761
742
690
805
1995
20362
55615
0
0
0
0
0
0
0
0
0
0
9
100
278
618
1169
2057
3882
6732
9461
11750
11356
8935
7118
4104
2141
1613
2271
3652
6700
9049
11482
11804
9802
7968
6022
3335
2146
1670
3307
7112
12240
16570
10413
6479
5886
4318
3152
3069
2501
2826
7364
13156
20690
24883
16872
5232
2118
784
574
405
10
0
95
5404
22096
25242
10624
7785
5872
2065
1327
1137
822
1818
3284
15763
31785
14218
5882
4803
2884
1560
724
776
985
1672
6732
41057
20672
4014
2253
1946
1039
776
731
699
870
2126
38481
37097
0
0
0
0
0
0
0
0
0
0
0
98
255
505
1158
1891
3696
6463
9165
11421
11440
9074
7290
4488
2258
1664
2104
3585
6450
9166
11336
11328
10377
8125
6484
3777
2194
1549
3041
6217
11425
16602
11977
6417
5871
4459
3176
3300
2841
2447
5518
9705
15077
19491
16526
11501
3978
2231
937
324
281
324
1687
13792
29215
17787
8578
8287
4768
2001
1125
1063
1062
2081
3724
19416
31639
11425
5291
4862
2542
1332
724
774
1021
1952
9044
41856
17905
3633
2408
1653
1052
950
658
740
1020
2557
74762
273
0
0
0
0
0
0
0
0
0
0
0
110
226
540
1054
1942
3448
6336
8701
11240
11212
9585
7561
4800
2562
1672
2059
3212
6138
8919
10758
11019
10429
8460
6880
4310
2600
1465
2674
5250
10407
15868
14115
7300
6106
4477
3623
3579
2813
2751
3749
7313
11811
15047
14527
13218
6934
3774
2155
1172
649
1946
10390
23900
26242
10918
7569
7539
3569
1724
1241
850
1500
2220
5940
24008
29409
8599
5335
4339
2174
1314
756
735
1149
2254
15232
41220
13661
3408
2372
1620
960
844
626
751
1023
3156
74415
0
0
0
0
0
0
0
0
0
0
0
0
89
255
545
989
1887
3021
6184
8454
10986
11082
9719
7755
5090
2932
1754
1917
3021
5369
8403
10670
10505
10437
9091
7008
4959
2873
1555
2201
4266
9453
14093
16294
8341
6268
5510
3738
3649
2963
3017
2170
5301
8494
11797
13086
13425
11014
6943
4755
3711
4818
12096
22273
29115
13578
7848
7390
5915
2377
1372
1164
899
2019
2941
10761
27732
24116
6939
5097
3841
1901
1156
896
899
1064
3292
26049
35154
8760
3092
2485
1461
912
778
742
747
1110
4178
73000
0
0
0
0
0
0
0
0
0
0
0
0
39
268
408
937
1704
2970
5400
7711
10440
11299
10001
8419
5329
3542
1936
1867
2790
4849
7761
10911
10295
10582
9781
7386
5430
3376
1929
1867
3728
7345
13148
16525
10516
6110
6140
4290
3470
3486
2842
2236
3353
6029
9368
11622
12469
10782
10448
9904
11321
19523
24120
26473
14375
8194
6865
7531
3323
1736
1277
1057
1285
2374
4290
17383
30435
15283
5950
4605
3199
1673
890
778
971
1352
4542
33166
30320
6073
2722
2191
1438
771
737
746
796
1311
6043
71448
0
0
0
0
0
0
0
0
0
0
0
0
19
262
344
857
1506
2658
5084
7500
10046
11287
10521
8599
5855
3924
2172
1768
2440
4363
6819
10583
10222
10166
9621
7895
5707
4155
2463
1393
3357
5176
11827
15857
13782
7555
5965
4959
3930
3624
3399
2847
2112
4327
6630
9640
12222
15849
15359
17827
22643
24101
21709
12824
7675
6421
6879
4272
2220
1596
1195
1022
2084
3266
7113
24103
28669
8860
5521
4279
2711
1446
748
836
1053
1849
7218
38610
23475
4828
2425
2147
1258
753
704
709
830
1424
9138
67604
0
0
0
0
0
0
0
0
0
0
0
0
7
199
294
790
1343
2390
4540
7017
9450
10852
10868
8969
6410
4197
2550
1678
2100
3836
6253
9739
10551
9957
10276
8752
6313
4442
3023
1763
2394
4376
8746
14619
16536
10415
6455
6109
4649
3794
3744
3027
2586
2503
4108
6357
8999
11578
15171
17079
15721
12352
9315
6968
6273
7021
4900
2214
1511
1329
1087
1743
3022
4488
15437
28680
19562
6808
4774
3847
2031
1219
719
860
1200
2673
14150
39721
16713
3824
2259
1866
1051
736
759
639
885
1836
20387
56331
0
0
0
0
0
0
0
0
0
0
0
0
0
175
279
699
1133
2280
4106
6499
8799
10383
11157
8832
6972
4738
3097
1826
1939
3225
5506
8812
10796
9451
10373
9247
7121
4955
3681
2053
1779
3570
6491
11253
16698
13234
8855
6178
5545
4603
4115
3935
2729
2694
2985
3956
4731
5933
6610
6922
6635
6382
5790
5853
6216
4520
2416
1581
1621
1551
1900
2766
3805
8710
23952
28325
10408
5995
4045
2996
1583
898
799
1051
1395
4573
28222
33303
8474
3196
2160
1703
901
776
662
744
960
3058
71839
3868
0
0
0
0
0
0
0
0
0
0
0
0
0
171
242
568
1025
2102
3693
5866
8035
10099
10934
9454
7808
5467
3510
1876
1996
2835
4900
7751
10470
9634
10151
9459
8046
5523
4219
2680
1777
2742
4481
8317
14500
15613
11695
8261
6528
6064
5914
4297
4617
3329
3001
3254
4114
4006
4493
5125
5293
5842
6593
5940
4016
2435
1808
1794
1692
1856
2380
4098
6550
18383
28597
17769
6733
4755
3793
2124
1388
774
855
1157
2271
7567
37562
25483
5227
2689
2059
1419
764
681
688
807
1056
5524
73769
0
0
0
0
0
0
0
0
0
0
0
0
0
0
115
283
499
928
1776
3234
5327
7594
9616
10823
9835
8089
6094
3827
2538
1715
2243
4213
6342
9807
10397
9853
9894
8827
6608
4883
3464
2039
1933
3614
6073
10799
15374
14692
10840
7815
6907
6276
5937
4737
4941
3603
3111
2981
3812
4356
4595
5251
4906
4284
3280
2375
2290
1972
1519
1652
2720
4061
5973
13833
25453
24060
9131
5270
4140
3042
1806
957
861
1043
1523
3890
17897
38451
15554
3960
2322
1852
1058
795
706
664
876
1585
9705
68521
0
0
0
0
0
0
0
0
0
0
0
0
0
0
16
303
403
864
1496
2765
4645
6817
8797
10346
10174
8529
6481
4582
2847
1699
2280
3226
5511
8941
10549
9438
9832
9105
7816
5194
4093
2887
1896
2462
4558
7626
12176
15140
12764
10433
8248
7241
6105
6586
5896
5624
4607
4399
3530
3248
3017
2806
2757
2399
2282
2037
1849
1962
2531
4184
4421
5669
11772
23609
25120
12833
6137
4453
3656
2278
1430
879
949
1293
2373
6339
33731
30034
6818
3053
2126
1657
870
787
665
693
949
2706
41938
36200
0
0
0
0
0
0
0
0
0
0
0
0
0
0
0
240
322
817
1165
2466
4158
6081
8208
10106
10602
9024
7376
5358
3365
2198
2077
2597
4571
7582
10368
9991
9749
9626
8599
6832
4681
3307
2422
1941
3022
5752
8539
12724
14050
11771
9849
8938
8397
6826
6005
6318
6154
5283
5157
4486
3945
3260
2671
2764
2753
2869
3025
3632
4338
4171
5499
11977
23021
25280
15192
7023
4795
3835
2691
1765
1033
927
1097
1623
4060
16017
38321
18477
4435
2351
1950
1303
846
671
655
825
1171
5372
75603
0
0
0
0
0
0
0
0
0
0
0
0
0
0
0
0
89
381
628
987
2112
3562
5263
7811
9395
10325
9543
8074
6150
4003
2610
1826
2349
3705
6203
9109
10383
9743
9859
8767
8038
5534
4196
2935
2185
1998
3847
6399
8768
12868
12728
11494
9110
8396
8532
7601
6270
5346
5801
5697
4806
4611
4613
4705
4442
4207
3783
4113
4221
4996
6711
13671
22637
24875
15500
7808
4897
3888
3260
1841
1291
952
1072
1434
2706
7320
33504
29564
7773
3137
2027
1642
972
799
649
656
844
2049
11421
69252
0
0
0
0
0
0
0
0
0
0
0
0
0
0
0
0
3
313
560
881
1716
2993
4676
6882
8626
10416
9971
8869
6651
4828
3154
1985
2179
2900
4922
7695
10341
9678
9777
9529
8610
7798
4552
3819
2707
2098
2295
4320
6774
9200
12311
12086
10978
9521
7773
7981
7376
6536
5573
4736
4919
4895
4664
4099
4060
4203
4357
5396
6441
9280
16374
23195
23269
15447
7852
5155
4187
3415
1843
1521
929
1165
1305
2236
5112
19848
36247
17359
4644
2268
2027
1338
806
726
757
737
990
3829
57100
21926
0
0
0
0
0
0
0
0
0
0
0
0
0
0
0
0
0
169
477
837
1197
2541
3746
5971
8283
9718
10140
9241
7535
5692
3775
2564
2068
2316
3819
6285
9271
10423
9592
10107
9049
8384
6395
4546
3167
2721
2120
2705
4870
6598
9054
11830
11867
11019
9880
7887
7110
7850
7306
6709
5925
5582
5348
5406
5177
5414
6816
8366
12964
19862
23002
21613
13578
7440
5001
3836
3462
2045
1580
1076
1163
1181
1965
3830
10629
36758
26452
6879
3134
1996
1711
1053
791
682
778
784
1593
8501
73711
0
0
0
0
0
0
0
0
0
0
0
0
0
0
0
0
0
0
49
398
696
1077
2143
3369
5044
7316
8879
10023
9312
8526
6340
4629
3178
2217
2251
2720
4816
7232
9728
10107
9644
9770
9168
7953
5585
4227
3152
2757
2277
2833
4945
6360
8596
10994
11503
10914
10362
9522
7617
7232
7458
6937
6535
6212
6729
7634
9973
13199
18681
22220
21919
17611
9880
6030
4521
3789
3463
2013
1752
1236
1190
1179
1941
3429
7978
29436
31844
12552
4119
2278
1964
1323
850
729
841
689
1079
3347
38024
42947
0
0
0
0
0
0
0
0
0
0
0
0
0
0
0
0
0
0
0
306
618
912
1729
2834
4384
6306
8236
9729
9887
9123
7313
5532
3744
2800
2175
2386
3396
5869
8425
9902
9816
10170
9188
9159
7490
5206
4100
2923
2576
2449
2884
4793
6620
9058
11493
12427
11966
11606
11471
11208
9973
10265
10785
12346
13761
17000
19575
21365
21107
18808
12373
7363
5629
4427
3775
3254
1942
1632
1259
1117
1215
2033
3268
6516
21579
34757
18589
5199
2607
2124
1517
1024
774
745
902
796
1704
7663
75996
0
0
0
0
0
0
0
0
0
0
0
0
0
0
0
0
0
0
0
0
98
529
903
1236
2327
3764
5321
7281
9229
9883
9778
8103
6454
4621
3197
2508
2210
2742
4359
6476
9096
9735
10081
9768
9189
8807
7322
5320
4234
3167
2706
2559
2794
4302
6043
7391
10128
13106
14442
14772
15287
16646
17429
18697
19420
20054
19468
18316
15830
11148
7895
6129
4638
4040
3637
2832
1818
1600
1260
1265
1391
2175
3319
6340
16734
35767
23279
6837
3277
2083
1763
1027
792
832
867
765
1111
3720
38313
44017
0
0
0
0
0
0
0
0
0
0
0
0
0
0
0
0
0
0
0
0
0
420
749
1012
1825
3117
4657
6265
8227
9541
9527
9275
7107
5502
3976
3087
2264
2079
3193
5190
7264
9691
9773
10199
9858
9204
9064
6926
5549
4545
3184
2821
2653
2642
3525
5097
6343
7595
9744
11958
13037
13371
14115
14625
13916
12949
11039
9015
6675
5729
4155
3658
3531
3160
2140
1710
1542
1336
1446
1509
2203
3625
6261
14342
35179
25510
9056
4021
2041
2078
1268
854
938
884
784
865
2121
9142
76525
0
0
0
0
0
0
0
0
0
0
0
0
0
0
0
0
0
0
0
0
0
0
55
720
924
1376
2478
3716
5476
7401
9198
9311
9569
8436
6503
4706
3415
2773
2259
2261
3857
5709
7762
9158
9964
10012
9867
9194
8917
7085
5622
4831
3499
2801
2567
2677
2571
3162
4091
5040
5339
5934
6585
6602
6016
5501
4918
4491
3812
3828
3452
3369
2769
2663
1829
1667
1506
1320
1395
1744
2373
4093
6464
13925
34609
26497
10906
4328
2344
2075
1534
911
1015
845
828
870
1398
4972
53655
29727
0
0
0
0
0
0
0
0
0
0
0
0
0
0
0
0
0
0
0
0
0
0
0
309
1030
1131
1871
3235
4625
6063
8176
9366
9813
9431
7439
5848
4124
3329
2705
2212
2752
4337
5703
8345
9025
10599
10255
9967
9769
8856
7234
6473
5236
3708
3084
2936
2718
2651
2762
2826
3216
3510
3860
3850
3679
3660
3691
3445
3233
2893
2583
2518
2405
1933
1835
1388
1571
1796
2051
2869
4768
7330
15486
34478
25445
11529
4789
2579
2159
1650
975
960
884
855
849
1123
3160
15023
71774
0
0
0
0
0
0
0
0
0
0
0
0
0
0
0
0
0
0
0
0
0
0
0
0
12
824
1090
1350
2689
3468
5353
7206
8708
9441
9691
8962
6757
5459
3752
3058
2543
2378
3005
4790
6129
8614
8940
10149
10317
9956
9125
8942
7587
6490
6133
4476
3644
2999
2650
2482
2330
2318
2291
2373
2375
2349
2329
2513
2452
2624
2344
2050
1925
1866
1868
1507
1783
1994
2595
3674
5569
8884
18029
33879
24750
11330
4867
2663
2140
1590
1150
964
895
860
837
957
2299
8298
76607
5217
0
0
0
0
0
0
0
0
0
0
0
0
0
0
0
0
0
0
0
0
0
0
0
0
0
144
1195
1297
1759
3145
4225
5854
8115
8959
9750
9627
8159
6216
4730
3708
2891
2401
2517
3359
5250
6405
8677
8842
9704
10348
9957
9119
9028
7890
6594
6482
5635
4591
3799
3292
3158
3055
2885
2780
2574
2313
2290
2102
2120
2003
1726
1530
1673
1693
1945
2456
2917
3447
5111
7323
10935
23252
33084
22421
9996
4765
2645
2097
1651
1084
1004
944
885
848
899
1849
6018
50038
36078
0
0
0
0
0
0
0
0
0
0
0
0
0
0
0
0
0
0
0
0
0
0
0
0
0
0
0
472
1426
1476
2506
3427
5085
6548
8499
9184
9764
9307
7887
5800
4424
3426
2632
2350
2693
3519
5414
6491
8379
8370
9273
10433
9873
9218
8830
8695
7258
6318
6230
5466
4870
4031
3506
3166
2730
2903
2832
2597
2593
2480
2448
2406
2653
2789
2953
3255
3705
4757
6854
9162
14254
29145
30171
18997
7973
4280
2541
2076
1522
1178
1074
983
906
788
880
1592
4797
25107
65219
0
0
0
0
0
0
0
0
0
0
0
0
0
0
0
0
0
0
0
0
0
0
0
0
0
0
0
0
0
926
1459
1850
3035
3810
5578
7268
8689
9773
9408
8778
7193
5623
4352
3166
2524
2342
2710
3798
5678
6613
8538
8653
9075
9781
10213
9452
8562
8618
7962
6831
6532
6126
5305
4982
4531
4207
3563
3279
3307
3185
3230
2978
3131
3607
3770
4153
4928
6663
8667
12019
22608
31896
24272
14079
6400
3719
2410
1950
1461
1284
1076
1035
942
840
983
1481
4018
14987
78270
0
0
0
0
0
0
0
0
0
0
0
0
0
0
0
0
0
0
0
0
0
0
0
0
0
0
0
0
0
0
55
1430
1697
2378
3259
4634
6002
7552
8928
9683
9108
8673
6722
5262
4233
3223
2590
2300
2419
3626
5610
6878
8834
9242
9087
9623
9776
9804
8840
8382
8255
7099
6533
6353
5536
5509
5271
5301
4979
4347
4594
4520
4769
5036
5006
5663
7166
9505
13193
20639
29993
27378
18104
9265
4933
2949
2158
1965
1516
1227
1024
923
813
827
938
1544
3801
12063
74042
9497
0
0
0
0
0
0
0
0
0
0
0
0
0
0
0
0
0
0
0
0
0
0
0
0
0
0
0
0
0
0
0
158
1783
2053
2906
3472
4718
6301
7893
9182
9474
8864
8529
6506
4896
3983
3266
2662
2362
2222
3171
5287
6964
8680
9822
9684
9797
9555
10003
9630
8684
9111
8652
7732
7368
6996
6363
5883
5715
5806
6066
6415
6946
7667
9347
11469
15412
22212
28857
27467
19570
11330
5852
3795
2430
2066
1760
1421
1113
963
879
850
954
951
1658
3885
10709
66443
20682
0
0
0
0
0
0
0
0
0
0
0
0
0
0
0
0
0
0
0
0
0
0
0
0
0
0
0
0
0
0
0
0
0
262
2106
2491
3040
4039
5313
6825
8324
9374
9219
8796
8152
6393
5041
4009
3286
2669
2460
2387
2470
4115
6367
8130
10468
11167
11126
11237
10941
10959
10215
9540
9704
9566
9237
9329
9643
10309
10138
10163
11487
13401
15896
21576
26701
28352
24654
17397
11022
5940
4027
2794
2147
1878
1589
1328
1066
896
954
908
893
991
2051
4202
10138
62591
27803
0
0
0
0
0
0
0
0
0
0
0
0
0
0
0
0
0
0
0
0
0
0
0
0
0
0
0
0
0
0
0
0
0
0
0
324
2412
3155
3338
4270
5465
7105
8739
9369
9126
9155
8096
6345
5049
3989
3246
2729
2432
2553
2178
2758
4444
6297
8809
11563
13596
14837
15535
15055
15225
15045
14711
14505
15047
15837
16302
18122
21149
23924
25735
26739
23807
18815
13726
8824
5399
3965
2857
2173
1886
1689
1370
1214
952
990
872
991
1045
1289
2349
4507
10845
62695
29414
0
0
0
0
0
0
0
0
0
0
0
0
0
0
0
0
0
0
0
0
0
0
0
0
0
0
0
0
0
0
0
0
0
0
0
0
0
384
2752
3389
3923
4574
5567
7346
8874
9019
8921
9161
7867
6472
5011
4431
3345
2729
2368
2379
2036
2166
2763
3722
4889
6212
8529
11201
13616
15736
17186
18859
19770
20763
21457
21168
20921
19889
16735
13970
10908
7736
5618
4291
3462
2639
2076
1983
1676
1292
1304
1185
1084
1026
908
1210
1177
1656
2805
5044
12562
65819
26432
0
0
0
0
0
0
0
0
0
0
0
0
0
0
0
0
0
0
0
0
0
0
0
0
0
0
0
0
0
0
0
0
0
0
0
0
0
0
0
300
3185
3791
4513
4770
5651
7682
9139
9132
8733
9149
8231
6675
5211
4710
3613
2813
2754
2510
1962
1886
1949
2206
2662
3566
4174
4991
5963
6673
7296
8234
8205
7995
7927
6907
5663
4942
4368
3836
3122
2486
2065
1805
1770
1648
1273
1172
1217
1084
1051
959
1111
1254
1385
2063
3406
6240
16208
72066
18708
0
0
0
0
0
0
0
0
0
0
0
0
0
0
0
0
0
0
0
0
0
0
0
0
0
0
0
0
0
0
0
0
0
0
0
0
0
0
0
0
0
115
3097
4646
5222
5044
5930
7805
8919
9012
8431
8856
8151
6762
5481
4966
3990
2991
2755
2770
2216
1905
1867
1715
1622
1982
2296
2443
2866
2937
2975
2884
2774
2967
2644
2587
2328
1927
1654
1700
1555
1436
1317
1153
1198
1245
1194
1132
1071
1085
1388
1322
1601
2683
4178
8366
28418
71819
8084
0
0
0
0
0
0
0
0
0
0
0
0
0
0
0
0
0
0
0
0
0
0
0
0
0
0
0
0
0
0
0
0
0
0
0
0
0
0
0
0
0
0
0
0
2181
5673
5924
5668
6343
7780
8916
9220
8328
8638
8223
6844
5661
5104
4509
3322
2665
3031
2692
2359
2046
1959
1932
1853
1801
1640
1650
1692
1860
1798
1714
1710
1705
1668
1742
1503
1432
1465
1358
1393
1450
1212
1157
1228
1145
1268
1342
1630
2175
3420
5393
12093
50452
56179
0
0
0
0
0
0
0
0
0
0
0
0
0
0
0
0
0
0
0
0
0
0
0
0
0
0
0
0
0
0
0
0
0
0
0
0
0
0
0
0
0
0
0
0
0
0
0
1034
5703
6774
6382
6662
7903
9061
8860
8622
8751
8515
7249
6081
5251
5019
4134
3135
2695
2777
2743
2249
1998
1661
1625
1528
1495
1422
1370
1291
1199
1380
1376
1347
1278
1319
1242
1188
1259
1255
1104
1218
1352
1361
1512
1854
2290
3033
4732
8772
21820
68529
28925
0
0
0
0
0
0
0
0
0
0
0
0
0
0
0
0
0
0
0
0
0
0
0
0
0
0
0
0
0
0
0
0
0
0
0
0
0
0
0
0
0
0
0
0
0
0
0
0
0
88
4207
8564
7797
7872
8435
9251
8754
8272
8656
8503
7302
6473
5601
5067
4871
3929
2951
2534
2563
2549
2366
2143
1917
1904
1708
1657
1508
1550
1419
1198
1390
1347
1312
1198
1319
1311
1403
1619
1507
1720
1854
2267
3051
4747
8001
15449
53318
57447
3297
0
0
0
0
0
0
0
0
0
0
0
0
0
0
0
0
0
0
0
0
0
0
0
0
0
0
0
0
0
0
0
0
0
0
0
0
0
0
0
0
0
0
0
0
0
0
0
0
0
0
0
0
1175
6954
10305
9261
9308
9913
9523
8254
8380
8738
7856
6938
6144
5283
5054
4622
3847
3221
2843
2612
2727
2622
2435
2375
2107
1908
1917
1933
1793
1754
1813
1787
1809
1779
1741
1960
2063
2230
2674
3582
5448
7990
14501
42416
62540
20193
0
0
0
0
0
0
0
0
0
0
0
0
0
0
0
0
0
0
0
0
0
0
0
0
0
0
0
0
0
0
0
0
0
0
0
0
0
0
0
0
0
0
0
0
0
0
0
0
0
0
0
0
0
0
0
0
2477
9347
13124
11526
11028
10818
9402
8443
8668
8444
7557
6778
5734
5247
4837
4460
4030
3532
2885
2834
2621
2520
2274
2379
2321
2272
2320
2141
2106
1999
1948
2209
2592
2921
3823
4959
6584
9666
16240
43919
61054
29344
0
0
0
0
0
0
0
0
0
0
0
0
0
0
0
0
0
0
0
0
0
0
0
0
0
0
0
0
0
0
0
0
0
0
0
0
0
0
0
0
0
0
0
0
0
0
0
0
0
0
0
0
0
0
0
0
0
0
0
0
2797
10643
16561
14551
13060
11802
9733
9239
9129
8561
8046
7271
6272
5298
5059
4865
4687
4141
3582
3373
3216
3186
3147
2981
2907
2986
2950
3364
3690
4448
5566
7063
9170
13529
22977
54281
56148
25527
0
0
0
0
0
0
0
0
0
0
0
0
0
0
0
0
0
0
0
0
0
0
0
0
0
0
0
0
0
0
0
0
0
0
0
0
0
0
0
0
0
0
0
0
0
0
0
0
0
0
0
0
0
0
0
0
0
0
0
0
0
0
0
0
1177
9870
18233
22013
18537
15271
12544
11559
10506
9190
8955
8536
7551
6584
6114
5959
5665
5443
5261
5006
4891
5159
5694
6050
6740
7574
9164
11333
15170
22771
46269
56957
45358
10343
0
0
0
0
0
0
0
0
0
0
0
0
0
0
0
0
0
0
0
0
0
0
0
0
0
0
0
0
0
0
0
0
0
0
0
0
0
0
0
0
0
0
0
0
0
0
0
0
0
0
0
0
0
0
0
0
0
0
0
0
0
0
0
0
0
0
0
0
0
3458
13477
22002
28855
25582
21594
18780
16374
14576
13323
12497
11515
10970
10498
10375
10285
10826
11497
12407
13114
14970
18135
23968
36389
55982
51690
41942
15891
0
0
0
0
0
0
0
0
0
0
0
0
0
0
0
0
0
0
0
0
0
0
0
0
0
0
0
0
0
0
0
0
0
0
0
0
0
0
0
0
0
0
0
0
0
0
0
0
0
0
0
0
0
0
0
0
0
0
0
0
0
0
0
0
0
0
0
0
0
0
0
0
0
0
0
289
8467
17478
24575
30369
35262
39259
37446
34314
31639
32003
32059
34250
37385
43819
50427
49389
47856
43943
37408
23333
966
0
0
0
0
0
0
0
0
0
0
0
0
0
0
0
0
0
0
0
0
0
0
0
0
0
0
0
0
0
0
0
0
0
0
0
0
0
0
0
0
0
0
0
0
0
0
0
0
0
0
0
0
0
0
0
0
0
0
0
0
0
0
0
0
0
0
0
0
0
0
0
0
0
0
0
0
0
0
0
0
0
0
0
0
54
4970
11042
15517
17018
18103
16934
14135
7412
48
0
0
0
0
0
0
0
0
0
0
0
0
0
0
0
0
0
0
0
0
0
0
0
0
0
0
0
0
0
0
0
0
0
0
0
0
0
0
0
0
0
0
0
0
0
0
0
0
0
0
0
0
0
0
0
0
0
0
0
0
0
0
0
0
0
0
0
0
0
0
0
0
0
0
0
0
0
0
0
0
0
0
0
0
0
0
0
0
0
0
0
0
0
0
0
0
0
0
0
0
0
0
0
0
0
0
0
0
0
0
0
0
0
0
0
0
0
0
0
0
0
0
0
0
0
0
0
0
0
0
0
0
0
0
0
0
0
0
0
0
0
0
0
0
0
0
0
0
0
0
0
0
0
0
0
0
0
0
0
0
0
0
0
0
0
0
0
0
0
0
0
0
0
0
0
0
0
0
0
0
0
0
0
0
0
0
0
0
0
0
0
0
0
0
0
0
0
0
0
0
0
0
0
0
0
0
0
0
0
0
0
0
0
0
0
0
0
0
0
0
0
0
0
0
0
0
0
0
0
0
0
0
0
0
0
0
0
0
0
0
0
0
0
0
0
0
0
0
0
0
0
0
0
0
0
0
0
0
0
0
0
0
0
0
0
0
0
0
0
0
0
0
0
0
0
0
0
0
0
0
0
0
0
0
0
0
0
0
0
0
0
0
0
0
0
0
0
0
0
0
0
0
0
0
0
0
0
0
0
0
0
0
0
0
0
0
0
0
0
0
0
0
0
0
0
0
0
0
0
0
0
0
0
0
0
0
0
0
0
0
0
0
0
0
0
0
0
0
0
0
0
0
0
0
0
0
0
0
0
0
0
0
0
0
0
0
0
0
0
0
0
0
0
0
0
0
0
0
0
0
0
0
0
0
0
0
0
0
0
0
0
0
0
0
0
0
0
0
0
0
0
0
0
0
0
0
0
0
0
0
0
0
0
0
0
0
0
0
0
0
0
0
0
0
0
0
0
0
0
0
0
0
0
0
0
0
0
0
0
0
0
0
0
0
0
0
0
0
0
0
0
0
0
0
0
0
0
0
0
0
0
0
0
0
0
0
0
0
0
0
0
0
0
0
0
0
0
0
0
0
0
0
0
0
0
0
0
0
0
0
0
0
0
0
0
0
0
0
0
0
0
0
0
0
0
0
0
0
0
0
0
0
0
0
0
0
0
0
0
0
0
0
0
0
0
0
0
0
0
0
0
0
0
0
0
0
0
0
0
0
0
0
0
0
0
