./RotationSim r 35
0
0
0
0
0
0
0
0
0
0
0
0
0
0
0
0
0
0
0
0
0
0
0
0
0
0
0
0
0
0
0
0
0
0
0
0
0
0
0
0
0
0
0
0
0
0
0
0
0
0
0
0
0
0
0
0
0
0
0
0
0
0
0
0
0
0
0
0
0
0
0
0
0
0
0
0
0
0
0
0
0
0
0
0
0
0
0
0
0
0
0
0
0
0
0
0
0
0
0
0
0
0
0
0
0
0
0
0
0
0
0
0
0
0
0
0
0
0
0
0
0
0
0
0
0
0
0
0
0
0
0
0
0
0
0
0
0
0
0
0
0
0
0
0
0
0
0
0
0
0
0
0
0
0
0
0
0
0
0
0
0
0
0
0
0
0
0
0
0
0
0
0
0
0
0
0
0
0
0
0
0
0
0
0
0
0
0
0
0
0
0
0
0
0
0
0
0
0
0
0
0
0
0
0
0
0
0
0
0
0
0
0
0
0
0
0
0
0
0
0
0
0
0
0
0
0
0
0
0
0
0
0
0
0
0
0
0
0
0
0
0
0
0
0
0
0
0
0
0
0
0
0
0
0
0
0
0
0
0
0
0
0
0
0
0
0
0
0
0
0
0
0
0
0
0
0
0
0
0
0
0
0
0
0
0
0
0
0
0
0
0
0
0
0
0
0
0
0
0
0
0
0
0
0
0
0
0
0
0
0
0
0
0
0
0
0
0
0
0
0
0
0
0
0
0
0
0
0
0
0
0
0
0
0
0
0
0
0
0
0
0
0
0
0
0
0
0
0
0
0
0
0
0
0
0
0
0
0
0
0
0
0
0
0
0
0
0
0
0
0
0
0
0
0
0
0
0
0
0
0
0
0
0
0
0
0
0
0
0
0
0
0
0
0
0
0
0
0
0
0
0
0
0
0
0
0
0
0
0
0
0
0
0
0
0
0
0
0
0
0
0
0
0
0
0
0
0
0
0
0
0
0
0
0
0
0
0
0
0
0
0
0
0
0
0
0
0
0
0
0
0
0
0
0
0
0
0
0
0
0
0
0
0
0
0
0
0
0
0
0
0
0
0
0
0
0
0
0
0
0
0
0
0
0
0
0
0
0
0
0
0
0
0
0
0
0
0
0
0
0
0
0
0
0
0
0
0
0
0
0
0
0
0
0
0
0
0
0
0
0
0
0
0
0
0
0
0
0
0
0
0
0
0
0
0
0
0
0
0
0
0
0
0
631
2441
4060
4986
6153
6979
7027
7205
7020
6629
5627
4381
2894
809
0
0
0
0
0
0
0
0
0
0
0
0
0
0
0
0
0
0
0
0
0
0
0
0
0
0
0
0
0
0
0
0
0
0
0
0
0
0
0
0
0
0
0
0
0
0
0
0
0
0
0
0
0
0
0
0
0
0
0
0
0
0
0
0
0
0
0
0
0
0
0
0
0
0
0
0
0
0
0
0
0
489
3076
5750
8095
10395
11779
11706
11474
11645
11585
11989
12333
12299
12522
12682
12811
13397
13873
14217
13022
10619
8019
4400
728
0
0
0
0
0
0
0
0
0
0
0
0
0
0
0
0
0
0
0
0
0
0
0
0
0
0
0
0
0
0
0
0
0
0
0
0
0
0
0
0
0
0
0
0
0
0
0
0
0
0
0
0
0
0
0
0
0
0
0
0
0
0
0
0
0
0
0
0
0
0
0
0
0
1238
4734
8056
10745
10767
10648
10517
10357
10289
10175
10122
10184
10021
9902
10001
10136
10203
10354
10725
11222
11696
12004
12678
13199
13821
14280
14997
11883
7316
1850
0
0
0
0
0
0
0
0
0
0
0
0
0
0
0
0
0
0
0
0
0
0
0
0
0
0
0
0
0
0
0
0
0
0
0
0
0
0
0
0
0
0
0
0
0
0
0
0
0
0
0
0
0
0
0
0
0
0
0
0
0
0
0
0
0
0
0
286
3651
7949
10267
9962
9851
9576
9412
9303
8947
8910
8770
8592
8497
8559
8385
8329
8135
8373
8533
8491
8814
9019
9304
9627
9954
10335
11204
12115
12680
13233
14514
15927
12633
6535
572
0
0
0
0
0
0
0
0
0
0
0
0
0
0
0
0
0
0
0
0
0
0
0
0
0
0
0
0
0
0
0
0
0
0
0
0
0
0
0
0
0
0
0
0
0
0
0
0
0
0
0
0
0
0
0
0
0
0
0
0
0
0
706
4956
9091
9584
9418
9125
9042
8801
8485
7996
8075
7906
7600
7430
7553
7351
7102
7114
6971
7154
7122
6882
7315
7334
7316
7597
7615
8308
8607
9154
9535
10259
10873
11807
12904
14134
15483
15956
9348
1650
0
0
0
0
0
0
0
0
0
0
0
0
0
0
0
0
0
0
0
0
0
0
0
0
0
0
0
0
0
0
0
0
0
0
0
0
0
0
0
0
0
0
0
0
0
0
0
0
0
0
0
0
0
0
0
0
0
0
572
5134
8772
9344
9065
8566
8314
8200
7900
7783
7233
7152
6712
6747
6718
6284
6074
5892
5833
5752
5542
5566
5494
5344
5488
5719
5959
5965
6068
6435
6580
6855
7587
8084
8578
9208
10016
10860
12359
13643
15631
16667
10099
1400
0
0
0
0
0
0
0
0
0
0
0
0
0
0
0
0
0
0
0
0
0
0
0
0
0
0
0
0
0
0
0
0
0
0
0
0
0
0
0
0
0
0
0
0
0
0
0
0
0
0
0
0
0
0
96
3912
8546
9070
8969
8667
7751
7783
7425
7192
6774
6337
6232
6023
5752
5483
5247
5230
4984
4676
4498
4553
4450
4474
4465
4461
4553
4556
4700
4774
4793
5009
5206
5400
5863
6216
6827
7321
8127
8881
9750
10967
11945
13818
15816
16880
8547
323
0
0
0
0
0
0
0
0
0
0
0
0
0
0
0
0
0
0
0
0
0
0
0
0
0
0
0
0
0
0
0
0
0
0
0
0
0
0
0
0
0
0
0
0
0
0
0
0
0
0
0
1683
7008
8788
8583
8294
7718
7362
7036
6926
6551
6307
5997
5693
5362
5118
4830
4687
4496
4257
4143
3845
3892
3878
3718
3600
3644
3704
3721
3832
3800
3842
3933
4073
4352
4591
4537
4878
5141
5612
6323
6885
7687
8469
9679
10747
12397
14651
17015
15691
4461
0
0
0
0
0
0
0
0
0
0
0
0
0
0
0
0
0
0
0
0
0
0
0
0
0
0
0
0
0
0
0
0
0
0
0
0
0
0
0
0
0
0
0
0
0
0
0
0
137
4160
8471
8525
8054
7807
7064
6995
6599
6354
6042
5679
5513
5150
4878
4688
4320
4052
4017
3830
3683
3496
3499
3449
3401
3215
3131
3219
3079
3088
3016
3124
3134
3176
3260
3402
3550
3659
3915
4268
4651
4911
5363
6049
6755
7503
8354
9614
11158
13235
15548
18126
10614
364
0
0
0
0
0
0
0
0
0
0
0
0
0
0
0
0
0
0
0
0
0
0
0
0
0
0
0
0
0
0
0
0
0
0
0
0
0
0
0
0
0
0
0
0
0
925
6397
8300
8137
7678
7316
6714
6593
6393
6331
5669
5290
5132
4596
4541
4233
4013
3764
3635
3465
3292
3377
3148
3045
3050
2975
2993
2839
2759
2791
2864
2833
2821
2814
2871
2949
3053
3141
3167
3369
3266
3570
3902
4316
4681
5206
5926
6720
7758
8619
9992
11992
14400
17098
15724
2555
0
0
0
0
0
0
0
0
0
0
0
0
0
0
0
0
0
0
0
0
0
0
0
0
0
0
0
0
0
0
0
0
0
0
0
0
0
0
0
0
0
0
0
1949
7495
7973
7781
7289
7083
6561
6304
5992
5693
5117
4947
4738
4434
4271
3891
3624
3524
3421
3348
3057
3071
2915
2869
2898
2932
2939
3022
2948
3102
2894
2780
2704
2606
2691
2607
2521
2617
2754
2860
2840
2876
2935
3231
3287
3710
4081
4699
5252
5929
6979
7792
9180
11099
13600
16696
17975
5419
0
0
0
0
0
0
0
0
0
0
0
0
0
0
0
0
0
0
0
0
0
0
0
0
0
0
0
0
0
0
0
0
0
0
0
0
0
0
0
0
0
2843
7772
7740
7473
7023
6811
6445
6063
5780
5356
5033
4710
4446
4081
3826
3678
3530
3506
3289
3069
2950
3150
3033
3109
3228
3363
3517
3685
3644
3672
3647
3701
3583
3424
3263
3263
3117
2982
2697
2560
2599
2591
2663
2733
2752
2996
3103
3315
3637
4057
4744
5448
6376
7122
8446
10164
12438
15945
18764
7884
0
0
0
0
0
0
0
0
0
0
0
0
0
0
0
0
0
0
0
0
0
0
0
0
0
0
0
0
0
0
0
0
0
0
0
0
0
0
0
3495
7674
7581
7275
6899
6491
6274
5728
5558
5252
4612
4479
4072
4021
3689
3552
3525
3289
3122
2976
3055
3158
3307
3551
3708
4093
4350
4348
4521
4809
4699
4967
4920
5156
5210
4995
4727
4643
4393
4057
3707
3117
2746
2717
2761
2786
2671
2778
2904
3035
3361
3609
4354
5199
5868
6877
8136
9930
12339
15542
18926
9808
0
0
0
0
0
0
0
0
0
0
0
0
0
0
0
0
0
0
0
0
0
0
0
0
0
0
0
0
0
0
0
0
0
0
0
0
0
3562
7484
7370
7000
6781
6220
5845
5633
5153
4927
4491
4459
4047
3920
3505
3529
3420
3050
3106
3210
3336
3730
3873
4117
4628
5064
5189
5362
5580
5536
5922
6077
6164
6026
6102
6308
6267
6412
6071
5794
5597
5238
4707
4095
3454
2761
2508
2575
2490
2608
2807
2811
3002
3378
4017
4612
5417
6498
7849
9489
12200
15120
19104
10783
0
0
0
0
0
0
0
0
0
0
0
0
0
0
0
0
0
0
0
0
0
0
0
0
0
0
0
0
0
0
0
0
0
0
0
3361
7626
7160
7013
6300
6097
5794
5639
4959
4841
4381
4230
3787
3602
3479
3434
3365
3138
3345
3479
3883
3959
4440
4731
5264
5287
5425
5709
5985
5984
6253
6277
6475
6582
6672
6951
6950
6621
6694
7018
6986
6784
6541
6197
5931
5459
4574
3689
3008
2781
2563
2335
2620
2763
2879
3301
3755
4215
5036
6331
7752
9425
12003
15434
19128
10018
0
0
0
0
0
0
0
0
0
0
0
0
0
0
0
0
0
0
0
0
0
0
0
0
0
0
0
0
0
0
0
0
0
2530
7431
6976
6834
6355
6032
5752
5503
4809
4882
4491
4096
3824
3554
3473
3348
3458
3236
3486
3633
4044
4486
4719
5194
5488
5627
5700
6090
6144
6314
6432
6348
6379
6545
6823
6548
6681
6600
6640
6783
6927
6916
7010
7188
7214
7062
6640
6389
5666
4956
3904
3094
2688
2435
2437
2620
2792
3256
3685
4111
4662
5946
7463
9397
11934
15586
19676
8653
0
0
0
0
0
0
0
0
0
0
0
0
0
0
0
0
0
0
0
0
0
0
0
0
0
0
0
0
0
0
0
1676
7124
6906
6625
6201
6081
5662
5327
4829
4736
4408
4028
3662
3548
3489
3386
3366
3376
3572
3830
4452
4761
5039
5364
5535
5695
5929
6168
5989
6073
6014
6159
6164
6302
6183
6058
6370
6385
6560
6724
6887
7022
7302
7326
7531
7587
7297
7370
7375
6990
6250
5489
4730
3543
3022
2590
2372
2488
2688
3183
3511
4075
4710
5900
7644
9401
12159
16110
19989
5859
0
0
0
0
0
0
0
0
0
0
0
0
0
0
0
0
0
0
0
0
0
0
0
0
0
0
0
0
0
797
6508
6851
6731
6071
5808
5662
5244
4841
4680
4466
3981
3714
3662
3478
3278
3437
3526
3802
4038
4708
4870
4971
5304
5526
5621
6043
5855
6009
6108
5941
5983
5899
5833
5876
5942
6018
5860
5901
6223
6313
6384
6643
6902
7230
7345
7204
7539
7517
7889
7779
7703
7030
6368
5368
3991
3103
2674
2383
2404
2643
3042
3236
3918
4624
5989
7525
9670
12820
16713
19609
2833
0
0
0
0
0
0
0
0
0
0
0
0
0
0
0
0
0
0
0
0
0
0
0
0
0
0
0
111
5248
6921
6674
5920
5790
5605
5240
4926
4595
4259
3914
3683
3589
3360
3306
3402
3610
3885
4202
4735
4882
5068
5467
5862
5812
5649
5804
5888
5803
5818
5844
5727
5727
5585
5908
5910
5845
5874
6047
5938
6047
6112
5900
6003
6213
6446
6851
6912
7313
7645
7746
7895
8077
7677
7061
6017
4759
3366
2693
2342
2370
2450
2909
3182
3617
4759
5972
7934
9876
13665
17793
17651
460
0
0
0
0
0
0
0
0
0
0
0
0
0
0
0
0
0
0
0
0
0
0
0
0
0
0
3400
6788
6625
5955
5867
5748
5115
4920
4413
4262
4035
3699
3580
3256
3313
3366
3906
4057
4396
4744
5028
5182
5597
5725
5498
5509
5609
5689
5711
5848
5727
5366
5389
5471
5350
5339
5200
5236
5122
5128
5044
5083
5354
5631
5710
5671
6115
6546
6768
6952
7353
7581
7683
8041
8356
8070
7735
6609
5047
3648
2689
2425
2321
2360
2963
3322
3684
4967
6131
8238
10620
14405
19521
12260
0
0
0
0
0
0
0
0
0
0
0
0
0
0
0
0
0
0
0
0
0
0
0
0
0
1331
6707
6692
6113
5897
5691
5254
4840
4451
4053
4041
3824
3465
3273
3281
3506
3929
4202
4192
4601
5010
5081
5602
5533
5645
5546
5422
5625
5443
5495
5285
5351
5235
5329
5082
5012
4896
4939
4914
5048
4957
4886
5047
5027
5091
4918
5425
5265
5383
5535
5803
6497
7032
7529
7922
8029
8372
8543
7859
7231
5529
3718
2630
2477
2309
2453
2846
3399
3920
5055
6557
8552
11590
15907
21060
5015
0
0
0
0
0
0
0
0
0
0
0
0
0
0
0
0
0
0
0
0
0
0
0
62
5361
6535
6055
5763
5689
5331
4866
4541
4305
4092
3986
3575
3269
3340
3576
3829
4188
4238
4557
4718
4963
5755
5494
5364
5371
5557
5512
5456
5156
5272
5109
4982
4984
4751
4804
4548
4775
4650
4478
4376
4443
4544
4437
4530
4539
4639
4614
4769
4970
5182
5323
5716
6018
6606
6997
7775
7995
8278
8622
8376
7460
5952
3828
2691
2330
2291
2375
2810
3446
4059
5309
7031
9393
12815
17413
19196
407
0
0
0
0
0
0
0
0
0
0
0
0
0
0
0
0
0
0
0
0
0
0
2677
6537
6148
5831
5711
5244
5157
4553
4094
4067
4089
3753
3177
3371
3592
3812
4177
4282
4458
4786
4874
5453
5476
5395
5484
5535
5318
5198
5009
5265
5040
4672
4665
4566
4268
4304
4587
4445
4469
4569
4558
4382
4169
4187
4052
4065
4136
4200
4437
4465
4775
4993
5142
5403
5778
6255
6886
7676
7890
8419
8645
8230
7725
5768
3615
2687
2262
2359
2558
2887
3596
4426
5636
7863
10353
14373
19830
10892
0
0
0
0
0
0
0
0
0
0
0
0
0
0
0
0
0
0
0
0
0
431
6165
6198
5916
5623
5187
4920
4817
4225
4285
3880
3794
3425
3314
3517
3881
4169
4192
4264
4584
4999
5402
5435
5299
5323
5257
5077
5100
4858
5116
4822
4563
4654
4508
4401
4627
4595
4467
4585
4369
4353
4396
4309
4220
4110
4126
3915
3990
4010
3998
4065
4312
4355
4754
4918
5346
5656
5962
7091
7344
7967
8644
8823
8572
7734
5305
3607
2569
2182
2278
2651
2938
3687
4628
6346
8645
12023
16329
21279
1887
0
0
0
0
0
0
0
0
0
0
0
0
0
0
0
0
0
0
0
0
3405
6232
5996
5467
5518
5069
4909
4460
4059
4164
3851
3581
3203
3387
3820
4155
4248
4309
4408
4891
5241
5348
5156
5192
5240
4977
5028
4969
5059
4681
4618
4611
4570
4658
4510
4484
4522
4429
4511
4470
4613
4529
4755
4663
4552
4498
4621
4381
4384
4288
4179
3971
4057
4052
4341
4723
5033
5402
5777
6524
7276
8016
9055
8920
8621
7558
5066
3394
2457
2101
2376
2582
3149
4073
5125
7333
10025
13394
19090
13632
0
0
0
0
0
0
0
0
0
0
0
0
0
0
0
0
0
0
0
519
6033
6080
5706
5425
5174
4819
4617
4119
4150
3804
3719
3367
3410
3643
4226
4083
4184
4313
4791
4942
5130
5221
5195
5289
5094
5076
4838
4839
4721
4517
4468
4476
4430
4453
4625
4990
4796
4774
4935
5057
5065
5106
5408
5474
5258
4996
5056
4756
4742
4627
4473
4220
3796
3865
3961
4056
4470
4735
5497
5639
6377
7374
8091
8770
9289
8642
7139
4471
2879
2337
2190
2444
2784
3582
4438
6076
8371
11672
15997
21761
2212
0
0
0
0
0
0
0
0
0
0
0
0
0
0
0
0
0
0
3120
6186
5794
5406
5177
4997
4728
4335
3963
4070
3717
3561
3337
3538
4036
4093
4139
4472
4684
4858
5087
5197
5150
5155
5173
4989
4909
4738
4669
4377
4402
4510
4496
4487
4565
4884
4999
4847
4844
5203
5607
5845
5810
5494
5289
5538
5704
5849
5629
5599
4939
4689
4689
4332
3968
3874
3831
3926
4043
4724
5401
6129
6349
7498
8350
8814
9222
8516
6582
3974
2689
2133
2249
2601
3031
3906
5126
7047
9893
13870
19296
12912
0
0
0
0
0
0
0
0
0
0
0
0
0
0
0
0
0
146
5708
5748
5642
5238
4982
4818
4407
4171
3858
3837
3691
3493
3389
3766
3905
3989
4210
4613
4697
4871
4794
5047
5135
5118
4901
4866
4604
4544
4370
4426
4519
4449
4620
4896
4908
5301
5324
5214
5345
5849
5530
5712
5650
5729
5719
5899
5954
5791
6212
5971
5989
5424
5206
4708
4352
4198
3822
3933
3970
4015
4651
5516
6203
6838
7425
8469
9195
9252
7965
5641
3379
2345
2225
2426
2661
3324
4437
5864
8187
12161
16304
21128
930
0
0
0
0
0
0
0
0
0
0
0
0
0
0
0
0
2127
5977
5803
5391
5061
4814
4623
4186
4083
3958
3547
3444
3413
3439
3893
3928
4259
4697
4414
4693
4705
5147
5048
5009
5023
4756
4439
4502
4503
4774
4500
4737
4692
4810
4791
5064
5381
5498
5373
5387
5619
5762
5956
6035
6174
6158
6278
6418
6287
6121
6214
5842
5869
5829
5759
5324
4649
4030
3784
3903
3764
3992
4537
5463
6167
7101
7849
8707
9427
9057
7244
4602
2772
2224
2177
2496
2981
3786
5040
7229
10180
14473
20074
9596
0
0
0
0
0
0
0
0
0
0
0
0
0
0
0
0
4319
5877
5664
5024
4900
4740
4436
4137
3685
3872
3553
3473
3497
3769
3956
4067
4436
4688
4581
4890
4838
5029
5130
4777
5001
4466
4606
4570
4550
4553
4703
4817
5176
4920
5363
5307
5515
5437
5458
5836
5892
5480
5628
5702
5915
5983
5989
6336
6273
6269
6715
6795
6447
6580
6093
6137
5157
4627
3812
3560
3843
3813
4155
4722
5602
6260
7380
8221
9216
9440
8646
6353
3434
2235
2053
2312
2726
3483
4410
6246
8757
12448
17637
18405
0
0
0
0
0
0
0
0
0
0
0
0
0
0
0
646
5728
5677
5326
5048
4890
4661
4081
3961
3762
3687
3515
3524
3391
4009
3980
4204
4480
4467
4665
4832
4848
5005
4917
4852
4654
4510
4619
4377
4659
4414
5068
4811
5109
5017
5434
5417
5309
5088
5402
5534
5646
5742
5891
5762
6003
6076
6003
5910
6265
6350
6889
6595
6721
6811
6498
6272
6070
5656
4677
4079
3786
3633
3807
4284
4873
5866
6501
7999
8797
9422
9479
7977
4622
2733
2163
2213
2493
3149
4026
5272
7661
10687
15332
22589
3288
0
0
0
0
0
0
0
0
0
0
0
0
0
0
2459
5670
5489
5248
4980
4902
4288
4126
3953
3612
3527
3560
3361
3624
4043
4101
4386
4513
4590
4770
4648
4999
4837
4896
4781
4437
4389
4657
4348
4764
4580
5148
4708
5220
5156
5275
5142
5160
5320
5595
5671
5513
5518
5454
5519
5487
5763
5719
5607
5903
6027
6305
6662
6591
7115
6932
6560
6513
6473
5340
4924
4128
3717
3625
3990
4285
4844
5844
7149
8336
9152
9560
8985
6155
3198
2374
2038
2291
2791
3503
4599
6771
9437
13607
19882
11632
0
0
0
0
0
0
0
0
0
0
0
0
0
0
4162
5775
5391
4960
4870
4583
4244
3919
3856
3647
3569
3410
3612
3616
4073
4032
4443
4474
4690
4662
4631
4801
4914
4965
4482
4461
4359
4838
4502
4556
4810
4873
5061
5072
5203
5282
5354
5243
5335
5442
5353
5343
5314
5342
5536
5072
5343
5232
5290
5211
5908
6171
6475
6451
6688
6748
6548
6801
6836
6194
5225
4713
3974
3676
3929
3931
4540
5227
6437
7906
9227
9532
9570
7834
4255
2596
2147
2322
2515
3191
4265
5810
8610
12156
17850
18448
0
0
0
0
0
0
0
0
0
0
0
0
0
191
5332
5443
5160
4829
4807
4496
4066
3994
3808
3521
3631
3530
3710
3746
4001
4159
4370
4496
4546
4556
4789
4867
4753
4787
4423
4753
4513
4465
4705
4644
4783
4900
5131
5216
5002
5382
5380
5398
5372
5212
4980
5201
5570
5283
4935
4897
4817
5103
4952
5440
5247
5068
5733
6417
6440
6679
6997
6937
7243
6699
6398
4973
4333
3647
3475
3907
4224
4633
5536
7303
8514
9408
9939
8954
5840
2904
2223
2130
2344
2942
3839
5312
7698
10945
15823
23049
1423
0
0
0
0
0
0
0
0
0
0
0
0
1566
5505
5373
4995
4731
4578
4438
3951
3812
3835
3409
3668
3623
3724
3821
4013
4307
4547
4431
4677
4458
4733
4784
4938
4749
4346
4492
4734
4512
4740
4602
4822
4974
5069
5164
5478
5641
5770
5314
5360
4980
5144
5257
5204
4844
4953
4608
4907
5085
4936
5238
4689
5503
5030
5400
6804
6249
6462
6903
7218
6951
6876
5656
4869
4173
3674
3622
3946
4271
5204
6472
7925
9247
9919
9442
7329
3679
2139
2128
2259
2694
3456
4766
6667
9929
14492
20825
7956
0
0
0
0
0
0
0
0
0
0
0
0
2752
5367
5272
4956
4648
4662
4117
3848
3733
3564
3421
3523
3597
3726
3969
4136
4404
4547
4559
4704
4473
4799
4769
4658
4536
4347
4434
4762
4645
4638
4696
5087
4990
5125
5453
5197
5247
5315
5126
5203
5007
5052
4965
4974
5719
5261
5262
4999
4844
4716
5119
4635
4868
5446
5380
5497
5944
6157
6613
7144
7362
7475
6607
5613
4473
3861
3465
3786
4206
4935
5979
7127
8683
9826
9980
8183
4575
2371
2003
2091
2549
3174
4335
6086
9009
13333
19442
13656
0
0
0
0
0
0
0
0
0
0
0
0
3785
5381
5363
4714
4634
4617
4080
3829
3859
3460
3372
3466
3598
3742
4001
4218
4407
4463
4247
4687
4574
4721
4869
4635
4489
4349
4555
4731
4733
4832
4850
4979
4596
5529
5165
4946
5275
5208
5007
5170
5163
5073
4936
5214
5376
5014
5290
5261
5505
4951
4571
4774
4305
4159
4650
5395
5526
6052
6506
7000
7141
7334
7062
6291
5057
4133
3676
3487
3790
4814
5619
6540
8084
9795
10070
9049
5435
2958
2197
2130
2371
2938
4033
5793
7930
12512
17960
18054
0
0
0
0
0
0
0
0
0
0
0
0
4688
5425
5117
4583
4373
4539
3880
3837
3740
3382
3371
3592
3570
3847
3936
4442
4239
4382
4292
4535
4559
4705
4644
4605
4425
4437
4607
4832
4550
4975
4812
4701
4840
5091
4924
5409
5067
5241
4820
4947
5311
5204
5080
5023
5140
5066
5457
5189
5382
4662
4890
4587
4625
4534
4870
4978
5176
5739
6235
6512
7375
7596
6897
6300
5431
4357
3744
3631
3863
4166
5506
6350
7648
9346
10012
9492
6601
3079
2207
2082
2306
2856
3657
5232
7671
11251
16553
22050
0
0
0
0
0
0
0
0
0
0
0
257
5372
5273
4993
4771
4437
4311
4013
3730
3664
3351
3341
3577
3715
3933
4013
4380
4355
4356
4405
4593
4732
4638
4695
4405
4469
4661
4791
4643
4582
4805
4912
4742
4713
5148
4933
5354
5245
5183
4481
5243
5094
5183
5207
4886
5125
4886
5215
5035
5138
5123
5133
4942
4366
4512
4421
4381
4647
5553
5794
6532
7159
8024
7257
6323
6369
4672
3674
3633
3821
4193
4736
6241
7524
8821
9998
9833
7520
3644
2336
2211
2123
2806
3616
4654
7066
10432
16022
23332
1948
0
0
0
0
0
0
0
0
0
0
963
5170
5280
4945
4663
4340
4320
3937
3702
3574
3294
3439
3620
3618
3860
4341
4290
4184
4424
4428
4620
4431
4648
4667
4392
4350
4663
4675
4609
4756
4871
4845
4865
4985
5109
4970
5068
5006
4805
4989
5094
5296
5098
5065
5030
5227
5149
5881
5677
5263
5195
5004
5183
4949
4491
4650
4698
4572
4889
5337
6399
6917
7351
8093
6797
6689
5042
4149
3374
3645
4188
4640
5760
7339
8586
9928
10256
8036
4405
2485
2122
2093
2589
3369
4583
6591
9848
15313
22004
5782
0
0
0
0
0
0
0
0
0
0
1597
5070
5173
4883
4480
4234
4218
3912
3925
3430
3433
3320
3567
3715
3868
4077
4171
4400
4243
4316
4498
4515
4497
4585
4484
4490
4751
4495
4571
4808
4837
4950
4736
4877
5171
5062
5037
5107
4762
5165
5171
4877
5045
4969
5225
5567
5225
5427
5893
5623
5222
5654
5591
5424
4970
4871
4582
4428
5072
5148
5985
6411
7093
7705
7555
7029
5854
4343
3523
3434
3919
4556
5313
6984
8323
9660
10421
8363
5060
2688
2198
2127
2418
3210
4388
6330
9451
14016
20999
8911
0
0
0
0
0
0
0
0
0
0
2012
5057
5099
4759
4615
4296
4164
3778
3746
3301
3357
3353
3623
3852
4057
4153
4102
4379
4256
4239
4520
4442
4392
4647
4380
4562
4474
4506
4751
4614
5006
4618
4797
5010
5115
4928
5269
5310
5166
4982
4972
5091
5155
5205
5585
5590
5164
5297
5696
5759
5611
5526
5850
5885
5055
4779
4702
4067
4300
5040
5673
6116
7254
7301
7857
6944
5824
4703
3784
3644
3746
4404
5377
6694
8063
9582
10275
8784
5493
2879
2305
2140
2212
2902
4099
5998
9050
13722
20408
11159
0
0
0
0
0
0
0
0
0
0
2356
4897
4929
4909
4484
4187
3972
3813
3653
3385
3343
3459
3562
3814
4019
4143
4043
4273
4465
4430
4401
4492
4492
4642
4395
4451
4384
4616
4755
4654
4892
4553
4789
4932
4969
5183
5092
5425
5194
5068
5520
5169
5213
5020
5351
5229
5216
5692
6003
5495
6063
6558
6286
6125
5408
4924
4588
4383
4265
4634
5605
6021
7022
7401
7324
7223
6242
4836
3751
3545
3607
4177
5356
6602
7916
9349
10312
9415
5985
2959
2309
2223
2146
2799
4123
5841
8848
13412
20185
12471
0
0
0
0
0
0
0
0
0
0
2586
5007
5042
4688
4365
4152
4013
3711
3731
3607
3235
3253
3624
3741
4056
3981
4035
4247
4229
4266
4493
4318
4373
4660
4434
4545
4469
4765
4822
4393
4826
4840
4857
4846
4969
5011
5238
5248
4961
5582
5413
5357
5021
4840
4706
4801
5597
5830
5718
5804
6839
6851
6855
6314
5834
4899
4529
4042
4209
4484
4924
5830
6640
7314
7644
7280
6335
4971
3956
3444
3385
4152
5176
6077
7986
9403
10124
9488
6130
3052
2310
2294
2085
2925
4107
5865
8404
13265
19789
13458
0
0
0
0
0
0
0
0
0
0
2719
4841
4866
4641
4397
4184
4058
3749
3664
3306
3378
3335
3572
3725
4016
4198
4032
4197
4234
4211
4449
4400
4548
4383
4331
4415
4375
4842
4610
4641
4926
4587
4962
5124
4700
4929
5203
5001
5346
5565
5498
5188
4782
4435
4766
4341
4719
5520
5555
6425
7067
6841
7069
6563
6127
5263
4394
4037
4338
4195
4765
5862
6333
7480
7869
7278
6574
5111
3824
3483
3468
4068
5122
6038
7805
9369
10209
9452
6122
3227
2306
2268
2169
2751
3912
5462
8468
13231
19662
14453
0
0
0
0
0
0
0
0
0
0
2606
4939
4869
4603
4299
4072
3863
3741
3650
3214
3275
3417
3699
3536
4081
4202
4130
4249
4135
4272
4384
4342
4419
4453
4345
4528
4317
4814
4538
4814
4634
4532
4920
5096
4661
4923
4997
5186
5537
5367
5470
5123
4829
4670
4574
4731
4608
5429
5356
6271
6900
7420
7009
7002
6215
5320
4639
4247
4378
4522
4840
5609
6248
7490
7903
7607
6374
4953
4155
3584
3417
4148
4848
6064
7878
9210
10348
9749
6127
3263
2341
2227
2200
2818
4037
5549
8408
13112
19404
14575
0
0
0
0
0
0
0
0
0
0
2523
4829
4658
4638
4295
4078
4028
3751
3667
3338
3181
3308
3665
3575
3964
4092
4025
4069
4212
4275
4273
4214
4583
4458
4228
4465
4377
4873
4999
4638
4664
4444
4969
5082
4657
5074
5213
5141
5690
5463
5236
5183
5077
4854
4858
4301
4503
4734
5075
5854
6903
7404
7063
6973
6061
5325
4544
4171
4314
4413
4851
5504
6266
7133
8246
7594
6474
4924
4181
3574
3207
4211
4983
5788
7906
9088
10438
9507
6049
3208
2371
2278
2266
2765
3843
5605
8522
13004
19573
14105
0
0
0
0
0
0
0
0
0
0
2289
4997
4874
4480
4190
4087
4034
3699
3522
3423
3192
3200
3667
3658
3813
4290
4047
4179
4316
4177
4233
4449
4419
4269
4429
4293
4598
4761
5025
4622
4614
4895
4754
5269
4679
4751
5414
5239
5538
5133
5422
5041
4800
4554
4585
4282
4746
4850
5562
6381
6482
6518
6586
6549
6130
5382
4832
4134
4294
4377
4950
5499
6477
7756
7676
7398
6628
4967
4004
3414
3331
4335
4991
6031
7835
9194
10518
9322
5975
3125
2372
2296
2152
2674
4103
5667
8705
13290
20347
12866
0
0
0
0
0
0
0
0
0
0
1974
4810
4653
4414
4251
4141
3883
3811
3513
3488
3189
3354
3606
3668
3848
4135
4026
4102
4278
4209
4184
4336
4422
4511
4360
4156
4439
4657
4726
4844
4685
4701
4813
4730
5036
4792
5075
5092
5555
5415
5316
5051
4755
4677
4616
4448
4514
4620
5309
5965
6635
6371
6163
5761
5285
5103
4669
4317
4609
4669
5193
5826
7044
7702
7293
7221
6679
4725
3733
3570
3633
4288
4964
6295
7810
9708
10340
9401
5733
3090
2400
2275
2194
2886
3965
5834
8950
13828
20739
11321
0
0
0
0
0
0
0
0
0
0
1511
5076
4534
4518
4190
4094
3889
3718
3534
3365
3237
3318
3534
3631
3754
3968
4143
3847
4426
4054
4490
4246
4291
4353
4367
4291
4304
4479
4701
4638
4915
4529
4866
4904
4865
4995
5171
4834
5076
5573
5354
5389
4657
4634
4482
4461
4985
4710
5271
6156
6468
6763
6590
6356
5394
4810
4272
4303
4222
4638
5399
6089
6865
7742
7801
7175
6143
4546
3588
3551
3623
4337
5103
6221
8020
9676
10247
9338
5115
3055
2276
2267
2406
2832
4244
6024
9019
14284
21655
9042
0
0
0
0
0
0
0
0
0
0
885
4827
4722
4530
4285
4125
3858
3746
3556
3470
3272
3213
3605
3488
3864
4011
4214
3957
4209
4189
4229
4286
4157
4403
4436
4204
4246
4620
4681
4898
4790
4415
4886
5041
4671
4842
5140
4850
4966
5450
5210
5335
5067
4638
4765
4851
4892
4966
5689
5838
6357
6942
6571
5910
5236
4652
4190
4267
4437
4837
5368
6122
7128
7686
7523
6838
5585
4304
3644
3654
3812
4454
5311
6750
8584
9704
10267
8730
4794
2932
2281
2277
2441
3050
4402
6501
9715
14889
22971
5893
0
0
0
0
0
0
0
0
0
0
263
4874
4587
4555
4143
4078
3980
3670
3558
3470
3272
3281
3355
3566
3781
4038
4089
3940
4196
4165
4253
4434
4230
4353
4322
4330
4409
4393
4579
4872
4739
4379
4834
5057
4916
4932
4868
5278
4974
5852
5160
5273
5095
4770
4605
4708
5396
5342
5530
5704
5548
6168
6028
5431
4702
4652
4330
4245
4570
5011
5621
6466
7561
7826
8007
6655
5139
4200
3746
3587
4059
4543
5406
7158
8799
10046
10248
8163
4171
2703
2206
2388
2618
3098
4496
6702
10360
15693
24388
1996
0
0
0
0
0
0
0
0
0
0
0
4429
4583
4595
4141
4149
3910
3721
3643
3374
3360
3158
3329
3556
3757
3922
3975
4009
4029
4322
4047
4212
4131
4315
4073
4329
4326
4425
4766
4515
4722
4592
4951
4809
5081
4752
4853
5017
5071
5273
5317
5463
5575
5041
4862
4810
5072
5372
5355
5300
5627
5545
5397
4880
4561
4361
4502
4647
4729
5394
5985
7002
7820
7752
7034
5697
5006
4091
3545
3545
4146
4838
5846
7368
9222
10162
10013
7159
3690
2557
2194
2395
2659
3351
4954
7287
11227
16789
22960
0
0
0
0
0
0
0
0
0
0
0
0
3591
4598
4428
4399
4074
3994
3667
3623
3569
3316
3284
3267
3532
3631
4061
4081
3908
4118
4194
4021
4169
3948
4213
4261
4306
4224
4261
4764
4429
4792
4568
4638
4687
4930
4778
4906
4974
5010
5060
5032
5365
5545
5165
5148
5135
5234
5253
5689
5764
5581
5512
4912
4829
4510
4439
4142
4409
5014
5957
6527
7126
7670
7948
6597
5375
4280
3822
3807
3555
4205
5153
6366
7968
9593
10184
9646
5900
3358
2396
2091
2443
2753
3447
5355
7929
12177
18181
19150
0
0
0
0
0
0
0
0
0
0
0
0
2639
4617
4435
4401
4043
3994
3814
3642
3461
3268
3325
3228
3428
3681
3779
3948
4081
4135
4132
4183
4167
4285
4230
4288
4230
4238
4121
4576
4588
4511
4634
4776
4828
4795
4931
4829
4891
4996
4939
4818
5121
5517
5592
5521
5318
5342
5336
5511
5492
5178
4793
4634
4556
4645
4429
4279
4776
5140
5987
7206
7294
8171
7274
6301
5003
4150
3757
3441
3815
4388
5343
6885
8248
9818
10455
8974
5025
3100
2344
2137
2481
2800
3911
5775
8615
13380
19878
14132
0
0
0
0
0
0
0
0
0
0
0
0
1436
4839
4513
4277
4167
3830
3763
3553
3590
3491
3269
3272
3285
3539
3716
3954
4021
4103
3990
4150
4113
4361
4107
4378
4210
4426
4137
4317
4526
4491
4578
4777
4752
4797
4790
4853
4996
4910
5180
5134
5137
5380
5580
5311
5392
5708
5712
5659
5239
5251
5054
4847
4789
4853
4661
4765
5053
5881
6601
7270
7300
7452
6857
5856
4631
4193
3657
3542
3723
4611
5732
7381
8631
10348
10323
7850
4091
2718
2240
2146
2484
3083
4517
6318
9405
14808
22085
8077
0
0
0
0
0
0
0
0
0
0
0
0
191
4928
4591
4220
4169
3866
3905
3618
3500
3277
3274
3348
3383
3481
3644
3910
3873
3955
3893
4130
4271
4209
4198
4398
4188
4289
4502
4390
4342
4658
4557
4793
4672
4733
5108
4909
5071
5074
4924
5062
4890
4985
5181
5241
5658
5502
5044
5326
5475
5163
5071
5002
4867
4872
5041
5247
5767
6165
6824
7433
7427
7238
6483
5262
4257
3773
3703
3655
4023
5230
6402
8051
9321
10376
9486
6545
3386
2486
2205
2193
2623
3433
4955
7168
10934
16258
23812
1543
0
0
0
0
0
0
0
0
0
0
0
0
0
3637
4485
4337
4393
3981
3809
3570
3587
3388
3302
3291
3236
3398
3573
3938
3716
3967
3883
4057
4139
4229
4235
4083
4488
4219
4521
4404
4257
4393
4577
4748
4698
4952
5005
5118
5121
5159
5074
4712
4982
5022
5004
5105
5483
5113
5061
4998
4950
4936
5142
5442
4953
5161
5437
5549
6143
6247
6941
7097
7080
7189
5704
4444
3910
3691
3657
3867
4443
5814
6864
8563
9978
10026
8801
4923
2918
2251
2180
2327
2930
3682
5638
7951
12349
17773
19592
0
0
0
0
0
0
0
0
0
0
0
0
0
0
2302
4847
4473
4285
4062
3811
3634
3629
3308
3165
3223
3307
3467
3453
3623
3747
4015
3997
3990
4008
4129
4233
4206
4317
4262
4322
4418
4516
4376
4411
4340
4650
4452
4786
4588
4813
4905
5100
4977
5077
5234
4872
4985
4876
5045
4900
4992
5072
4900
5022
4674
4778
5282
5366
5922
5874
6440
7110
7285
6656
6137
4990
4230
3665
3611
3889
4458
5015
6215
7882
9092
10095
9913
7146
3805
2598
2187
2186
2556
3047
4393
6306
9297
13876
20368
12418
0
0
0
0
0
0
0
0
0
0
0
0
0
0
609
4955
4620
4125
4214
3766
3752
3539
3447
3379
3234
3281
3150
3505
3526
3802
4029
3977
3933
4195
4078
4355
4200
4355
4221
4495
4468
4503
4335
4531
4439
4723
4475
4654
4709
4613
4752
4662
4979
4972
4909
5143
4848
4692
4839
4528
5033
4990
4961
4876
4780
5142
5490
5723
5983
6299
7184
6941
6592
6281
5301
4647
4025
3808
3704
4142
4533
5709
6923
8274
9485
10210
9225
5356
3002
2435
2214
2249
2667
3329
4886
7070
10477
16038
23358
3598
0
0
0
0
0
0
0
0
0
0
0
0
0
0
0
3904
4658
4256
4153
3992
3731
3539
3378
3491
3255
3275
3176
3356
3387
3770
3893
3904
3910
3874
4209
4159
4230
4119
4158
4301
4318
4579
4484
4511
4636
4736
4609
4490
4733
4899
4747
4810
4817
4781
4738
5156
4989
5048
5143
5017
5238
4963
5195
5378
5501
5537
6000
5924
6509
6934
6708
7149
6229
5372
4759
4307
3752
3882
3856
4454
5146
6283
7865
9043
9919
9826
7478
3945
2641
2225
2226
2422
2824
3961
5695
8370
12241
18600
19721
0
0
0
0
0
0
0
0
0
0
0
0
0
0
0
0
1926
4919
4540
4044
4024
3798
3661
3591
3409
3372
3265
3307
3250
3432
3431
3837
4130
4083
3882
4103
3895
4271
4113
4312
4338
4343
4369
4360
4452
4545
4964
4775
4603
4383
4691
4711
4757
5090
4735
4607
4825
4804
4949
5398
5285
4857
5214
5322
5656
5903
5729
6071
6607
6493
7045
6796
5961
5350
4783
4144
3957
3774
4005
4148
4851
5895
7190
8392
9628
10318
9045
5304
3243
2398
2357
2276
2711
3167
4324
6566
9646
14654
21371
10455
0
0
0
0
0
0
0
0
0
0
0
0
0
0
0
0
138
4728
4647
4377
3940
3940
3556
3799
3343
3420
3208
3194
3302
3479
3423
3748
3923
3922
3863
4018
4088
4036
4238
4168
4350
4080
4251
4391
4325
4549
4742
4667
4992
4864
4694
4788
4726
4961
5043
4870
4946
4832
4759
4786
4917
5364
5254
5554
5803
5803
6293
6642
6668
6668
6497
5846
5188
4598
4207
4106
3813
3990
4025
4785
5744
6870
8040
9217
10179
9758
6544
3788
2600
2250
2259
2408
2908
3510
5252
8068
11574
17717
22715
1062
0
0
0
0
0
0
0
0
0
0
0
0
0
0
0
0
0
2739
4758
4517
3918
4110
3682
3624
3572
3191
3331
3186
3263
3363
3216
3676
3740
3938
4084
4023
4097
3913
3975
4242
4379
4368
4061
4364
4407
4326
4659
4442
4725
5088
5024
4774
5047
4818
4980
4989
5152
5051
5507
5396
5241
5283
5550
5815
5963
6294
6621
6660
6641
6250
5728
5280
4542
4120
3899
4000
3989
4038
4473
5444
6371
7500
8811
9895
10054
8057
4803
2997
2592
2137
2350
2610
3221
4434
6429
9484
13864
20620
14162
0
0
0
0
0
0
0
0
0
0
0
0
0
0
0
0
0
0
407
4972
4704
4353
4086
3987
3522
3550
3446
3342
3259
3159
3370
3341
3368
3591
3770
3950
4010
4233
4131
3897
4023
4381
4342
4256
4427
4298
4126
4389
4639
4772
4681
4861
5130
4985
5011
5192
5289
5264
5303
5284
5360
5382
5626
6070
5930
5999
6112
5949
5882
5498
5425
4636
4368
4264
3784
3807
4050
4233
4519
5285
6327
7237
8689
9277
10171
8864
5786
3441
2568
2133
2262
2554
2932
3677
5365
7740
11425
16856
23420
2713
0
0
0
0
0
0
0
0
0
0
0
0
0
0
0
0
0
0
0
2927
4782
4531
4164
3975
3856
3600
3564
3098
3304
3126
3171
3355
3219
3463
3905
3710
3937
4015
4035
4053
3915
4129
4349
4426
4215
4418
4396
4244
4281
4554
4737
4900
4871
5043
5035
5008
5015
5263
5519
5690
5687
5592
5711
5751
5833
5808
5601
5318
5182
4921
4687
4286
4049
3867
3835
3901
4164
4273
5207
6180
7191
8086
9430
10331
9305
6584
3883
2654
2293
2330
2330
2775
3156
4651
6654
9476
14174
20377
14878
0
0
0
0
0
0
0
0
0
0
0
0
0
0
0
0
0
0
0
0
363
4912
4790
4363
4064
3883
3699
3559
3536
3129
3230
3298
3235
3210
3250
3444
3961
3872
4020
4123
4073
3994
4043
4190
4169
4191
4276
4332
4522
4427
4256
4228
4648
4819
4921
5226
4905
4783
4808
5190
5469
5549
5561
5357
5229
5222
5174
4963
4878
4709
4218
4190
3780
3704
4064
4121
4393
4865
5306
6448
7138
7974
8866
9913
9449
7389
4317
2941
2362
2188
2315
2681
3004
4070
5602
8120
11720
17196
23276
2207
0
0
0
0
0
0
0
0
0
0
0
0
0
0
0
0
0
0
0
0
0
2390
5120
4486
4272
3875
3774
3587
3522
3321
3259
3261
3238
3330
3330
3380
3640
3897
3988
3960
4126
4105
4206
3975
4256
4147
4168
4270
4061
4284
4529
4382
4332
4723
4573
4646
4927
4818
4889
4945
4957
5171
5184
5282
5133
5118
4905
4587
4282
4324
3994
4013
3964
4014
4196
4353
4760
5246
6188
7357
7893
8697
9718
9734
8052
4618
3076
2394
2292
2357
2461
2870
3660
4931
6834
10196
15113
21299
11975
0
0
0
0
0
0
0
0
0
0
0
0
0
0
0
0
0
0
0
0
0
0
64
4431
4703
4505
4116
3911
3687
3614
3446
3215
3285
3233
3186
3229
3113
3407
3731
4037
4073
4039
4135
4147
4116
4236
4254
4190
4375
4300
4277
4498
4347
4464
4517
4639
4710
4898
4867
4718
4545
4627
4870
4897
4675
4653
4381
4360
4646
4493
4357
4372
4388
4326
4468
4785
4968
5670
6376
7368
8067
8793
9479
9586
8062
4961
3110
2458
2262
2311
2522
2605
3475
4391
6113
8999
12952
18847
21154
491
0
0
0
0
0
0
0
0
0
0
0
0
0
0
0
0
0
0
0
0
0
0
0
1125
5214
4548
4249
4049
3893
3616
3660
3430
3191
3102
3119
3133
3124
3253
3570
3728
3941
3889
4263
4254
4153
4128
4249
4360
4353
4296
4242
4318
4435
4239
4425
4547
4385
4642
4594
4738
4506
4602
4727
4539
4638
4393
4560
4329
4145
4312
4416
4336
4480
4671
4992
5326
5850
6550
7234
8179
8931
9516
9442
7829
5062
3280
2582
2310
2301
2632
2759
3222
4066
5684
8132
11624
16367
22999
6014
0
0
0
0
0
0
0
0
0
0
0
0
0
0
0
0
0
0
0
0
0
0
0
0
0
2959
5087
4525
4291
4021
3808
3697
3465
3319
3258
3106
3282
3143
3088
3220
3586
3864
3988
3833
4034
4381
4247
4091
4340
4302
4343
4419
4326
4274
4365
4373
4481
4548
4722
4754
4459
4457
4521
4377
4327
4244
4448
4441
4231
4511
4454
4537
4606
5162
5391
5457
6040
6612
7539
8159
8814
9349
8987
7393
4845
3190
2595
2266
2410
2442
2630
3053
3911
5247
7474
10298
14854
21092
14071
0
0
0
0
0
0
0
0
0
0
0
0
0
0
0
0
0
0
0
0
0
0
0
0
0
0
97
4379
4964
4539
4057
3868
3727
3813
3630
3341
3284
3212
3186
3089
3149
3139
3520
3924
3960
3888
4061
4454
4355
4313
4334
4411
4406
4529
4710
4474
4278
4379
4411
4516
4504
4798
4731
4590
4551
4348
4439
4486
4577
4612
4333
4518
4892
5036
5347
5677
6347
6908
7677
8911
9224
8906
8669
6476
4423
3090
2698
2385
2418
2478
2645
3026
3798
5051
6788
9827
13517
18809
20214
612
0
0
0
0
0
0
0
0
0
0
0
0
0
0
0
0
0
0
0
0
0
0
0
0
0
0
0
726
5270
4948
4516
4108
3964
3870
3552
3616
3307
3349
3248
3219
3070
3161
3109
3410
3952
3916
3917
4270
4436
4385
4389
4379
4388
4490
4490
4573
4581
4254
4314
4373
4485
4599
4420
4649
4930
4892
4823
4789
4741
4976
5343
5536
5748
5766
6346
6830
7224
8156
8602
8601
8495
7962
5752
4163
3227
2756
2333
2340
2412
2619
3050
3855
4906
6540
9421
12522
17794
22473
3560
0
0
0
0
0
0
0
0
0
0
0
0
0
0
0
0
0
0
0
0
0
0
0
0
0
0
0
0
0
1427
5536
4727
4464
4198
3835
3774
3654
3465
3291
3312
3086
3124
3076
3100
3141
3331
3665
3892
3970
4167
4403
4379
4397
4588
4529
4758
4595
4745
4806
4731
4673
4581
4559
4684
4726
4778
4751
4909
5097
5345
5462
5763
5917
6132
6723
7407
7812
8393
8603
8663
8137
6842
4969
3698
2890
2449
2284
2258
2483
2769
3096
3783
4776
6533
8709
12082
17038
22925
7173
0
0
0
0
0
0
0
0
0
0
0
0
0
0
0
0
0
0
0
0
0
0
0
0
0
0
0
0
0
0
0
2132
5639
4762
4557
4200
3878
3847
3697
3553
3478
3334
3182
3209
3166
3152
3134
3332
3553
3775
4108
4310
4474
4555
4605
4745
4677
4879
4828
4948
4971
4918
4878
5004
4892
5035
5167
5404
5580
5551
5749
5952
6196
6777
7348
7633
7946
8209
8146
7863
6702
5313
3910
3125
2632
2362
2315
2334
2511
2713
3119
3770
4757
6499
8416
11972
16174
22268
10314
0
0
0
0
0
0
0
0
0
0
0
0
0
0
0
0
0
0
0
0
0
0
0
0
0
0
0
0
0
0
0
0
0
2924
5777
4905
4647
4180
3916
3965
3694
3588
3490
3301
3145
3207
3054
3116
3145
3186
3447
3655
4005
4390
4583
4420
4718
4799
4885
4943
5071
5023
5193
5272
5375
5563
5537
5787
5798
6046
6252
6592
6850
7334
7637
7514
7832
7734
7476
6570
5314
3975
3426
3046
2634
2419
2274
2430
2686
2928
3182
4103
5175
6637
8952
11768
16070
21891
12232
0
0
0
0
0
0
0
0
0
0
0
0
0
0
0
0
0
0
0
0
0
0
0
0
0
0
0
0
0
0
0
0
0
0
0
3033
5865
4973
4672
4199
3905
3932
3868
3550
3432
3195
3172
3220
3066
2904
3184
3138
3332
3370
3698
3981
4336
4701
4891
4827
5122
5266
5530
5524
5686
5700
6047
6111
6014
6164
6663
6735
7015
7163
7075
7133
7247
6619
5929
4966
4199
3298
3125
2791
2554
2481
2472
2561
2673
3086
3420
4304
5369
6927
8931
11902
16120
21573
12959
0
0
0
0
0
0
0
0
0
0
0
0
0
0
0
0
0
0
0
0
0
0
0
0
0
0
0
0
0
0
0
0
0
0
0
0
0
3099
5948
5033
4851
4377
3951
3776
4045
3577
3512
3300
3264
3221
3211
2946
3037
2982
3175
3215
3383
3604
3758
3985
4457
4775
4908
4982
5361
5433
5838
5841
5922
6126
6260
6358
6373
6564
6386
6171
5469
4839
4260
3895
3446
3222
2842
2553
2462
2487
2591
2692
2855
3465
3923
4628
5754
7495
9158
12291
16462
21713
12154
0
0
0
0
0
0
0
0
0
0
0
0
0
0
0
0
0
0
0
0
0
0
0
0
0
0
0
0
0
0
0
0
0
0
0
0
0
0
0
2478
6147
5405
4952
4471
4083
3852
3878
3665
3632
3454
3334
3185
3214
3044
3174
3250
3192
3117
3208
3436
3491
3522
3872
4216
4402
4370
4518
4601
4659
4824
4898
4965
5075
4946
4788
4405
4141
3824
3617
3298
3181
2888
2626
2671
2627
2781
2897
3116
3252
3763
4226
5027
5874
7958
10274
12717
17100
21743
10049
0
0
0
0
0
0
0
0
0
0
0
0
0
0
0
0
0
0
0
0
0
0
0
0
0
0
0
0
0
0
0
0
0
0
0
0
0
0
0
0
0
1711
5835
5812
5184
4706
4271
4146
4040
3840
3637
3516
3597
3247
3297
2981
3159
3200
3214
3362
3079
3281
3347
3429
3472
3548
3750
3642
3727
3823
3722
3757
3665
3638
3430
3252
3309
3187
3238
3014
2964
2949
2874
3048
2881
2931
2920
3166
3416
3908
4677
5608
6752
8816
11136
13623
17948
21219
6852
0
0
0
0
0
0
0
0
0
0
0
0
0
0
0
0
0
0
0
0
0
0
0
0
0
0
0
0
0
0
0
0
0
0
0
0
0
0
0
0
0
0
0
863
5384
6046
5534
4956
4523
4275
4295
3896
3868
3738
3631
3465
3352
3217
3104
3206
3178
3231
3186
3125
3065
3292
3241
3286
3310
3363
3288
3310
3297
3065
2941
2820
2874
2867
2908
2921
2900
2957
2923
2854
2945
3011
3147
3343
3925
4439
5275
6306
7427
9866
12293
14953
19392
19290
3342
0
0
0
0
0
0
0
0
0
0
0
0
0
0
0
0
0
0
0
0
0
0
0
0
0
0
0
0
0
0
0
0
0
0
0
0
0
0
0
0
0
0
0
0
0
129
3863
6881
5847
5400
4831
4413
4479
4131
4061
3947
3909
3640
3599
3387
3245
3030
3250
3227
3186
3248
3183
3162
3115
3119
3064
3079
3078
3085
3192
3227
3064
3028
2947
3021
2970
2982
3013
3154
3332
3477
3650
3929
4492
5231
6497
7372
8926
11164
13663
17016
21235
13497
568
0
0
0
0
0
0
0
0
0
0
0
0
0
0
0
0
0
0
0
0
0
0
0
0
0
0
0
0
0
0
0
0
0
0
0
0
0
0
0
0
0
0
0
0
0
0
0
0
1660
6147
6774
5879
5605
4972
4690
4556
4257
4226
4095
3994
3822
3768
3523
3310
3334
3404
3266
3299
3371
3235
3262
3355
3276
3211
3175
3201
3064
3282
3269
3200
3249
3470
3619
3557
3835
3926
4138
4600
5323
6227
7313
8558
10202
12488
15606
18889
18807
5627
0
0
0
0
0
0
0
0
0
0
0
0
0
0
0
0
0
0
0
0
0
0
0
0
0
0
0
0
0
0
0
0
0
0
0
0
0
0
0
0
0
0
0
0
0
0
0
0
0
0
0
142
3643
7106
6779
6219
5640
5060
4765
4731
4517
4428
4235
3930
3907
3913
3674
3462
3487
3453
3430
3508
3312
3480
3455
3496
3447
3531
3551
3535
3518
3730
3788
3926
4096
4136
4577
4980
5620
6273
7155
8350
10134
12031
14565
18257
19958
10911
518
0
0
0
0
0
0
0
0
0
0
0
0
0
0
0
0
0
0
0
0
0
0
0
0
0
0
0
0
0
0
0
0
0
0
0
0
0
0
0
0
0
0
0
0
0
0
0
0
0
0
0
0
0
0
666
4676
7652
7240
6529
6078
5376
5181
4911
5027
4743
4543
4353
4264
4392
4115
4082
3912
4054
3856
3916
3922
3925
3970
4050
4121
4326
4517
4531
4509
4983
5144
5496
6063
6881
7740
9046
10374
12182
14420
17296
20379
12925
1907
0
0
0
0
0
0
0
0
0
0
0
0
0
0
0
0
0
0
0
0
0
0
0
0
0
0
0
0
0
0
0
0
0
0
0
0
0
0
0
0
0
0
0
0
0
0
0
0
0
0
0
0
0
0
0
0
0
0
763
4637
7911
7954
7192
6545
6111
5687
5635
5404
5349
5297
4946
4931
4959
4813
4731
4490
4487
4555
4517
4609
4823
5100
5251
5340
5758
6066
6440
6982
7770
8789
10098
11522
13030
14884
17807
19102
11952
2160
0
0
0
0
0
0
0
0
0
0
0
0
0
0
0
0
0
0
0
0
0
0
0
0
0
0
0
0
0
0
0
0
0
0
0
0
0
0
0
0
0
0
0
0
0
0
0
0
0
0
0
0
0
0
0
0
0
0
0
0
0
0
352
3491
7013
8885
8241
7745
7059
6740
6499
6259
6025
6145
5915
5927
5961
5862
5897
5904
5786
5891
6232
6569
6879
6762
7386
7950
8737
9935
11271
13001
14233
16169
18733
15957
8658
917
0
0
0
0
0
0
0
0
0
0
0
0
0
0
0
0
0
0
0
0
0
0
0
0
0
0
0
0
0
0
0
0
0
0
0
0
0
0
0
0
0
0
0
0
0
0
0
0
0
0
0
0
0
0
0
0
0
0
0
0
0
0
0
0
0
0
0
1244
4748
7651
9817
9387
8904
8374
8151
8077
7713
7779
7755
7748
8006
8216
8301
8753
8918
9413
9764
10479
11047
12099
13371
14682
16328
17709
15027
9768
2819
0
0
0
0
0
0
0
0
0
0
0
0
0
0
0
0
0
0
0
0
0
0
0
0
0
0
0
0
0
0
0
0
0
0
0
0
0
0
0
0
0
0
0
0
0
0
0
0
0
0
0
0
0
0
0
0
0
0
0
0
0
0
0
0
0
0
0
0
0
0
0
0
0
577
3433
6330
8366
10781
11506
11250
11059
11194
10783
10870
11214
11622
11706
12478
13218
13817
14832
16525
16141
13661
10327
6165
1154
0
0
0
0
0
0
0
0
0
0
0
0
0
0
0
0
0
0
0
0
0
0
0
0
0
0
0
0
0
0
0
0
0
0
0
0
0
0
0
0
0
0
0
0
0
0
0
0
0
0
0
0
0
0
0
0
0
0
0
0
0
0
0
0
0
0
0
0
0
0
0
0
0
0
0
0
0
0
0
0
0
974
2829
4483
5992
6935
7651
8418
8536
8402
7968
7283
5935
4100
1347
0
0
0
0
0
0
0
0
0
0
0
0
0
0
0
0
0
0
0
0
0
0
0
0
0
0
0
0
0
0
0
0
0
0
0
0
0
0
0
0
0
0
0
0
0
0
0
0
0
0
0
0
0
0
0
0
0
0
0
0
0
0
0
0
0
0
0
0
0
0
0
0
0
0
0
0
0
0
0
0
0
0
0
0
0
0
0
0
0
0
0
0
0
0
0
0
0
0
0
0
0
0
0
0
0
0
0
0
0
0
0
0
0
0
0
0
0
0
0
0
0
0
0
0
0
0
0
0
0
0
0
0
0
0
0
0
0
0
0
0
0
0
0
0
0
0
0
0
0
0
0
0
0
0
0
0
0
0
0
0
0
0
0
0
0
0
0
0
0
0
0
0
0
0
0
0
0
0
0
0
0
0
0
0
0
0
0
0
0
0
0
0
0
0
0
0
0
0
0
0
0
0
0
0
0
0
0
0
0
0
0
0
0
0
0
0
0
0
0
0
0
0
0
0
0
0
0
0
0
0
0
0
0
0
0
0
0
0
0
0
0
0
0
0
0
0
0
0
0
0
0
0
0
0
0
0
0
0
0
0
0
0
0
0
0
0
0
0
0
0
0
0
0
0
0
0
0
0
0
0
0
0
0
0
0
0
0
0
0
0
0
0
0
0
0
0
0
0
0
0
0
0
0
0
0
0
0
0
0
0
0
0
0
0
0
0
0
0
0
0
0
0
0
0
0
0
0
0
0
0
0
0
0
0
0
0
0
0
0
0
0
0
0
0
0
0
0
0
0
0
0
0
0
0
0
0
0
0
0
0
0
0
0
0
0
0
0
0
0
0
0
0
0
0
0
0
0
0
0
0
0
0
0
0
0
0
0
0
0
0
0
0
0
0
0
0
0
0
0
0
0
0
0
0
0
0
0
0
0
0
0
0
0
0
0
0
0
0
0
0
0
0
0
0
0
0
0
0
0
0
0
0
0
0
0
0
0
0
0
0
0
0
0
0
0
0
0
0
0
0
0
0
0
0
0
0
0
0
0
0
0
0
0
0
0
0
0
0
0
0
0
0
0
0
0
0
0
0
0
0
0
0
0
0
0
0
0
0
0
0
0
0
0
0
0
0
0
0
0
0
0
0
0
0
0
0
0
0
0
0
0
0
0
0
0
0
0
0
0
0
0
0
0
0
0
0
0
0
0
0
0
0
0
0
0
0
0
0
0
0
0
0
0
