./RotationSim r 35
-0.1390840338419517
-0.1339286160982551
-0.1272805150680744
-0.11823458919878
-0.1132454374218612
-0.1034027392548166
-0.09546355037062018
-0.08835252048237531
-0.08161976196419136
-0.07400965618156621
-0.06520242789892003
-0.05687559131282053
-0.04751490413254591
-0.04145068685730514
-0.03354476704485648
-0.02479160227229483
-0.0167286516868827
-0.01222566467554549
-0.003699162825159281
0.003213297929578167
0.01051407762870649
0.01664597412732961
0.02106415112236031
0.02753740706686255
0.03534229364191534
0.04117013808185718
0.04500288413604742
0.04699402595059406
0.05403532525798985
0.05833574941739882
0.06299929136478213
0.0668916071067121
0.07081303935961225
0.0762246533713395
0.07741814931439264
0.07964509336619247
0.08431069947212849
0.08448885227589344
0.08879141077838976
0.08981233774757973
0.09404001063794547
0.09499545244750028
0.09681127481224043
0.1010639264317213
0.1010500892989027
0.1018494499203808
0.1023617058847522
0.1043037442744596
0.1022680010344127
0.1039060258597924
0.1048769270243841
0.1047017349323204
0.1053228274742846
0.1056337768188136
0.1038226061204202
0.1002340799893831
0.09836409100390395
0.09933792423604733
0.09857769759291413
0.09710830199573042
0.09592679787212657
0.09170006346135424
0.08931891935496088
0.08458047005008539
0.08139154271092962
0.07518137383347159
0.0726073844196487
0.06619450336610448
0.05886987583475309
0.05262842042571053
0.04272514484202876
0.03350207946966604
0.02072348225145634
0.009612986514164448
-0.008578640647168656
-0.02022574494328587
-0.03280134813855132
-0.04816488658851018
-0.06010107949039617
-0.07777833435722069
-0.09206808582473644
-0.1048985658027535
-0.1184120524972271
-0.1279637700899251
-0.1360898558590029
-0.1443509946036147
-0.1511090162066066
-0.1586435298591299
-0.161915625610411
-0.167124035782761
-0.1683035525926243
-0.1694377582521659
-0.1682163899728844
-0.1697977922251304
-0.1656266931440889
-0.1620408757304909
-0.1593974944774479
-0.1539641370367527
-0.1498123818297788
-0.1473141807572479
