./RotationSim r 30
-0.2669536581791599
-0.2457761503138226
-0.2238681097276078
-0.2010946157338154
-0.1784313947697433
-0.1577283656965505
-0.1403588375395633
-0.1144496690253818
-0.09391072958780505
-0.073650129264361
-0.05322464226266772
-0.03489771785662787
-0.01840715233016711
0.001204883799839338
0.0176047185028211
0.03491939782668286
0.05065173611209745
0.06384751937660521
0.07682648482855657
0.09107026992162916
0.1028230100092915
0.1145042166373395
0.1245701821866884
0.1353529409859615
0.1435543735461391
0.1499772727468426
0.1566007482594181
0.1625244079353918
0.1695947886661777
0.1749905181438339
0.1790997829781271
0.1807630637508752
0.180906789432139
0.1830921695904479
0.1844118477543059
0.1854153221128453
0.1870522857659197
0.1890601216593213
0.1868993152473104
0.1884839390405356
0.1888294292261149
0.1891456747272444
0.1902499984585491
0.1887063029578357
0.1910124628788518
0.1876183614123195
0.1867798295351206
0.1869173958409084
0.1858190151068348
0.1893455150501906
0.1802243580020187
0.1759697829264366
0.1708536855734166
0.1670905156070792
0.1639183063574444
0.1581392351887308
0.1521002223806735
0.1448513268884117
0.1374984060058471
0.1306718597317164
0.1213945406499953
0.1127145283924654
0.1010718995716084
0.08949384701376702
0.07717658045459917
0.06396088873978902
0.05087162118806241
0.03155755766025384
0.01392182625005368
-0.003249977391399185
-0.02485855155828991
-0.05042416660147509
-0.07589223590848947
-0.0989740113108296
-0.1260713454038592
-0.1529682732012876
-0.1805349593574259
-0.2049420184593455
-0.2331471700218415
-0.2531091289981807
-0.278319298476173
-0.3010053078458894
-0.3217521303445515
-0.3375191212235815
-0.3522184932267358
-0.3650593436102545
-0.373951559575102
-0.38245567724957
-0.3849676318535998
-0.3848713570529458
-0.384308080528462
-0.3841055486171533
-0.3757974567162244
-0.372186896672884
-0.3604990983106421
-0.3493808086332506
-0.3329237527447549
-0.3188695677914394
-0.3021021269246852
-0.2840055892261631
