./RotationSim r 32
-0.2681216474730664
-0.251014473590947
-0.230917034993268
-0.210753099109311
-0.1896756196391143
-0.1674266336595465
-0.1476280176360243
-0.1252126987709792
-0.1056849910372574
-0.08613420139584634
-0.06610088141551514
-0.04805848313079385
-0.02825098860318827
-0.01056879005877273
0.007832023092990982
0.02414998940672456
0.03716359793882797
0.05094805994380869
0.06460026723760845
0.08020791360563864
0.09029264105465579
0.1027464398051651
0.1116071332853559
0.1194486074636178
0.1277771032265529
0.1364385227960028
0.1426119818242461
0.1495442319514258
0.1559606182016052
0.1603947806500924
0.1634824725511331
0.1653969177816991
0.1686844930739503
0.1680392271021979
0.1706442744691782
0.1705940392303154
0.1735737198594373
0.1739756491423252
0.1739612933255461
0.1752430094361215
0.1787066740354701
0.1780632165018149
0.178768759146806
0.1781044915421959
0.178252530366263
0.1804346989897596
0.1783805827287827
0.1789513680252078
0.1778838127834535
0.1751056936071525
0.1724864774657314
0.1686267160713276
0.1627041213223067
0.1576572222518277
0.152109170058107
0.1469028748945342
0.1402972844617495
0.136089388308379
0.1293740938828682
0.1221442504685276
0.113375032182186
0.1057901736731644
0.09775120903173584
0.08980043499477222
0.07834039283249299
0.06591765097767716
0.0538240869644491
0.04037817218512292
0.02449967802393296
0.00619502736468064
-0.01258928039432209
-0.03231012813507448
-0.05440367091329802
-0.0772822551880456
-0.1076870923961772
-0.132289584758864
-0.1586336834293982
-0.1802103995457766
-0.2063991437141589
-0.2312635564494016
-0.2544730271720507
-0.2754232693642455
-0.2910835469761202
-0.3136368974269386
-0.3264322337521279
-0.3397718011848586
-0.3553355661452804
-0.3645816808165683
-0.3698624662970331
-0.3736326643218711
-0.3746673278936581
-0.3728306923731712
-0.3737807795106444
-0.3648109458064335
-0.3591518666158351
-0.3459316813070639
-0.3336324266812141
-0.320786748841798
-0.3050830206624269
-0.2880484451194963
