./RotationSim r 49
-0.1142678344492054
-0.1102229141967824
-0.1061062746410874
-0.1012945493581886
-0.09694991598702005
-0.09289384503342685
-0.08627617636518189
-0.08106329579464047
-0.07609614514255603
-0.07066143105208585
-0.06573335961442693
-0.05957256820274293
-0.05451485901779726
-0.04791113372544455
-0.04329009149159776
-0.03842132812608412
-0.03387388619666501
-0.02820950233357399
-0.02275638071699842
-0.01805756132624003
-0.01314630046615159
-0.009178082654353081
-0.004574506791702297
-0.001069114659221956
0.001643806191983178
0.004524448462911292
0.00793280261060879
0.01024065960536516
0.01221962250472664
0.01728157502505152
0.02025433481350037
0.022492749687737
0.02340262390793987
0.02648621460308111
0.02805403122029448
0.02949423295971821
0.03461727173122039
0.03277568909547926
0.03602002549912329
0.03680225512040863
0.03772530657140679
0.03967689256375197
0.03959147278962761
0.04114439520499748
0.04322272216151588
0.04168816320734298
0.04230647087551027
0.04315882095838876
0.04441239668678071
0.04456190405720287
0.04397149756079919
0.0439478384103331
0.04438659101178742
0.04366498674829008
0.04369075172717556
0.04325556118696905
0.04218896774118588
0.04269183322246417
0.04179841310476936
0.04220075708470069
0.04005866324030002
0.03654664549151068
0.03592781587804229
0.03481429418130855
0.03278512126394392
0.0330115628163128
0.03152044695828583
0.02769533818138549
0.02483591097093954
0.02334066125001435
0.02173124418781229
0.01762752756711112
0.01490560648940721
0.011538647923374
0.00773106896602866
0.001748167657071642
-0.00221387472620928
-0.009013456994356498
-0.01578472866501445
-0.02420120324867672
-0.03338574179507828
-0.04124047797264863
-0.05242831958004588
-0.06176716361666525
-0.07102308072966453
-0.08112863842211399
-0.0901897233917523
-0.0961263900053297
-0.1037180590157441
-0.1092773712529206
-0.1146701405331408
-0.1176464010851581
-0.1217664671712316
-0.1220892808724543
-0.1235964139391693
-0.1222192329030801
-0.1223453441077191
-0.1208988822369719
-0.119211421548522
-0.1177922977261402
