./RotationSim r 43
-0.3833287672471025
-0.3700486957069791
-0.3492282552129937
-0.3287277972616778
-0.3075638207858629
-0.2816686157154816
-0.2545893866234676
-0.227684248233348
-0.2056618406366627
-0.1787237817403575
-0.151664805738321
-0.1218968963005939
-0.09737313494240848
-0.07253038558956217
-0.04831059503305563
-0.02655790069279765
-0.003983888474054259
0.0178401066873657
0.03492725119219854
0.05444722539805319
0.07387964549340695
0.08663704814053774
0.1001468086474391
0.1123489364301586
0.1241580052045286
0.1348162445377492
0.1439751216640648
0.1490940985587317
0.1533090034585397
0.1613406013161694
0.1641752890069046
0.1671568681446915
0.1721877957310045
0.1781840500832041
0.1813405374619658
0.1846529844664149
0.1885614568447874
0.1927335896812148
0.1973291010530108
0.2009386993574553
0.2002861853576952
0.199917246477822
0.1986100383476878
0.1972355185355286
0.1948143558299605
0.1925620089180795
0.1936507723764525
0.190980144286955
0.1918355319313963
0.1877356378103471
0.1885357167836197
0.1886347743109031
0.1859258529597619
0.1874334567916267
0.1873086739435063
0.1877489819534738
0.18855749103719
0.1833566867739488
0.1848839845451061
0.1785378840060524
0.1742250400288752
0.173488276185013
0.1716258161582245
0.1671858034053915
0.1645940561709951
0.1619993613755409
0.1551635897787683
0.1507519901554223
0.1452801495674362
0.1403924406008158
0.136387418189737
0.1274735508734013
0.1159595485277679
0.1089176287464997
0.09482427419171892
0.08210656289198963
0.06724098951291019
0.04583834658928172
0.02861891032288534
0.003671716505152579
-0.02251132857730332
-0.05015028924521917
-0.08291168128132635
-0.1228799773178156
-0.1541211718027997
-0.1870160357750083
-0.2278575241387296
-0.2555645660029414
-0.288752631621225
-0.3087264210349627
-0.3364814906941285
-0.355186335385983
-0.3701068757069543
-0.3907593925899579
-0.4021463666416966
-0.4056662918948239
-0.4073215209182049
-0.408408266062793
-0.400628099891414
-0.3859339178202845
