./RotationSim r 38
-0.274754102518335
-0.2592639178997851
-0.2420420688731449
-0.2254412720724178
-0.2089024428732602
-0.18964977261867
-0.1721329206642489
-0.1511675919744861
-0.1336463813757321
-0.113592396792459
-0.09494632815604649
-0.07678896584489531
-0.06088915682171867
-0.04535349358916461
-0.02734650807491928
-0.01273541936571401
0.002473101153863088
0.01578102342723968
0.02900163463478668
0.03988996832385511
0.05161647793015921
0.06225409395940595
0.06990763090991998
0.07909678991807985
0.08275863455135193
0.08852770166647216
0.09386185416287378
0.09853098690448711
0.1037754432106483
0.1077045759842205
0.1097140449843353
0.1121644942917821
0.1154573854667357
0.1190139489939141
0.121602437988624
0.1268298307838543
0.1300437088718677
0.1352244094817305
0.1393064985751387
0.1444650815945231
0.1476250074446414
0.151820117895929
0.1549955923376062
0.1556408426034758
0.1574846467564558
0.1595613557618166
0.1581728361691205
0.1557426809528354
0.1542301570054919
0.1485678744810008
0.1403989665022541
0.1345888212974666
0.1250228989080367
0.1174646708394809
0.1126305004534207
0.108843696888541
0.1044492278227776
0.1008333898932777
0.09754010109024291
0.09594295901204659
0.09083476995079491
0.08768784512026333
0.08481588915605205
0.08334360463353431
0.07710255227453364
0.07129202019238093
0.06473092415005513
0.05583464473688595
0.04752490208545979
0.03639323164284308
0.02267089125947196
0.009233994982001151
-0.00718040779075908
-0.02662946120683218
-0.04578409467899151
-0.06554207899406925
-0.08741454034493042
-0.1108843122389473
-0.133553286051988
-0.1567908078617902
-0.1795331782590676
-0.2000267460098184
-0.2215747945261575
-0.2445105732445387
-0.2611177692563845
-0.2774745322283133
-0.2926981628951683
-0.3051178040034474
-0.318098472065052
-0.3258100766272347
-0.3325775172844981
-0.3350303237641011
-0.3368895374888871
-0.335475406351519
-0.3335483285055123
-0.3279242762631855
-0.3207166530735605
-0.3100350163712158
-0.2991196174044493
-0.2879333161205089
