./RotationSim r 37
-0.4211932750340622
-0.3971801126399789
-0.373023154953561
-0.3445557532965342
-0.3128338312135145
-0.2782246475567363
-0.248432235097079
-0.2194837204386987
-0.1826815382423747
-0.1515341167601561
-0.1156972670495419
-0.08598677446701172
-0.05507206025653714
-0.02915124861708611
-0.001558267750767659
0.02567889680035986
0.04797743716830912
0.0707057588191875
0.09180286977495496
0.1051802464608389
0.1261921496739824
0.1424342779492989
0.1570668483770196
0.1678127290735932
0.1818526736733255
0.1925810522577362
0.202891835832236
0.2117057609004725
0.2186298190101965
0.2265037025659495
0.2321969045736745
0.2374864424220781
0.2407607479383797
0.2435083988586027
0.245740780769978
0.2453222527876765
0.2451339417816404
0.2459323443811043
0.2483321086865387
0.2489781875211658
0.2505856193493488
0.2508373256665323
0.2528417262496846
0.2550093604178041
0.2552868702641128
0.2550709534020923
0.2551920693927785
0.2563510474047799
0.2559246134579468
0.2560285800986504
0.2555119529136307
0.2542318207659112
0.2527401794917655
0.2495433316317854
0.2454338947103973
0.2446523119969294
0.2419684446102123
0.2353807417595845
0.2326457599606179
0.2290454952319089
0.2250326017382314
0.2191475492756273
0.2162398369320149
0.2169367407388289
0.2125828640270046
0.2078245529640512
0.1977924575832563
0.1929769077002544
0.1865032695811451
0.1803892834371854
0.1683443891533411
0.1629292619913901
0.1540366433221631
0.1403070694475669
0.1241351932909416
0.1052786928865034
0.08154939617526134
0.05701623709794369
0.0274615873938517
-0.0105927632695935
-0.05303301533968984
-0.09562259959176242
-0.1311949329898768
-0.1794566240715492
-0.2248355753747528
-0.2599566955083133
-0.3046107105274314
-0.3410603837683583
-0.3585610757710685
-0.3980281650944557
-0.4222442852902304
-0.4495761034383075
-0.4582976128784614
-0.4645398484796809
-0.4775214775433103
-0.4635920177286896
-0.4664535193034537
-0.4707054423927532
-0.4517425791827081
-0.4383504239579638
