./RotationSim r 40
-0.2663598522094116
-0.253210378374695
-0.2382106891161289
-0.2232672981954899
-0.2074235189601673
-0.190275894119943
-0.1739606612817751
-0.1564966619224481
-0.1385288503514602
-0.1228943414330703
-0.1048386867368323
-0.08809514765093408
-0.07105925843580156
-0.0554668341838
-0.04008126775495355
-0.02537287908625395
-0.01129477343087135
0.002128695390907042
0.01422139935290908
0.02369438574200907
0.03555417093067634
0.04482397043387365
0.05241667853563736
0.06023501574912548
0.06636485571106468
0.07201216346583109
0.0784990262641293
0.08377243771841321
0.08932268390841848
0.09346435179182197
0.09755925987289904
0.1004668317164711
0.1059186408847721
0.1099771912100597
0.1148130080060245
0.1192165114634248
0.1232212817827378
0.1265580587103938
0.1306738490551879
0.132123895213185
0.1337454968991349
0.1361724648332669
0.1365712165723574
0.1374663005974195
0.1366018535280276
0.1362745253327476
0.1352674648873011
0.1348958838816866
0.1328117868476583
0.1284415693846558
0.1247784277526651
0.1198278047975008
0.1154116627291679
0.111829257293724
0.106833721505137
0.1036101426952554
0.1012506890202262
0.09826475087165176
0.09493172451990341
0.09317155299544964
0.08853697520251046
0.08648008610151356
0.08189402344227197
0.0765163494474652
0.07351423754638893
0.06796663410096657
0.06319436300849221
0.05774903620889436
0.0498404783331075
0.0394576128735178
0.02814467913360763
0.01890435236541422
0.003839296893751213
-0.009866195314695566
-0.02862775857566053
-0.04555340975226189
-0.06549167404866754
-0.08592544785532061
-0.1075359152081985
-0.1274440221987487
-0.1487998972358767
-0.1721057929297537
-0.19194160095446
-0.2103495405452589
-0.2275816249535174
-0.2462083622911956
-0.262196535002745
-0.2755640506602037
-0.2865615527123574
-0.2961457613202507
-0.3022885874183005
-0.3119602569707545
-0.3130464083730919
-0.3150661696407283
-0.3123550552758744
-0.3092397497987227
-0.3080907313701852
-0.2986312183208522
-0.2883308634489239
-0.2792677286427896
