./RotationSim r 34
-0.2801125408598253
-0.2605621768848802
-0.2409262138222893
-0.223520040025318
-0.2026766541905689
-0.1817321054019435
-0.1608175993297509
-0.1398940849734218
-0.1210066148173557
-0.1009007510751343
-0.08064478267459876
-0.06299904196861364
-0.0439753527208324
-0.02628567310474925
-0.009318226202691833
0.00847909840377771
0.02378882941557394
0.03912939488607043
0.05136046367221134
0.06418173750492144
0.07676449724692314
0.08751355677713474
0.09724977608744498
0.1068864014754891
0.1154638013017211
0.1242356064736571
0.1315484905484724
0.1332859438478315
0.1387228546488578
0.1426862231378291
0.1446883488330452
0.1452779424251055
0.1473341590674505
0.1503825335280972
0.1515290237124357
0.1530816088841104
0.1578472022726874
0.1575254783646654
0.1604758505844477
0.1624613229573026
0.1655164638631792
0.1683383640534334
0.1709532735593182
0.1725787830446809
0.1757738208716759
0.1753439258668392
0.1745399462928467
0.1737638287986674
0.1699182783809705
0.167694900234107
0.1632169728086468
0.1567631956691611
0.1533255318602067
0.144355091533178
0.1385275413863252
0.131552646845626
0.1267466896222215
0.121635054426803
0.1145374469700369
0.1086340881365801
0.1052755872945768
0.100180707066793
0.09592853596786707
0.08804277357303904
0.08101870131184334
0.07133894950822947
0.06023233607205233
0.04860569439935697
0.03614588552089432
0.02169387130217265
0.002981246843173081
-0.01345506196216085
-0.03550405861199985
-0.06192619627880032
-0.08434768646300139
-0.1086265360596551
-0.1308931981911035
-0.1571749390945284
-0.1851116513900642
-0.2077328633256777
-0.2346950536374266
-0.2552748992539765
-0.2764362624970969
-0.2945659668264777
-0.311901372025171
-0.3272479874794698
-0.3391527518561493
-0.3518467512687849
-0.3564335258490949
-0.3643358787319889
-0.3671004806250783
-0.3698604931271654
-0.3655652715726704
-0.3603400047249344
-0.3575095680900552
-0.3477960764307283
-0.3379716613918451
-0.3240972305127785
-0.3119216839483002
-0.2977464776210819
