./RotationSim r 53
-0.09819769566523286
-0.09495709758198501
-0.09170656302174555
-0.08734795299162726
-0.08419000918526821
-0.08079726108727907
-0.07657882675320483
-0.07144647891425483
-0.06674251098950426
-0.06079603558102444
-0.05625144021381873
-0.05254117405928955
-0.04769862072862175
-0.04331001212754296
-0.03798044149028113
-0.03335897787753688
-0.03004285600470893
-0.0257785429393787
-0.02228930751448526
-0.01750564495357628
-0.01487684498357393
-0.01123111218975818
-0.008701546626494147
-0.005357648460523164
-0.002558431564446488
0.0007095378848714336
0.003708681246122375
0.00665588111852911
0.008497527841486599
0.01030220083881429
0.01234045115252496
0.01472044771357125
0.01672184650047076
0.01841444893923792
0.0204388671396082
0.02219022618921036
0.02381965306212372
0.02455146631165999
0.02628388722535039
0.02928156358581497
0.03015350090050214
0.03114434421480715
0.03228245383509305
0.03338568446828525
0.03544351786829072
0.0366119123511322
0.0365374732349371
0.03882018941237603
0.0392417975446972
0.04009933238138242
0.03919635162861492
0.04034949690504856
0.03946797005736329
0.04044142604129563
0.04099243812219081
0.04128228455685404
0.04059971384877498
0.03972607147190529
0.0394065684706775
0.03798643689052806
0.03754588023375426
0.03556036897838896
0.03377146129112734
0.03263984560965782
0.0304664558186792
0.02763068019225216
0.02683787162353192
0.02417913015906451
0.02242731335235809
0.0185572988907952
0.01644289711171646
0.01465682134426795
0.01270871442739654
0.008948824034774641
0.004995566911656753
0.001582251804495159
-0.001306007965577665
-0.006301769180798334
-0.01085530100603571
-0.01731396612795986
-0.02239406360616856
-0.02846256425473422
-0.03588929954610988
-0.04409890166623718
-0.05020897037403214
-0.0593180395605233
-0.06744023406240854
-0.07329192599868048
-0.08054905630552205
-0.08497074762625761
-0.09151890899891552
-0.09560475296656061
-0.09830621086090051
-0.1018903422479579
-0.1030745198742482
-0.1045651414365091
-0.1044144359495759
-0.1025045313038917
-0.1020849261217138
-0.1007779126494976
