./RotationSim r 47
-0.350142672350179
-0.3469668857615764
-0.3269528233892989
-0.3100293493797697
-0.2933376916686999
-0.2803218035178823
-0.2594854768095654
-0.2372161484151763
-0.2168113496328954
-0.1980140199875044
-0.1719685535946556
-0.1488464983457526
-0.1249838769755552
-0.1010969951219174
-0.078666025856915
-0.05827008621175202
-0.03453412841428531
-0.01691771674376225
0.000501320514073088
0.01760636824986154
0.03105313091127753
0.04574381755917616
0.05870036888760924
0.07191991413798821
0.07991626296773745
0.09035920860237054
0.09862480411824644
0.1087650925258342
0.1143954757643645
0.1205927972035775
0.1268170074064226
0.1316901761496877
0.1357850008667628
0.14342919175889
0.1460703255439284
0.1496412087635551
0.155189178178205
0.1548321258461264
0.1568343117936284
0.1582758032192451
0.1550163134790236
0.1539407469193021
0.1515682537001772
0.153388716106867
0.1499088777203592
0.1502305977499613
0.1474568698896838
0.1526399714361515
0.150034942776258
0.1500080519785636
0.150497338227758
0.1531305641469287
0.1515716648398672
0.1503696127009837
0.1521566418761316
0.1503714541777907
0.1483406206280726
0.1458045637118418
0.1482977053875277
0.1446821877215473
0.1445118578363549
0.1429220737440156
0.1423305830511968
0.1397933959408848
0.1387699153954295
0.1364992241452232
0.1350665322742943
0.1306535975833634
0.1234579378905159
0.1210131920842193
0.1133319711921946
0.1050809524804379
0.09627337217151924
0.08817708683010743
0.07785833023533127
0.06417700627234138
0.05548453884341962
0.04158028292373096
0.02768792912966635
0.007514728148035897
-0.01277299457075266
-0.03415914878472221
-0.05829666914629473
-0.08077554256608979
-0.1087729205294554
-0.1367117803511823
-0.1652334247224966
-0.1938235092900261
-0.2235373928292009
-0.2483788789897358
-0.2766359821772274
-0.2960591625409362
-0.3119096873383875
-0.3284448261174028
-0.3392117045585789
-0.3540262305955651
-0.357278577312626
-0.3634652625648366
-0.3593493588816098
-0.358248404845843
