./RotationSim r 42
-0.2578934696790433
-0.2478254905995163
-0.2346972767272827
-0.2226627368331057
-0.2080382449675386
-0.1941853629482864
-0.1773550328516543
-0.1616123940870296
-0.1450779789069833
-0.1296837424975804
-0.1148880594815438
-0.09757386007312772
-0.08144528704497976
-0.06773226023553466
-0.05289973916924849
-0.03916762049094374
-0.02612236584739629
-0.01405307100518012
-0.002525032719646987
0.008412983841310102
0.01869569329906144
0.0263908801778486
0.03614850149690472
0.04301803890408763
0.05016559329709605
0.05731756802967729
0.06293239031979929
0.06810401985802386
0.07505820369529503
0.08011275522580245
0.0842691278696782
0.08948807666617488
0.09541041333930332
0.09913415809985023
0.1033876956560257
0.1084225582027495
0.1115446224590881
0.1127543235860888
0.112733417186543
0.114293497873141
0.1146481954885771
0.1160092015784317
0.1147529834285926
0.1120184362544239
0.1103920836458004
0.1091203115946952
0.1089199916920757
0.1081315303296423
0.1064085772623063
0.1070756511018706
0.1060041512056269
0.1041214451547566
0.1012413532256616
0.09887922956543384
0.09803679135808804
0.09624376350724867
0.09261138428589662
0.08970070619680826
0.08760389991677664
0.08448140592715553
0.08263242362601496
0.08034176176797372
0.07676130701782753
0.07264717057275299
0.0690109691050462
0.06439003984221045
0.05877543388442028
0.0546568293468623
0.04885625745450691
0.03814373613354217
0.03096566854874436
0.02106053731175371
0.009444480162067165
-0.002471214646208581
-0.01538711768605757
-0.02974117764753119
-0.04749072777169625
-0.06507794241272694
-0.08313684657651778
-0.103865032587015
-0.1223686484333951
-0.1427154513459369
-0.1647455133505267
-0.1810595960273614
-0.1994619714811934
-0.2158143911191982
-0.2310473739798901
-0.246329505070831
-0.2596499075294034
-0.2700672420886622
-0.2775971820489851
-0.2828204149051015
-0.2882040721705832
-0.2884007450743171
-0.2904405667950772
-0.290945091000669
-0.2874912370650481
-0.282806835935458
-0.2760554230168875
-0.2673589066968052
