./RotationSim r 36
-0.2817195866936697
-0.2664831562842153
-0.248193679866764
-0.2272882799881922
-0.2082839124516848
-0.191626761187052
-0.1708098757391368
-0.1493562028011499
-0.1298649351833954
-0.1102185667404063
-0.0897744086875293
-0.07118276715583881
-0.05413813009918091
-0.03499798126290913
-0.01953828614032465
-0.002311672996393108
0.01187804787965973
0.02683429267387719
0.04073682160979724
0.05382284440524287
0.06503490826086659
0.0759896285959915
0.08607457958118772
0.09394995571451031
0.1003850844479769
0.1074606243985674
0.1114906614666351
0.1170327012785173
0.1206154348149109
0.1233725678076736
0.1256272456514006
0.1278030891135697
0.1311694139285676
0.1312432026333318
0.1351544886019158
0.1400311171388313
0.1415377403548761
0.1453452820827427
0.1467693361550216
0.1514767058466215
0.1574602083410341
0.1640586825114084
0.167045230752585
0.1685355009775604
0.1720277945369077
0.173932792453723
0.1729404962102348
0.1701686444634706
0.1661797395142244
0.1595806714983158
0.1527477613223846
0.1450218584539211
0.1384753997794153
0.1303537246121299
0.1229249258450076
0.1170473975397165
0.1117545787525309
0.1087713798192905
0.105407484811777
0.1015110953570026
0.09586861455698158
0.09304767659493457
0.08863519040387968
0.08254747192226171
0.0778916961230566
0.07209828586300007
0.06439404744949351
0.05601214986861707
0.04647778266654858
0.0316930734818007
0.01545314087185753
-0.001927627312821398
-0.02200758028944006
-0.04103891549495584
-0.0652006581506724
-0.0900459744981746
-0.1144324558707561
-0.1354026193675876
-0.1588566897801307
-0.1824668477302729
-0.2067988965771294
-0.2300360071624607
-0.2511652751135198
-0.2704202917762336
-0.290792007671453
-0.3045761604202807
-0.3197741694433638
-0.3317744397007226
-0.3407689523477003
-0.348813438562633
-0.3523137965684157
-0.3589787374665545
-0.3583047265926196
-0.3549662252306182
-0.3558453790012376
-0.3450545521281818
-0.3359638244796173
-0.3239992230192773
-0.3115589456926589
-0.2982639919575366
