./RotationSim r 28
-0.2582425560931806
-0.238192265663868
-0.2146839271417884
-0.1911411778215014
-0.1723431042877402
-0.1489598338142146
-0.1245637686662159
-0.1012906289845758
-0.0795800984561736
-0.05997696082568219
-0.03968165439607473
-0.02042163554569318
-0.002880639505725886
0.01558741898576459
0.03393067755690733
0.05099939782754932
0.06388798124652684
0.07783563400782148
0.09182562444350868
0.1036730176301802
0.1151288036490268
0.127126756695311
0.1364990068585229
0.1439927952767978
0.1529914494861573
0.1613485838032067
0.167580922931045
0.1752582783953819
0.1795402248852909
0.1844325697067698
0.1884818067308319
0.1933531542396223
0.1959663320602808
0.1964392395733882
0.1978124984440975
0.2001111656743967
0.1982071309999281
0.2031615121488131
0.2001355562567704
0.2025935864526941
0.2013869694758742
0.2016644623870719
0.1985539144955332
0.1977926380409095
0.1986019492504793
0.1952882412681579
0.1955253651641716
0.1946077918017256
0.1930903757699965
0.1916329612800074
0.1887138252355327
0.1866360567621382
0.1824560761657315
0.1755032235235109
0.1717466056495809
0.1664735095881064
0.1601512517100314
0.1533135136444371
0.147680887742737
0.1388026893925606
0.1296690748479805
0.1181333721824147
0.1073539456202129
0.09612089829569793
0.08115490635782285
0.06563020104144868
0.04795977693665187
0.03061115840750211
0.009156324264151687
-0.01327010996207504
-0.03862203674086021
-0.06329607774318859
-0.08946757894586779
-0.1139702968903949
-0.1386490539135156
-0.1719680896132223
-0.1957172848090967
-0.2229209283530054
-0.2493215651730951
-0.2714348616847856
-0.2943482471550145
-0.3129089713630441
-0.3354342770394378
-0.3433100690194362
-0.3647951569442188
-0.3761075568861144
-0.3852767126257943
-0.3905619736954504
-0.3942075132493515
-0.3912582818707085
-0.3910785619053988
-0.3904937002682837
-0.3858028538211135
-0.3763543663179169
-0.3633121783533789
-0.3478116921663203
-0.3319066879573398
-0.323134148405834
-0.2963848918422117
-0.2776976039489814
