./RotationSim r 41
-0.4015439924037296
-0.3846059303853919
-0.3642011035044707
-0.3433400771762065
-0.3144547620307565
-0.2876064366508411
-0.2554939499095265
-0.233524702474925
-0.2000772973083588
-0.1730496622210282
-0.1441186645098125
-0.1146515993761694
-0.08777665314309634
-0.05833039195265102
-0.03334433818804967
-0.01053691640274282
0.01218527048760409
0.03338456665490042
0.05262190366839077
0.0716541380091842
0.09130271625750895
0.1046295686923635
0.1193236083978476
0.1350676571440373
0.1451917058445098
0.1540925884328803
0.1621257614014079
0.1730338646028435
0.1796879897179887
0.1829070324466799
0.1864680499759894
0.1906747585710005
0.1911746928992794
0.1959628035538231
0.1993731609889437
0.2019443738428652
0.2044702553786635
0.2109715618073455
0.2119417588506249
0.2138843619736419
0.2144408391740883
0.215638456791506
0.2178127025847112
0.2174144115681854
0.2166629560791533
0.2189602380031364
0.217609606765534
0.2144292855747577
0.2131093846471785
0.2115935150974865
0.2102717319253452
0.209963741486756
0.2076408233756402
0.2073674262290287
0.2046401337727431
0.201320723825143
0.2024782818754193
0.1997609809226338
0.1970239694161403
0.1954938385069318
0.191084107614887
0.1882990740672027
0.1814720752714731
0.1772672172907593
0.1786011547220327
0.1745851445914962
0.1708210426104805
0.1684571533973916
0.1611258530118531
0.1544523861422202
0.1471977997182542
0.1387184311536594
0.12456792074204
0.1138101636182171
0.1015399750359702
0.08487639864070251
0.07050244772741274
0.0507558759416256
0.02521608205535071
-0.001032120575511002
-0.03089873525195483
-0.06690008437259533
-0.1022859958145367
-0.1416821239974673
-0.1795866692684257
-0.2170805978313214
-0.2574894599289541
-0.2886167406827067
-0.3161942082504461
-0.3506456262661268
-0.3750460000778477
-0.396503346786541
-0.4159036487177374
-0.4235791956561507
-0.4362503782621674
-0.4387290833084153
-0.4404937990865401
-0.4319445617893828
-0.4231670133141911
-0.4162315368515203
