./RotationSim r 44
-0.2531943710962209
-0.2440631997950726
-0.2353649492912945
-0.2231055480955397
-0.2107769941945366
-0.1971127966034061
-0.1831660457608167
-0.1671389288197155
-0.1543569859862071
-0.139218536105741
-0.125525943624746
-0.1100216900793372
-0.09432815458852829
-0.07970416531368112
-0.06702926506930518
-0.05381590016027207
-0.04175083694065769
-0.02914333117984979
-0.01696766070095269
-0.006334394184214122
0.002648591222393958
0.01179390220079754
0.02011604688623
0.02867992177693589
0.03566239977000906
0.04263047271306921
0.04848954002429872
0.05359153734418048
0.06070315003849892
0.06516497189888663
0.07070366184176102
0.07582541229302624
0.07919899880582805
0.0814192633151164
0.08890744494446251
0.09284532888583566
0.09672052190569647
0.09609915314614215
0.09850467132000293
0.09595344556521512
0.09379619471840948
0.09445105178686894
0.09234959984816868
0.09180410525394939
0.08780874266008504
0.08993811311076318
0.09021234919734102
0.08813328428384283
0.0878817383902956
0.08814244317671191
0.08977468465660346
0.08824216603977787
0.08745517442842875
0.08592201226260687
0.08657450137960003
0.08701666415599937
0.0849757556377857
0.08236484075593006
0.07946797738728986
0.07970233435761831
0.07496436670846024
0.07176555294355273
0.0687227297406551
0.06719975358221567
0.06348406505059945
0.05899308684156816
0.05674706848224807
0.0525565451877619
0.04652077371051534
0.03991108704691562
0.03468915408298407
0.02784011628336774
0.01840187475010794
0.01030188381573353
-0.0009468812829251895
-0.01492401158713641
-0.02865106343128545
-0.04231062948758831
-0.05869894789020804
-0.07671135966100243
-0.09694478491963361
-0.1165513238818419
-0.1346865131400394
-0.1523813480712167
-0.170236337039942
-0.1880590333674511
-0.2052580995912288
-0.218030219976987
-0.2335133156109491
-0.2445516597194455
-0.253196771297498
-0.2647460905117153
-0.2696712270895982
-0.2735765236787406
-0.2757187361750097
-0.2776623395441198
-0.2747080183136169
-0.2712984243992522
-0.2682296102569974
-0.2615514428230419
