./RotationSim r 45
-0.3646971125048754
-0.355158322756473
-0.338383302792487
-0.3213784523494031
-0.3042373310136369
-0.2811970300897888
-0.2587334344725266
-0.236764715483536
-0.2104712177976613
-0.1850223624465627
-0.1605585729087568
-0.1338199904390936
-0.1123687780332374
-0.08758024931104469
-0.06339350082913003
-0.04034204107445542
-0.01885706843428331
0.0008876885981427822
0.01902724549885597
0.03468067038135219
0.05023037646276308
0.06519361936054176
0.07771013530768012
0.08980341253472267
0.1024144485181091
0.1107296472507004
0.119070167258229
0.125222793191907
0.1323833524235865
0.138254988737261
0.1452176279879008
0.1495492560773667
0.1556127336030737
0.1593845882772386
0.1644537910834178
0.1677774484347015
0.1721303244943884
0.1746548975632809
0.1758195060632534
0.1731381854589898
0.1762575677304626
0.1769234258956334
0.1748949457395602
0.1731496281177595
0.1713100643701077
0.1711642951686672
0.1700410501536262
0.1680045148235406
0.169512093490322
0.1707254898178613
0.1682941673620071
0.1666976627059264
0.1681563501846656
0.1679083974749153
0.1688166895625584
0.1664528614442558
0.167401523284753
0.1638435764041362
0.1602962609684074
0.1610861511048646
0.1574494345613097
0.154441638714057
0.1542861494429239
0.1521205357633204
0.1496184816954887
0.1476361379230646
0.1433093019416969
0.1374262099855985
0.1362797590410858
0.132365207480431
0.1227502997046329
0.1141740312742024
0.1080076957993376
0.0970183799312318
0.08504319018570917
0.07033300264651217
0.05575760123814082
0.04562454817127766
0.02653344613991322
0.003080348406648402
-0.02038309172097113
-0.03815563901064663
-0.06862982121278755
-0.0952227450045466
-0.126172022937875
-0.1593962585156429
-0.1945181418055764
-0.2201451844974388
-0.2547580876355159
-0.2808633856909459
-0.3056023216362965
-0.3291584165841873
-0.3456671296119784
-0.3611507352170651
-0.3719987341411179
-0.3841338439779348
-0.3792360287697266
-0.3850566187138074
-0.3793329446865407
-0.3734431957251019
