./RotationSim r 46
-0.2461082205626589
-0.2376244505338619
-0.2291591534261463
-0.2199648687941268
-0.2084393406436013
-0.1959568769798352
-0.1833137865370102
-0.1703494147797936
-0.1563606097341291
-0.1417282163259066
-0.1278094002340324
-0.1137852520037329
-0.1011587081344183
-0.08741042177365312
-0.07456812648426075
-0.06176714412339858
-0.04941476429116436
-0.03898473037450491
-0.02750989218164175
-0.01699039089379096
-0.007630610409810165
0.000751148755247432
0.008924513366900019
0.0169885274204089
0.02352206884009121
0.02955768328575159
0.03478330759802501
0.04085518457346628
0.0455622650655422
0.05087007287998702
0.0549141727698944
0.05876265289508828
0.06189631150094869
0.06672579834374455
0.06920218931262022
0.0744465154632289
0.07482217213719418
0.07378347212898338
0.07578918619076035
0.07415925472379876
0.07481730693148009
0.07402127379572583
0.07410105453075336
0.07428525557241025
0.07504961038003415
0.07313721224145944
0.07285496097661584
0.07228113757484823
0.0743571477621503
0.07285426384456932
0.07520143958851025
0.07379405017466162
0.07499384207007452
0.07415762735559407
0.07460342814401476
0.07360871631831779
0.07199866816784986
0.07005764051533259
0.06816654615711169
0.06739291442804417
0.06550006101997305
0.06211887177977966
0.05952021088238818
0.05647352512856303
0.05463414813773568
0.05161794310816165
0.04821580468500707
0.04633295488199341
0.04236337272735227
0.03722948448737089
0.03166957051470776
0.02720218090017249
0.02083707148175939
0.01345774120507374
0.006162280673568648
-0.004542033277106808
-0.01572215145996193
-0.0275805441647354
-0.03953994370057814
-0.05513361545418573
-0.07178289731601568
-0.09076473051332601
-0.1100072686606489
-0.1280376476747615
-0.1448422135258809
-0.163841689883128
-0.1804850545883517
-0.1948110809052453
-0.2101903128632145
-0.2225077424279602
-0.2347649297169059
-0.2432798077854677
-0.2507249420094488
-0.2552915985357289
-0.2592941811330905
-0.2616814620546852
-0.2627831004875296
-0.2604797198275208
-0.2594909245090751
-0.2532634974211629
