./RotationSim r 51
-0.3121633646831867
-0.3078855231887269
-0.3019225845335381
-0.2893236034580745
-0.2790013299696051
-0.2632309859026792
-0.2473070560570699
-0.2325414590437024
-0.2148636029289563
-0.1964186759010562
-0.1791654521416713
-0.1567444321061306
-0.1372540886100264
-0.1165313793609928
-0.09536055178301268
-0.07817948422834156
-0.05905522696343832
-0.04165503083898174
-0.02628702430267071
-0.01058321435969116
0.00597536718751196
0.01797287491768261
0.03102752163262478
0.04198796053516902
0.05349782169089411
0.06689289592033512
0.07217530012336225
0.07983497353824524
0.08647719906219711
0.09185586142391529
0.09461869379942674
0.09939112887232009
0.1029120030103715
0.1070778104977163
0.1046516282062298
0.1073513830099444
0.1110132514337583
0.1124850009377011
0.1122088093153841
0.1128910202557236
0.1120086406973217
0.1114278068983746
0.1126927172706093
0.1143705003542451
0.1141634990494813
0.1147545180954669
0.1146111005122295
0.1145950971125854
0.1168162428959616
0.1186593048175178
0.1142619868280069
0.1178855179543032
0.1157996514564161
0.118312961583902
0.1154941682207085
0.1167625610692767
0.1156077080544574
0.1157806765113205
0.1174958713865732
0.1157461076211573
0.1140940733304739
0.1125617513398727
0.1141727423134299
0.1115236622012351
0.1100053658702126
0.107238013927957
0.1054149714752055
0.1052790767670828
0.1026411695809899
0.09918928763365063
0.09406111338954329
0.0863299586278068
0.08262881574859596
0.07330154686482432
0.06885362662016359
0.05561299040741551
0.04802479890594134
0.03463401433213421
0.02359395116526755
0.01276041603126049
-0.001108000804154024
-0.01742042527348972
-0.03380251025727327
-0.05137677932080974
-0.07057239799647284
-0.09562903637727668
-0.1240999891513733
-0.1460050874658469
-0.1692773972203097
-0.1911517148176958
-0.2121847634691047
-0.2297246383475116
-0.2476412658433187
-0.2765107054908004
-0.2836554022686201
-0.2974982524583848
-0.3088781543166705
-0.3120694811912351
-0.3175069412838357
-0.3161892073915272
