./RotationSim r 48
-0.2250997751358728
-0.2177546653670934
-0.2107508875759836
-0.2026618350624661
-0.1937944117801795
-0.18327756702383
-0.1723812351181409
-0.1602377247765838
-0.14965726462993
-0.1373198953894981
-0.1251667147766828
-0.1130582289318517
-0.1004038353440864
-0.08908919044220927
-0.07649074914357248
-0.06539586098452088
-0.05431638011039886
-0.0446261134290176
-0.03407969662581431
-0.02546834002763638
-0.0173534752726679
-0.009214264675845501
-0.001500477682139071
0.006038280028133602
0.01142509007535497
0.01690957088501428
0.02334255972868223
0.02922735448136261
0.03335513923951262
0.03794977375882781
0.0423876845204442
0.04308455469675739
0.04586270289644827
0.04826775682807943
0.0503173735619177
0.05285245840034872
0.05374736556983271
0.05516577302570351
0.05566863255239003
0.05754614682397039
0.05854877086752765
0.0578070555635507
0.05762911843788374
0.05826945017890046
0.05919036972616002
0.05830852539268822
0.05898415750102486
0.05934059354896021
0.05859607269537169
0.05947059513990301
0.0600080727068999
0.05993498640104768
0.05963501896094033
0.0595516329371231
0.05787454166385417
0.05791583709179656
0.05731317200563651
0.05677028955794872
0.05508423208783154
0.05398165130567823
0.05175711539496623
0.05058074340961741
0.04901939566967523
0.04692132839613531
0.04578808543100232
0.04469959750901911
0.04116395024114214
0.03980466885143365
0.03724482166124567
0.03160035186864512
0.02869536663655592
0.0248850870198558
0.02211312980873656
0.01805712871885228
0.01213761424858006
0.004237653071186311
-0.002976463952478743
-0.01205006377422169
-0.01972957427383575
-0.03285143010064108
-0.04679498198939683
-0.06208617411191664
-0.07550578622239125
-0.09165893531484075
-0.1110928674055237
-0.1261052750827465
-0.1428354104432768
-0.15849212710589
-0.1715302609549362
-0.1865227042156278
-0.1976610479690978
-0.2099170075777781
-0.2178461185085041
-0.2264518485946252
-0.2303460820121397
-0.2312708308460467
-0.2326012413321285
-0.2320906109923294
-0.232373823106822
-0.2290988671893464
