./RotationSim r 55
-0.09653576567637862
-0.09308528829403551
-0.09175675466234862
-0.08741821523951844
-0.08431757580537282
-0.08084514802976973
-0.07663120969562978
-0.07144140177438514
-0.06774055317251924
-0.06324918499248577
-0.05847918989372267
-0.05350910756861231
-0.04915367802679094
-0.04422807870517759
-0.04002086063360913
-0.03625713923668027
-0.03187260037317836
-0.02680189037471737
-0.02398541122894451
-0.0199532471938616
-0.01667062380124731
-0.01320608155256766
-0.009424009897306282
-0.00636324495767703
-0.003347549479579977
-0.0007904203659104569
0.002095239634126923
0.004672361059757835
0.005904715462138201
0.008335794003439432
0.01086614352387584
0.01337607303963606
0.01548133366199459
0.01608946600363258
0.01841540133132904
0.02075897455057734
0.02444805134881874
0.02589228693715836
0.02717896913859792
0.02809442578665476
0.03046563686717532
0.03360174687646245
0.0347139451423906
0.03685487728260504
0.03836894815643337
0.04049275965465129
0.04420823632204585
0.04735519575718527
0.04825528563432494
0.05035407644891265
0.05141367392737168
0.05269476973209405
0.05511825997153354
0.05436096279093401
0.05394799503634813
0.05603542248955954
0.05326854899601658
0.05061984261527473
0.04757828122093629
0.04658734772685075
0.04307053704182694
0.03865248162497509
0.03652538213634496
0.03395814015021953
0.03126071836976765
0.02848976279315313
0.0250333229720343
0.0232700723379467
0.02224680904103144
0.01929696417288043
0.01774187644413425
0.01360312247795478
0.0113441756211564
0.009466006046747018
0.004865935412043703
0.001592223986257379
-0.001064749435396312
-0.003741473989720309
-0.007505209194053029
-0.0117770030432362
-0.01669558440342215
-0.0222347441953729
-0.02822861644085162
-0.03496488279036923
-0.04099022455030437
-0.04858713857860888
-0.05588910036976168
-0.06327384085851585
-0.07123856739918223
-0.07849853632060286
-0.08311687070293582
-0.08742070500205226
-0.09163271330294234
-0.0955521114979684
-0.09804592087928445
-0.1002332790099442
-0.1011190796746569
-0.1007565095537884
-0.09962716804975472
-0.09791704446059167
