./RotationSim r 39
-0.1348884258857673
-0.1273142363268022
-0.1225482498215973
-0.1168475363523896
-0.10960051927407
-0.1018797218438731
-0.09587508183638681
-0.08814535755109795
-0.08057745424266488
-0.07178244100916015
-0.065332143915486
-0.05958515768855872
-0.05305341666425461
-0.04580350727298966
-0.040153556236592
-0.03406126596446595
-0.025262957357829
-0.01845037846803851
-0.0136454232456605
-0.005421856038630625
-0.0004152395654426855
0.005412400459753432
0.01128845962685846
0.01559763206136131
0.02060959228751589
0.02559692405837263
0.02985436864426873
0.03690000505733995
0.03923941514478386
0.0414014548435699
0.04577349080487356
0.0512727250156721
0.05530157617372791
0.05844456660170153
0.06115866407465861
0.06592702094190686
0.06827826075909849
0.06993350401702794
0.07187410273641084
0.07440028082624389
0.07738297123699786
0.07899504997343788
0.081173661593021
0.08070191291487887
0.08372950846816256
0.08499018767727277
0.0858554358618024
0.08520629822550024
0.08669045422313096
0.08646078726611731
0.08666110901054146
0.08810925226879934
0.08752228770025099
0.08610941896182729
0.08481906839262152
0.08310562670971627
0.08357071102166387
0.08238316826376395
0.07987173766555475
0.07902553766309152
0.07637796392828775
0.0734319202658103
0.0724120991759061
0.06875712802096126
0.06542607221207311
0.06140847056740561
0.05838143547988128
0.05290391079577626
0.04900221444958777
0.04542695991702098
0.03809742297139371
0.03200925447280258
0.02197617247710761
0.01176496880276895
0.001667113911069268
-0.008646046185318713
-0.02068717415778871
-0.03360838238057836
-0.04888912879459588
-0.0613647116858731
-0.07298203245824988
-0.0844040038982649
-0.09899422836331571
-0.1110758073564794
-0.1201460205538237
-0.1259280175956476
-0.1352001129370221
-0.1434891439777276
-0.1475751466259744
-0.1507698165568342
-0.1521072389196759
-0.1557453157964808
-0.1550827892716536
-0.156721665519759
-0.1558661057291147
-0.1542219545869165
-0.1519735076272958
-0.1466704482115878
-0.1446102809805938
-0.138952060672797
