./RotationSim r 44
0
0
0
0
0
0
0
0
0
0
0
0
0
0
0
0
0
0
0
0
0
0
0
0
0
0
-0.005144384342652996 0.04203519228816403
0.04456740933125485 0.07476230935290819
0.07940460260632269 0.09242538063697228
0.1045537637082055 0.1054100235216103
0.1209034784832424 0.1130756001164169
0.1328422017583944 0.1151562805467682
0.1466724631252964 0.1094250210703264
0.1600578899534529 0.09734260383385274
0
0
0
0
0
0
0
0
0
0
-0.05428001569262581 0.08950795312358271
-0.001632975523696995 0.1238135150642755
0.05892780002254195 0.1679121762925918
0.09815105709994866 0.233628792925452
0.1121260083115883 0.2657283540387839
0.1147167374541098 0.2933231479373939
0.1073300862995785 0.2927918822652146
0.09930029419755494 0.2656595158798775
0.1247658559483563 0.2357323895746572
0.1448773568004755 0.1917253053877369
0.1639840078056137 0.1653112541750326
0.1872310675189769 0.1469948399875336
0
0
0
0
0
0
0
-0.07478068037404656 0.1452931169597527
-0.006149671539751104 0.1884584409893811
0.08356288345159257 0.2654656271639907
0.1189613137841212 0.3187807418977177
0.08405704937424351 0.2398411425032896
0.04646513259400048 0.177527854625598
0.06340422797196846 0.174556932407364
0.07832642926805707 0.1722435281614247
0.09340285854859207 0.1679324445265526
0.1116874949773329 0.1648673926271898
0.09605101552640888 0.2572564562867257
0.1122947594955936 0.2730192128521392
0.1498368433152321 0.2150175623170452
0.1760182598641861 0.2015027225967814
0
0
0
0
0
-0.1014178695635853 0.1989816000076381
-0.02451795303622217 0.2390429573368445
0.08714080760600477 0.3129262714892858
0.1177637532813881 0.3404015119999492
0.02784284015807196 0.2417836604815873
0.04109057428021548 0.2477529881597102
0.07275804856640362 0.2868990054262958
0.08685913003123662 0.2986157049668208
0.07095014534738858 0.2905624371431925
0.07352664610163558 0.2661571220077494
0.09102577401225298 0.2337173404848053
0.1081704722624673 0.2030324342835147
0.1068192575977234 0.2116154685702495
0.09234679249381143 0.2933980224797187
0.1459561316118337 0.2495828549105826
0.1661845265492973 0.2288044507999245
0
0
0
0
-0.06000500087993418 0.2759411058318474
0.06107781175468459 0.3458808804640784
0.1312075854287885 0.3659864616375977
0.01930908617752847 0.3061543859767185
0.05999868828687254 0.3322275819056627
0.09913943722457161 0.3650072381148
0.08742090406164142 0.3560391480989069
0.03700698175201398 0.2817417514452218
0.0460445864304317 0.2517722445513028
0.0684384980792529 0.2589877669660622
0.04474578405942881 0.3054961723655105
0.06448333074463772 0.2797920710499862
0.1023087884087829 0.234036600488964
0.09147202251962917 0.2328713130768531
0.07215519662555721 0.2889011675233692
0.1289782353585772 0.2615678516600978
0
0
0
-0.1029348552184585 0.3185052273404338
0.004344083013305641 0.3577472173475468
0.1279310484750985 0.4102660957732237
0.0425147612619236 0.3700943961806571
0.05553250112361132 0.3841177976418494
0.1028824338956197 0.3981214612662972
0.0712364571392663 0.3548453397288802
0.03329522484045013 0.3144670653054713
0.0413429067607332 0.3141247266002088
0.0408506053362097 0.3086531492744964
0.04230558771485221 0.2625937876477024
0.05523371794159838 0.2392193134144477
0.06072692020427489 0.278237615673902
0.04423957944695659 0.2916806973217538
0.0800711087665795 0.2547611706560891
0.06954040963391102 0.2840332138011264
0.07612153292586177 0.2905935911137476
0.1120742448694371 0.2736287680068527
0
0
-0.05316711285203552 0.3841105284811923
0.07272965297770782 0.4265952577284795
0.1485155794912209 0.4360294837289084
0.04158869900076164 0.4239278640630142
0.09892221765079393 0.4310898266469479
0.09073464332661661 0.4248806291066218
0.03047537473463223 0.3903509716983803
0.05521363529569435 0.3845789472453086
0.0405112950487687 0.3860357164178204
0.02341939895529833 0.3497001684269483
0.003020263549577701 0.3420558971906287
0.01557265890893337 0.3072094864726034
0.05045093522754754 0.2647920090629347
0.01146138710762261 0.3015273873679177
0.0328940384532898 0.2863764741200192
0.06635100826874667 0.2615491621589475
0.02715068952126944 0.2785178957319432
0.07134706362487835 0.2922532946706587
0
0
-0.006528749956936313 0.4438307977505769
0.1230641597657829 0.4789741594565935
0.1360551618423655 0.4667023170743345
0.06324563020298769 0.4816802396052257
0.128685253544114 0.4724281109067597
0.05115287863988952 0.4560621323463945
0.0455145148853358 0.4333728893544874
0.05161569070870524 0.4019729973918834
-0.010202477519649 0.3721331950312773
-0.0001168394453104932 0.3058832176332451
0.007498014471469729 0.2991166514955653
-0.04300478872203279 0.2965155564558236
-0.000393410816702479 0.3017422969262287
-0.001604103695970528 0.2741043649282293
-0.0009422316413646174 0.293377997004642
0.02905780847501734 0.2856758010526675
-0.0145268956775614 0.2773593122051294
0.03739434452805131 0.2992006898873831
0
0
0.02973392241653802 0.4997932091579456
0.1518997777752033 0.518068596369189
0.1349636470556594 0.5044076469010497
0.09188938193407187 0.5287815156017638
0.1174612928518576 0.5015358828475435
0.06199539727892159 0.4950077640975385
0.05773752989228402 0.480752900149611
0.05177873541662708 0.4544905294336738
-0.03527484681007888 0.4018012790581563
-0.01449067601219675 0.3560497899804158
-0.01596720003605137 0.3450767610873069
-0.03781570798756025 0.2800798973628982
-0.0244772508421094 0.2968929119495068
-0.02822791229996518 0.2803057966167711
-0.02334637329144042 0.273140813325971
-0.01570295899052859 0.2811992598691276
-0.03405364447966347 0.2756444042752683
0.009067715793608018 0.2999264576415069
0
0
0.06381263293986751 0.550282920875494
0.1706842567335322 0.5556429430807993
0.1488914898491411 0.5438304723913335
0.1031829385510817 0.5645688347140491
0.1189036469922112 0.5323526857393256
0.06045594005898061 0.5379096296741722
0.04817472541890931 0.5061329697791557
0.0136784998313547 0.4450496062243052
-0.03531515369638515 0.4207267301966922
0.005231954866177423 0.4212087046024742
-0.08821653807729886 0.3495796253967134
-0.0727619511982367 0.3057482784278539
-0.06100658909114861 0.2956015800500893
-0.0628699184807439 0.2789588199373752
-0.02838174269880705 0.2663523013902867
-0.03901653086070441 0.276631919635103
-0.01882926105429185 0.2688695301809059
-0.02284328853689184 0.2940316561373386
0
0
0.09729299984620125 0.591591105827301
0.188027289918081 0.5955423347952155
0.179619068564225 0.5825197560337672
0.1204948813916367 0.6086430556833614
0.125663224680869 0.5748780952210506
0.07475348155590383 0.5740556581604238
0.01916098767678891 0.5449123269520435
0.01214837297812172 0.4942729273956362
-0.01561249813398309 0.4804991232433853
-0.03318100761552163 0.3689050562140514
-0.1066883987858212 0.2997167657062992
-0.04143270791924573 0.3169254385283495
-0.09062073804789399 0.2891539840216634
-0.08176430746007061 0.2442610559462354
-0.04998427210902361 0.2678687453976621
-0.07377136079633427 0.2598511948401324
-0.01982125220735591 0.2797616443648395
-0.04970430206293894 0.2867171380858591
0
0
0.1452620347883038 0.6270923110158664
0.1927789482676425 0.6352981776218337
0.2170917625966124 0.6105820826477565
0.1458559550721483 0.6379363828232482
0.1300824813799431 0.6192225477336029
0.1009435496440705 0.5867806405397954
0.02503358767431921 0.5723437171635143
-0.01186971773761203 0.5049748063239873
-0.05592684775097145 0.4448407010667889
-0.08620977830869578 0.3836955718498198
-0.07070853018122768 0.4065282736742717
-0.06662304595065538 0.3395834112921025
-0.1211442856510876 0.2516257541506632
-0.06810997934673549 0.2647924072030084
-0.08926818904964542 0.2563678728515181
-0.08076004903020037 0.2291166999205128
-0.05049818903222261 0.2709359793198174
-0.07446972754658791 0.2701720612265191
0
0
0.2194755875202486 0.6393352171897163
0.2164048641374351 0.6646580171737161
0.2271487261514367 0.6457132668397503
0.1965885681300135 0.6360039714198319
0.1259047134787816 0.6595809217259745
0.1034391487605884 0.6109277788410289
0.05359472266188069 0.5691940004099137
-0.001631734868934203 0.5355777271554887
-0.048885453343067 0.5073940089150472
-0.05219753342284778 0.4649526625280501
-0.07425417178640922 0.3305633538096168
-0.1329768622459141 0.216251225689672
-0.08908920612572083 0.252677456497771
-0.06144904875575795 0.2697265369511618
-0.1157198123847537 0.2115653233456388
-0.07596676051605465 0.2270673308013267
-0.1063825935450616 0.2484054512742356
-0.08453056591964785 0.2571268353905856
0
0
0
0.2786344063841562 0.6582817550341598
0.2462964866664883 0.6904825618437423
0.2162031119425369 0.6558947632783807
0.1842405359809768 0.6548366260421982
0.1047166599156374 0.6504830293720736
0.05286514848047752 0.6023814460766039
0.009282032856229789 0.5154035286355952
-0.02291127575263533 0.4244618011382503
-0.05766841713163252 0.3140512198777869
-0.1007153645309845 0.2823714021343067
-0.05312396307734806 0.3303680935962841
-0.04615984868310505 0.2889388822556303
-0.1288480998123178 0.1976861562629434
-0.1089049844550492 0.1876592148140096
-0.08384703607241563 0.2505157338515057
-0.1301564711992594 0.2250858186191135
0
0
0
0
0.3462892600125817 0.6012364103998449
0.3185844410418982 0.6603822348882847
0.2282832123029758 0.7057958467187173
0.1964564266332312 0.6484035975487101
0.1599162707587199 0.6041755622450518
0.08922003742486603 0.5977159405135939
0.01227903465492168 0.5991281215809948
-0.04683896809812015 0.565415660573843
-0.05703949151583394 0.5124538450955184
-0.04899167140695668 0.4139133380400136
-0.08660258564297228 0.2459836106064238
-0.1207987008989791 0.1530571801561263
-0.1062327433543114 0.1648715179563172
-0.05911368944153061 0.2398062797334808
-0.1327804982661736 0.1916934142595833
-0.1218998186781466 0.2171402130811143
0
0
0
0
0
0.4241992515117323 0.5459997815999282
0.3579349733953622 0.6069915658837717
0.2232503460150148 0.6987995186763506
0.1408817313908785 0.6678524710378848
0.1092759654010535 0.5078176530916152
0.06772203346980038 0.3936114798620864
0.01165832700028995 0.3207296740835046
-0.0204807267971112 0.2287787994806696
-0.06369259949346655 0.1667017986371957
-0.06953338580230867 0.1466082904077891
-0.03875121031654431 0.2435894481081995
-0.03832875827897624 0.2524799123247905
-0.1177154380445064 0.1503628206837222
-0.130402291697862 0.1614672655021104
0
0
0
0
0
0
0
0.4430564671841633 0.4493466176495489
0.3851665928312412 0.46214137617141
0.2649677529869707 0.5427689904987067
0.1259494869409835 0.6581469560955677
0.06335389682196553 0.6379202219192717
0.00946776864369888 0.5582487248739045
-0.01420341988398866 0.4835050118097116
-0.007642467343339622 0.4719332918318896
-0.02435842195763614 0.3519297367418247
-0.08662720898508286 0.1381004466713413
-0.118272962645472 0.104044818331612
-0.1097496769632576 0.1370671038925206
0
0
0
0
0
0
0
0
0
0
0.3367541405119586 0.2540221591896851
0.2580021547442046 0.2543095979657463
0.1718751234593496 0.2398359759845941
0.09736657663509428 0.197003410550881
0.02876430516535279 0.1430099113795586
-0.02755718222469219 0.1083124002378861
-0.06326202255471468 0.07827810841353483
-0.08792927336083144 0.07557467139413425
0
0
0
0
0
0
0
0
0
0
0
0
0
0
0
0
0
0
0
0
0
0
0
0
0
0
