./RotationSim r 46
0
0
0
0
0
0
0
0
0
0
0
0
0
0
0
0
0
0
0
0
0
0
0
0
0
0
-0.01357992056890946 0.06055040626471042
0.02561132909390514 0.0898179134974537
0.04903863178605223 0.1042631474576272
0.06877656462848353 0.1077272415351776
0.09494345053778028 0.111055601549841
0.109708895509161 0.1118924578369641
0.1250241540992279 0.1087000206608384
0.1418812035958277 0.09111703078307344
0
0
0
0
0
0
0
0
0
0
-0.07275768344845671 0.103362799383339
-0.0202482699723422 0.1406754549381031
0.03775072359606073 0.1848558417065212
0.08444674517872004 0.244300084400376
0.08446076615497602 0.2716218454715563
0.08261591097311467 0.2739433266952031
0.07683924598418762 0.2700357748001931
0.08649170450158329 0.2536512185491082
0.09635009408866657 0.2200845693932957
0.1211179245396652 0.1728848176491841
0.1395177804074181 0.146511032055493
0.1537774127993956 0.1345198481146198
0
0
0
0
0
0
0
-0.09122753670107667 0.1623090783887719
-0.02458548928297469 0.2078113739074159
0.07033585155434895 0.2826799769299191
0.1131871262144891 0.3180252638361771
0.05332390158187519 0.232936805297258
0.01979925972231241 0.1682867964903632
0.0473592258415504 0.165842792927212
0.06099287533158701 0.1608725894667523
0.07571002667266573 0.1512341095500559
0.0907932797539915 0.1453444592115436
0.06090847023325052 0.2246000939065315
0.08514599294154462 0.2358747638125377
0.1320496084623085 0.1864960927889327
0.15023669523775 0.1636144117152108
0
0
0
0
0
-0.1076498216233528 0.213408300602988
-0.03639693673492507 0.2533722951589018
0.08598520942151626 0.3264388225944167
0.08897622072756065 0.3303693942321417
0.001203990284365354 0.2436147174217498
0.02169446064047975 0.2532810625409759
0.0527025850968746 0.2814411989984321
0.06260758285244983 0.290815981388981
0.054531773850548 0.2847740528211538
0.05684042588788185 0.2561285990156534
0.06875418194139574 0.2153455759452435
0.08795459544247693 0.1837767371635425
0.08466434613802053 0.1857608619500913
0.06973389100557048 0.2592273940152403
0.1204975694569783 0.2137775924378868
0.1310943546799614 0.2006860881367425
0
0
0
0
-0.06618119598329336 0.2920581903953325
0.05947934081951248 0.3513145250883704
0.1203317111266976 0.3764426602118068
0.01070868303552805 0.304246422091362
0.05389757902174961 0.340118038246476
0.06501523016539264 0.3624242372170948
0.04761218298622495 0.3142132156601557
0.03461722757390129 0.2298871340698259
0.03384330771686457 0.2303899421011023
0.02771942405580669 0.2192089737285336
0.0143086726846165 0.2543772717177841
0.04805155887210592 0.2624895419464141
0.08161401854988161 0.2187859360913102
0.08193102762611862 0.2036628012063841
0.05862557763033893 0.2690993178987764
0.1005638578995681 0.2257698862386536
0
0
0
-0.1050842781984351 0.3309084892689669
-0.002261427232546437 0.371367222692479
0.1302623033345882 0.4100231641638171
0.02205742904251907 0.3621369743351356
0.05690711560147906 0.3892346797674324
0.09774898769144026 0.4029554649787694
0.03628586442822457 0.3334164760321467
0.01168625281520314 0.3123649434467644
0.02186576819573913 0.2999797528048361
0.02581973300583183 0.2796575938986545
0.03337450597260894 0.2439982214979816
0.03964422375774904 0.2195583723502089
0.02342466156992764 0.241605347825794
0.03087371823595817 0.2680100284792091
0.06622660244067848 0.224822595069986
0.03905738266833028 0.2510008476019394
0.0636487556187962 0.2474314331294755
0.09609068882486838 0.237338612285491
0
0
-0.05416727048092577 0.4000625274509798
0.07518369005142106 0.4350099373120032
0.1264502351012702 0.4355456625562099
0.03327160933810203 0.4183833767286553
0.09404766043582398 0.4394293089337377
0.06353414053439414 0.3911066969633608
0.02435907715880368 0.3855633822892274
0.04316953099194396 0.3856752496857074
0.03944863301989792 0.3499362638767535
0.01896452594373236 0.2979670694332614
-0.009039813774798552 0.3051437900046678
0.01014955440903016 0.2726952033494741
0.02407326368082276 0.2370009037659818
0.00371086435456597 0.2546504952636854
0.0328734051508036 0.2458284939481087
0.04939505402858543 0.2346311442840606
0.01948251842717479 0.2704090210989699
0.06321649712789618 0.2547501820175397
0
0
-0.007350005509140597 0.4604239415217767
0.1228099159795512 0.4777663011461029
0.09709850313652506 0.4629538465753125
0.06312014216273412 0.4766738459937124
0.104402178728251 0.4634878492940047
0.03759443742833887 0.4408808200309995
0.04767365854710089 0.4322619885356148
0.03081186651922666 0.3884016154339823
-0.02391463953352833 0.3241909414677359
-0.01281327703469911 0.2785388020111503
-0.01110159976128067 0.2591057950192921
-0.02545289821099767 0.2702774755355261
-0.0119034004852448 0.2565571071095363
0.003393132620053152 0.2344300676973534
-0.002275083737737641 0.2511716520057704
0.02292295561833252 0.2435432641032671
0.02638273436414594 0.2658461479494498
0.037972877274153 0.2649876206882651
0
0
0.03337467183363214 0.5104837329629069
0.1498633033221545 0.5100893420361166
0.09723006835830376 0.5122580071213376
0.08149556968197751 0.520957997494046
0.108257877983272 0.497751981354973
0.04538155158282865 0.4816224248804696
0.0308358576098148 0.4522030005647765
0.01556165596948607 0.4285333841080382
-0.01571898575264874 0.3813555553917528
-0.02415098968267344 0.332459970475663
-0.02402542458208154 0.3016319973131432
-0.0385525651902093 0.2672621905498701
-0.03190719217499886 0.267649840276488
-0.02528272756480357 0.2511359062378157
-0.008892206535607426 0.2449487853577688
-0.004142968320547719 0.2554511772298515
-0.00575057752583121 0.2429538070931686
0.01044735081054956 0.2707512045536691
0
0
0.06495077643305452 0.5556464694173889
0.1656578431121137 0.5449528370008846
0.1220606741009154 0.5455779871777831
0.09408957514266023 0.5573306210087811
0.1154994281112512 0.5296352749058195
0.04476015511349582 0.5082166385147228
0.03296851849152424 0.4930077825102487
0.01562728051013052 0.4061651028680891
-0.03462041434133282 0.3744054593847745
0.00425947382757362 0.343168883991018
-0.08096261749272721 0.3143847988384574
-0.07434901234538106 0.2649880987744105
-0.03270719222938589 0.2484926423264547
-0.05801056943300746 0.2525763333381573
-0.03407298509016913 0.2348119387459264
-0.04494702398195705 0.2368056113324651
-0.01975202577133277 0.228951348203686
-0.02514072606291901 0.2606307031480606
0
0
0.09568554077786927 0.5990680773341399
0.1772442149663598 0.5858954225763842
0.1596686678723778 0.5780192185276443
0.1038772318580293 0.589594233762196
0.1233521708421008 0.5664846199243666
0.0514884730566579 0.5499507104900603
0.03204917608851878 0.5155149960355938
-0.003372294726358882 0.4531602847547602
-0.04482282863897008 0.4495486792094885
-0.03816856172081309 0.3523294426324875
-0.103985771078195 0.2770307319232342
-0.05570275871863945 0.2668875869948851
-0.07049582706503389 0.2549602132665314
-0.09030394639885433 0.2347970684701361
-0.03305695539097295 0.2306034268202835
-0.06436067940963412 0.224955080473412
-0.03458536131441316 0.2231132652776718
-0.04990067847001525 0.2546948360842866
0
0
0.1396607051470929 0.639110907302777
0.1831506873995328 0.6312587387665368
0.206106376564192 0.6079266285722913
0.1298983287905322 0.6287117623272703
0.1151543653482429 0.6032095496801639
0.07523326770747273 0.5683381909657307
0.01615122904861112 0.5403422603089709
-0.004036102621322047 0.4676956387806981
-0.0392509660004491 0.3798174350646711
-0.08107165780235626 0.3232803708524439
-0.06678571057713434 0.3297617751981847
-0.04849722435038697 0.3033969370760837
-0.1167453336670057 0.2233457870348017
-0.06588920051526262 0.2182635490768375
-0.0668618992036065 0.2194909223805618
-0.07756398129048887 0.2143159703398079
-0.03121523180088641 0.2375042204865574
-0.06800798357967841 0.2366636313555353
0
0
0.2132149524068132 0.6457988124975526
0.2050699519397986 0.6639716734823657
0.2172281800643208 0.6480357997554961
0.1823330500726863 0.6452500385194416
0.1141761036023613 0.6426323838565399
0.08096173892759521 0.5911776879528897
0.04145026991404856 0.5409430408250423
-0.0152148027181519 0.5141771940816582
-0.03393926410212004 0.4688048100889519
-0.04427984075001317 0.4406050799008169
-0.06874794123295445 0.3079602767241864
-0.1242186637013819 0.1981209246948757
-0.08477354762389172 0.2026633574289589
-0.02665775243439079 0.2394887853043186
-0.1034662680707595 0.1809341784976979
-0.04123381607759913 0.2009571625184274
-0.09621016482287136 0.2142247615574043
-0.07723673976245717 0.2213461724862832
0
0
0
0.2699220451125172 0.6656784946234812
0.2296029775480956 0.689326799899136
0.2059793156957619 0.6562136050551667
0.1588887279250939 0.6347614979734938
0.07312442309244506 0.6324214657507522
0.03734188940714674 0.5518134084111226
0.005012125508624656 0.444015501362378
-0.01096174254546521 0.3653309261946028
-0.0460861782558506 0.2762857805750067
-0.08678425566290142 0.221472586630162
-0.0512064087285589 0.2603171408458247
-0.03536390233979501 0.2563358402289827
-0.1076296601045298 0.1697466751715679
-0.09517227899836216 0.1604000850088479
-0.03828017805026748 0.2275801498640934
-0.1010246560756261 0.2045125371627229
0
0
0
0
0.3723114938427208 0.6003468123220699
0.3099500408092575 0.6573320476339083
0.2146974724100136 0.6926847741603792
0.1689579497804912 0.6300212217717799
0.1415838996342474 0.5718550566647228
0.06729650420487544 0.5677455122090476
-0.003310639104487574 0.5575229927720362
-0.04885671918846454 0.5198413956346452
-0.03394467646583352 0.4866549693134308
-0.0246404873920531 0.3925127653568501
-0.05419623281484225 0.2061240251113307
-0.09315721297290608 0.1274418247483822
-0.08750063482118883 0.1365772565509081
-0.01174030926178283 0.2380548124965979
-0.1124632329153375 0.1685912806259462
-0.1081605041959603 0.182274224293226
0
0
0
0
0
0.4054081698493538 0.5448727668377532
0.3229134978178078 0.605387480556471
0.1789815797227974 0.6862430738056926
0.1069851896988966 0.6169597803649797
0.09126582642053882 0.4479459125042012
0.06810436250786832 0.3453726053613593
0.0171300430415488 0.284449282008293
-0.01077744448901285 0.2058298904383714
-0.04202693722054056 0.14301788995682
-0.06612219309923757 0.1189766980937419
-0.0215675135475302 0.1968509600347573
-0.02467492413200647 0.2203002634120813
-0.1108043358023102 0.1285934597680338
-0.1132144106529073 0.1443381750019392
0
0
0
0
0
0
0
0.4258637995017352 0.419666544755484
0.3369772426766534 0.4531433916936652
0.2124620407286874 0.5292606202143374
0.08465310271037209 0.6263038209899532
0.009976531749528386 0.5866787771672436
-0.0177847219238958 0.4890718928215075
-0.005456337588758225 0.4404514076884525
0.02780916803227435 0.3898075087042392
-0.00424177078406749 0.300575206897068
-0.06889075023007822 0.1190248503412394
-0.09958093718670637 0.0928813368851263
-0.1048648709111945 0.1086083434795452
0
0
0
0
0
0
0
0
0
0
0.293483465861568 0.2326391644966394
0.2180138044319453 0.2417584550177526
0.1360200543766606 0.224429085657132
0.07841997630571383 0.1757000404926762
0.03045445180456473 0.1310344286875484
-0.005093184400569814 0.08898053756893161
-0.0440459889159797 0.06500421574601846
-0.06908417388779685 0.05755603776102621
0
0
0
0
0
0
0
0
0
0
0
0
0
0
0
0
0
0
0
0
0
0
0
0
0
0
