./RotationSim r 38
0
0
0
0
0
0
0
0
0
0
0
0
0
0
0
0
0
0
0
0
0
0
0
0
0
0
0.2079106692643032 0.07250091389758248
0.3530054020979467 0.2136871970886099
0.419734267552399 0.2994557145630712
0.4573155441606634 0.3364814124006408
0.4711171203036459 0.3494377831153502
0.4848289079249657 0.3524649851098524
0.4978896396629057 0.346235231105159
0.5049042398068234 0.3080210904399804
0
0
0
0
0
0
0
0
0
0
0.09635492779905031 0.1450003938063339
0.2527387463801405 0.2489961000989741
0.3791538526118231 0.3776354809610802
0.4460390297473791 0.4544907269044812
0.4797493120482722 0.5042856443240875
0.4902429598278976 0.5344861600653816
0.4676089226198628 0.540161403758406
0.4504305989148261 0.5399643308750277
0.4479402623240657 0.5122882916216064
0.4592061455411306 0.4398248379381864
0.4624786174693555 0.4226310124024118
0.4647423273955012 0.4043863768199231
0
0
0
0
0
0
0
-0.003478694523233235 0.1512197303463348
0.2208303628785576 0.3430176360516433
0.3836726296788026 0.4745630521020094
0.473619655153358 0.5495168988364688
0.5181182291419387 0.5828697477209747
0.4470719250325936 0.5152142240271221
0.37178418553897 0.4229640165758203
0.3730500674444501 0.3974378936666026
0.3858986291069302 0.3877447788372958
0.3942156381990927 0.4353487291684292
0.3608083514135225 0.5329844404367653
0.3650077510419343 0.5362024938744403
0.4118610981389718 0.4747616170504876
0.3978695949833187 0.4625864790301589
0
0
0
0
0
-0.1038411489604306 0.215776441722746
0.1372180546975309 0.372030021149601
0.356120839691123 0.5278880934057035
0.4745978459603842 0.5999920613535039
0.5239552133150405 0.6172072298917317
0.3630250536364759 0.5189877652036984
0.3759004793188048 0.52023719462875
0.4025174261072579 0.5338252877760462
0.4019279243779714 0.5346138710441859
0.3900146100405448 0.5131305912742539
0.3890832344527119 0.4781228816370227
0.3889581145470936 0.4678267166886662
0.3244263334891829 0.5019487450336813
0.2999725949351235 0.5277332638426745
0.3430831694175435 0.5028108179980169
0.3266926554664729 0.491126420973735
0
0
0
0
-0.01000396550148071 0.3780730899099177
0.2736992377705841 0.5453101614501557
0.4393188311497907 0.6373792935806706
0.5256098131813044 0.6637444451613893
0.3748086822081986 0.5961521681617882
0.402119183695992 0.609681753667208
0.4434172886680806 0.6372107107595794
0.4356456259864622 0.6297241075305485
0.3753538966066217 0.5794508548875522
0.3578733295502263 0.5717106174403137
0.3136052856590467 0.5789491073863988
0.3405224136726002 0.5521845272535041
0.347843633327351 0.5212073291509799
0.2660731051078484 0.5281220478851515
0.252119349461757 0.522646921155247
0.2809215388395477 0.5129673408245174
0
0
0
-0.1294259395330968 0.3821445347383469
0.1022740640403344 0.5222924370358283
0.3468276115006187 0.6546185495749086
0.4927598899226542 0.7037362591297806
0.4751863439718194 0.685666925099754
0.3943411733444405 0.6673283450166837
0.4664134933456768 0.6903264790601639
0.3991217965844048 0.6468021179140582
0.2918354614072468 0.5678588491682858
0.297471467487615 0.5551072788993096
0.2998286320336324 0.5195074674189877
0.2985456475784647 0.5132816314311838
0.218052671564154 0.5399206296555309
0.2854954163342132 0.5681115391454234
0.2777285624881462 0.5640099375679385
0.1498415744828972 0.5194275236711106
0.225838991218193 0.5241836932704175
0.1983893992081401 0.5020706752742908
0
0
-0.1110023128430452 0.5050472936495882
0.1770057165922911 0.637287005221053
0.3882994605853333 0.7325275992983835
0.5150325747961548 0.7541340896948745
0.4047561602606132 0.7229133008015163
0.4570226188963247 0.7326335474706722
0.4607081622991345 0.7232773572781754
0.3020352006513831 0.6669242154428322
0.3590780472434481 0.6971553184803476
0.3226541109922383 0.6937081026204909
0.2517651184367923 0.651836927133065
0.2862310274446502 0.5866125207449956
0.2528059706009894 0.5829137359308846
0.1511602712579732 0.5315027526081888
0.2363019951957566 0.5952129842121546
0.1643475081498692 0.5613916859985026
0.1888334036664944 0.4932421868729037
0.155870187145504 0.5077226677464481
0
0
-0.04277176752798845 0.6231934062609635
0.2001279866887236 0.7338503663613015
0.4123579228891409 0.7943636212506121
0.5094549861113195 0.7983573030479011
0.3872379326416857 0.7753427379957859
0.4694596278910279 0.7778192339092209
0.3777253007214728 0.7486143757762321
0.3773562687844839 0.7588734114207242
0.3869141180719038 0.7396032476395112
0.2250065530070902 0.5961543885438605
0.2249243104518963 0.5947401438077922
0.1208725694254864 0.5856320985107105
0.2036715210322123 0.6285455111760175
0.1202298234596381 0.5655946550007666
0.1903114430449577 0.5739689546542033
0.1241738713632981 0.5934907922403078
0.1196670480783241 0.478062849703049
0.1022623577659775 0.4977987222155365
0
0
-0.03778389804129488 0.7092199955097023
0.1928060023997368 0.8064045890936129
0.4069199815364141 0.8555082132611334
0.4777605236166594 0.8471089936549088
0.3875381934500947 0.8364990383459326
0.4348408551119716 0.8118713280041988
0.3541637001258189 0.8139042938330995
0.3815107456749234 0.8030930509498414
0.2593116043287927 0.7345033442041404
0.2135696979268992 0.6853181543409402
0.2094002181386708 0.7127483781736743
0.1110960806511092 0.6099040409396129
0.1595642749766562 0.6178243286796181
0.07911794890363753 0.6122306139015907
0.1434612982897006 0.5530744954776087
0.06484366447402334 0.5875506668968834
0.06135064127534161 0.4458600795937914
0.05656168497303817 0.4803571284710356
0
0
-0.01084311673400686 0.7953148918850307
0.1616889740492907 0.8826443546670711
0.372654874775178 0.9177219673027928
0.4566391166511289 0.906661658685914
0.3886528208436796 0.8987586024225832
0.368536170333413 0.8651906050103311
0.3394157704079686 0.8636803102845855
0.3010347883670559 0.8243086751260822
0.2168816027199929 0.8238864297259026
0.2513699312512783 0.8441361260149101
0.1002705783575633 0.7443660809515735
0.08470293823365639 0.660485391107438
0.1139368887038739 0.650356575688723
0.003387413161463923 0.5917079893939776
0.1088538632892445 0.5771849606747047
0.006652994025263461 0.5662998496174253
0.05093775844648452 0.4336967272105708
0.01339874096653292 0.4601539398955629
0
0
0.05214806154674598 0.7972706475744968
0.1299457693592121 0.9663623398491408
0.3196999416673934 0.9916392750912842
0.4223920920972722 0.9801462930314475
0.3919580771886225 0.9749907422055444
0.3443695591319222 0.9489350458866525
0.3251123501423734 0.9273786415444982
0.2516131135533541 0.8750313574841513
0.2080385124774906 0.8827673852531087
0.2038517490539317 0.7577826734072901
0.03719857059540443 0.6637240854086567
0.1277450763639233 0.7637798477976468
0.007834154264038252 0.632331612908422
-0.007216834870241642 0.5507186982418479
0.08739724399687772 0.5925606170631291
-0.05042086196352517 0.5284562623934372
0.0830966280848619 0.4439436397343521
-0.0296561562747964 0.4314708124650431
0
0
0.07598584477396178 0.8232440382897698
0.09752683192574478 1.047701409018833
0.2544005387455308 1.075423788452231
0.3723580136951395 1.06037364598741
0.3918740636124611 1.048906669341464
0.3097800106437508 1.036847508653938
0.2921740666704344 1.006808085083838
0.2400641301946139 0.9583693709494371
0.1771494095061469 0.9384191825312941
0.1118344300181523 0.8900190900617517
0.1190362140622944 0.8970924261084412
0.1030267550572939 0.7640933361706158
-0.02519799079501192 0.5611598834693095
0.06183179964440523 0.6103241222035066
-0.05752030731760888 0.5347150403121022
-0.06555301202151945 0.4622928073177842
0.07270881634317949 0.4695624940532138
-0.07040807853119146 0.3944427324689543
0
0
0.261717727712233 0.6418092298020845
0.0894670413421516 1.056195629991675
0.173591250549885 1.159368711789317
0.3193381642830297 1.166101202269022
0.375917884148422 1.137207492098664
0.3447506739833328 1.11264458363976
0.2723519162545361 1.086783028815142
0.2424388523429367 1.040554363105641
0.1984464118933294 0.969131082974905
0.1534681356652079 0.9011442971208871
0.0736352452667924 0.7457512397083791
-0.0106624462740078 0.6154130197828729
0.04013897081597406 0.6946162629631581
0.03302905169360001 0.6241132830897868
-0.1034208477345437 0.4548859069726494
0.04326140772445559 0.4514083870116701
-0.06065801099530775 0.3920068619865506
-0.1007493441756319 0.3515432738903953
0
0
0
0.1814677044952882 0.9132991071199208
0.1514547228778986 1.23463541995811
0.2525609525345746 1.262905698166601
0.326688914146002 1.243918310749439
0.3594027456200754 1.207170765405118
0.2860640460338161 1.166658745551025
0.1996067289483431 1.124329282774762
0.1532099238784941 1.027299023488526
0.1098051139556825 0.932700624696525
0.04438421090454592 0.8528021755928973
0.07844509171979483 0.8632101258991359
0.03535965095959678 0.6889405153712009
-0.09773138829155391 0.4280478439383508
-0.02896735990372143 0.4403724030590473
0.03982407683880921 0.4830212604592615
-0.1142571961702217 0.3284180852993977
0
0
0
0
0.2366260321796571 0.6721270509883724
0.220979986128349 1.052583901095612
0.2098787662961296 1.337536759453307
0.2756822017223191 1.351116845439011
0.3231043040725872 1.304564468787028
0.3190736485022908 1.24960506115134
0.2836873901123768 1.185646096976966
0.2049756945883421 1.117591226363967
0.1580782251828916 1.054233939460208
0.1154937937040642 0.9190850908748468
0.06092578635232781 0.6505492174767191
-0.04652336871726183 0.4411246798332559
0.001946793051545443 0.5109134175310536
0.05576267396304285 0.5232153336667825
-0.1207077514805739 0.2980669310470866
-0.126550819326647 0.2775223004879126
0
0
0
0
0
0.3604526029057231 0.6926524709089507
0.3027838412170176 1.012466881977838
0.2744673493122025 1.363056596330021
0.297692645864707 1.414812005223308
0.3203702056302073 1.361816311172416
0.3058512088633547 1.250025268920846
0.2404649961933241 1.050329172202055
0.1313487699683712 0.8524884933098876
0.0475975121304035 0.6919780501804874
0.01533833809933664 0.6965442576619844
0.07512536745007602 0.7751285416275591
0.05497866887597323 0.5678956989689514
-0.09800363370769113 0.2639196623596565
-0.1225058200217116 0.2261670068416046
0
0
0
0
0
0
0
0.423797956946983 0.538756502414496
0.4089415216093983 0.7441194489629042
0.3597294272393494 1.073232295648118
0.3392802771307375 1.333652554444458
0.3187701147286202 1.364692760533817
0.3064997125720089 1.293405950652633
0.2596249522331416 1.192232333206813
0.2046268524019909 1.046995204505738
0.1539533927953844 0.799364496614249
0.01009725846154876 0.3623925241555148
-0.06987207820170541 0.2172660200048553
-0.09396040094631973 0.1845173279144721
0
0
0
0
0
0
0
0
0
0
0.4236458861467246 0.4728127652310855
0.390620088459382 0.5567797560143177
0.3636931808296366 0.6418476243056493
0.3139335836572088 0.6466197040698713
0.2592452077850086 0.5474972756545829
0.1725959015353893 0.3957142030737101
0.06980926099341273 0.2328628771782711
0.003662838656081999 0.1615686656588843
0
0
0
0
0
0
0
0
0
0
0
0
0
0
0
0
0
0
0
0
0
0
0
0
0
0
