./RotationSim r 50
0
0
0
0
0
0
0
0
0
0
0
0
0
0
0
0
0
0
0
0
0
0
0
0
0
0
-0.04398358617021615 0.08612484508853316
-0.01004975274609914 0.1114295195187162
0.01242397318046687 0.117217360336353
0.02758567839021892 0.1120305539523724
0.04110500902268288 0.1055727134740212
0.05084976716318304 0.09520213459766581
0.06446930229815083 0.08888263705846759
0.07408992028816476 0.07341355887221374
0
0
0
0
0
0
0
0
0
0
-0.1035123124653016 0.1334943689203226
-0.04158041539768431 0.1671240320128838
0.006099270966309895 0.205471295830205
0.03823544095384988 0.2490868245639711
0.04569174867969505 0.2512204968193849
0.03889139060038053 0.2368402076474661
0.04747103413839414 0.2322950891693333
0.03982760614770792 0.2118401900825848
0.04197265474825823 0.177779941400261
0.06747328587685275 0.1380885538874047
0.0866813065084524 0.1044192054371987
0.1051648662288991 0.09383236974219744
0
0
0
0
0
0
0
-0.1013475172245115 0.196179723870525
-0.03423885334353208 0.2283488772005282
0.05002735691871494 0.2940872571983915
0.05405864353988749 0.3079324646727284
-0.02152165656408812 0.1934782301081541
-0.0132212452661201 0.1716609344818379
0.002045730391859193 0.164719471863304
0.01777910560066503 0.1523558257806382
0.02787353412360006 0.1306384178706919
0.04608454156882245 0.111739227329998
0.04293073036934431 0.1461882063518358
0.03861577502918399 0.1923741464712216
0.08361172392384625 0.1392222319838169
0.09898915075048122 0.1248225283069881
0
0
0
0
0
-0.1273574866207047 0.24901044052053
-0.04158265667645508 0.278432515224526
0.06659268165273231 0.3440465386855122
0.03846190376416719 0.3129392434231364
-0.03155848778045894 0.2460716034451392
0.005478432490904671 0.2622356416371027
0.02028270582481958 0.2808998296515114
0.02364961767230744 0.2794662872371815
0.008794225160265297 0.2517416922280462
0.01101436977573468 0.2237340358195831
0.02517252239602051 0.17147751510681
0.05233004762714261 0.137107324164744
0.05484576846960306 0.1310974187466577
0.02172839881795206 0.1865444467721648
0.08118978490840963 0.1593533810202446
0.1008288586439829 0.1449029299105965
0
0
0
0
-0.06438773142126422 0.3149831816721074
0.06133074313822526 0.3708891785503525
0.07564580709276617 0.368829185760737
-0.02037090944321395 0.3014229909701723
0.03896423665331894 0.3424244611692502
0.05716659859646765 0.3530792862648326
-0.01118191543524692 0.2559648045747081
-0.004515623743795482 0.2018004736699607
0.004502838616504812 0.1720937252892731
0.01725832835049162 0.162724739527663
0.004895091868712034 0.1844555215995811
0.006204243128401546 0.1991751564982406
0.05104645222510008 0.1585900195382642
0.05506954546408827 0.1508621397234781
0.02414014540458185 0.1920856817977922
0.07717064449292432 0.1702189480396607
0
0
0
-0.1140466811130829 0.3644857847010765
0.004244458177324073 0.3857284893411203
0.1233046451292177 0.4191110216139542
-0.006283093882660776 0.3595001938611908
0.04744713545815872 0.3808740116960667
0.05496118381267898 0.3831612339434969
-0.01296572158708455 0.29425021970916
0.002866617719352559 0.2895809447159737
0.008063694317800104 0.272404867245775
0.005554371127001174 0.2442021583396443
0.004759892282106918 0.2056379225196902
0.01757507584300932 0.1669273027057478
0.01984269798302982 0.1610554487169552
-0.0003221193499958392 0.1886483765849916
0.04653234574943612 0.1651615095386431
0.01964140275428267 0.1772790917632961
0.0462554881982495 0.1869884431112029
0.07004415510563747 0.1767193772527248
0
0
-0.05272990479269142 0.4252907070817901
0.07871015318216303 0.4385506522052062
0.09084509550800846 0.4304989546526442
0.02816024078716991 0.4158285961169206
0.08774734312460893 0.4294720516656033
0.004086684194108382 0.3543997011955084
0.02684972527559849 0.3644826440926284
0.03409011170890454 0.3494666498850443
0.003462131578109336 0.2649235361130046
-0.007132610884370285 0.2311420766742945
-0.008553246871379519 0.2381962143967557
-0.00742619254183256 0.2129550483684857
0.01760097871012561 0.1629060259502598
-0.0127926818133364 0.1828319359910419
0.01501889881927532 0.178227998259366
0.03712767223296729 0.1684008608396411
0.004908985463733004 0.1962254118530517
0.04931155674980659 0.1949344148459216
0
0
-0.003845308290703504 0.4739658715739369
0.1226042546983408 0.4760196755818847
0.0458569799433295 0.4565677725529642
0.0674891481697155 0.4585003869077111
0.08198738568229291 0.4357118778387591
0.01876306339105251 0.4158208729530286
0.06326009861047903 0.3878776594700207
-0.0008792755575948359 0.288703659283458
-0.01440039168741296 0.2834858937985617
-0.005279758007944119 0.2393628127767943
0.008758331492740416 0.1933959508915599
-0.03064964865041546 0.1831485043822371
-0.002703130760493142 0.1888594948401114
0.002337294179237383 0.1734264850400003
-0.01304248054136992 0.1737134662975611
0.01416568465346606 0.1803125566091284
-0.007402756198454411 0.1839977045283911
0.02511551829139895 0.2043525614744259
0
0
0.03472297431726562 0.5179629348686031
0.1431982689452862 0.509290796182107
0.0519269842984556 0.497787117395017
0.085819905854115 0.4905835668756101
0.06658169157006749 0.4530138763170986
0.05438179635828654 0.4409148431044541
0.03218640448683051 0.3811294048378599
0.02236597008213892 0.3768834009045657
0.05746614115446675 0.356695123981699
-0.03730106080988451 0.3019702121683155
0.003025797938893513 0.2297611155088392
-0.0332144130807373 0.2119607130265263
-0.002732200644269019 0.1755379406286615
-0.02038502997794304 0.1935468126577807
-0.004633512730075442 0.1587413573225377
-0.01025899289208147 0.1850802808869828
-0.005132456360419205 0.1841822168384333
0.01312610096480765 0.1978593743019445
0
0
0.06565019560538438 0.5611333067612506
0.1601210099774251 0.5422688513343898
0.07228036827979784 0.5329454471550666
0.09659167520189353 0.5273818928085525
0.07351349980941924 0.4831467910406463
0.04777207182768253 0.4539857655767835
0.0258904224117553 0.399121372560498
0.01101938988288884 0.3526457871633338
-0.01497604684476317 0.254488040366071
-0.03781441168546022 0.2578018539998121
-0.03695162810476545 0.2470217942116449
-0.06253836902606934 0.2065650219361931
-0.02307008246916634 0.177808764949043
-0.03810425813837524 0.1782304667821561
-0.01003968105462414 0.1703743924356655
-0.02776747259149821 0.1749260193633531
-0.01252610398483085 0.1854846053405911
-0.01418395900744417 0.1970192373307336
0
0
0.09344889554621573 0.6016362616979293
0.1652166600596785 0.5730972657117556
0.1021886265845877 0.5613679398364309
0.09376983447390214 0.5532150158856665
0.08259752641551002 0.5028628646818252
0.03086166569173923 0.4759979846286267
0.01664286948384036 0.4190467809512038
-0.009415921973644702 0.4034114650617444
-0.06025432664882765 0.3903839823686409
-0.02330510516970602 0.3497213998342035
-0.06268803020797037 0.2074307248384818
-0.05179504872833593 0.1861053972590971
-0.04736952984060722 0.207782221447242
-0.06901722960156705 0.1698602045499029
-0.01090409251656234 0.1591336869195176
-0.04210177592610411 0.1671046271198519
-0.03049412534907108 0.1735495899262541
-0.03208115318513066 0.1854803593109205
0
0
0.1296413117543805 0.6298373987241622
0.1635362756283948 0.6111792568408175
0.1542532760377476 0.5853366071266605
0.08476008774756187 0.5772014251027163
0.07748369752029348 0.5335643896603243
0.03031074703944222 0.4979910642666964
-0.01594973935749307 0.4474012767313965
-0.01221665832349203 0.3591064271736691
-0.03453817272026368 0.2805067833249686
-0.05016259949186962 0.234993676059251
-0.06068830131471026 0.2294482728848789
-0.0224440776699783 0.2472904674658265
-0.07928407767027254 0.1630699986292941
-0.04598128805489776 0.1418028966367921
-0.04564417751398792 0.1684855279239668
-0.04908558637624857 0.1585978731539219
-0.02808445295660976 0.1815014400792513
-0.04643318331980866 0.1739284088652167
0
0
0.1925274919935664 0.6244610555302934
0.1701494552938774 0.6479359788751302
0.1797991299903536 0.6149281213748372
0.1032690496072926 0.5931811600462018
0.0719089310279577 0.5635189670594171
0.03661713548958936 0.4893804228370187
0.002499792570669187 0.4601785359107797
-0.04651416138864908 0.4315457188037861
-0.0501029572207282 0.4062696461569894
-0.05066779037454003 0.3669445743147223
-0.04969598661719823 0.2545836521639349
-0.07130637467175348 0.1609632229423095
-0.06820405684615792 0.1321397642894239
-0.01851914911594946 0.1798860078899109
-0.07239202333998958 0.1416308626393467
-0.04842231969978582 0.1367019489964684
-0.06883878596857586 0.1601294115056413
-0.05766459112249532 0.1655591129671454
0
0
0
0.2144925572319171 0.6376583650872691
0.1702972110731469 0.6488709926069146
0.1465208433531592 0.5966658118491156
0.07768256801969206 0.5620667501169239
0.02504508815401106 0.5353337553812784
-0.0006541403021792478 0.4509206657242566
-0.01225046096095563 0.3361287305637495
-0.026145553689798 0.2730394990763306
-0.05490525310188422 0.2089929328975919
-0.06140959576250486 0.1465450345677796
-0.05066964875548976 0.1688699943948868
-0.01144342785702791 0.2039673990344982
-0.07687331342572008 0.1271717788028233
-0.07052052515086681 0.1150399669011834
-0.02789237855193437 0.162873284878828
-0.07684466623872395 0.1480256432209549
0
0
0
0
0.3051967884256422 0.5647094501824561
0.2225594413208636 0.6197340006373194
0.1364102398175287 0.6460291252000228
0.1038362000286829 0.5328123055736597
0.07264001379131944 0.4643846531238632
-0.005833363638303133 0.4999174985647528
-0.04664029153810832 0.4849685083702209
-0.04859291563587222 0.4127274649664002
-0.05792601501396124 0.3677647641191056
-0.04022749441943302 0.2987913534924264
-0.03827592210856398 0.1717547592269591
-0.06716212345491333 0.1037182128587248
-0.06112216378578848 0.09324609457003283
-0.005586738915095976 0.1901711019994003
-0.08426766142161843 0.1269774144675335
-0.08478377750807309 0.1312233323228908
0
0
0
0
0
0.3219751374733902 0.4805967620818429
0.2180719131044185 0.5513968503567613
0.08946619261071873 0.6314037007743006
0.04683761720424375 0.5147790146471179
0.06311413326259453 0.3235720457993046
0.0430060536933931 0.2617361482048687
0.01710553991415467 0.2262573782250818
-0.01285882861523372 0.1516088038409126
-0.03624440004750459 0.106735031795971
-0.04663109799818321 0.08419803369341404
-0.02827562097528294 0.1111255271367166
-0.02641179518676998 0.1833247947027117
-0.0847738494497989 0.1012070679439505
-0.08754426932356467 0.1085423534060161
0
0
0
0
0
0
0
0.3242389722701129 0.3493331744346819
0.2280468620311443 0.399245925598985
0.128299012892411 0.4831665317407675
0.00920303589648871 0.5572263307977253
-0.04619089253231844 0.4620719173043748
-0.01651328203193668 0.3569902495061779
0.001654863083951726 0.2943655771711757
-0.006260103430157174 0.3072214340089071
-0.007126699038087232 0.2644143290441189
-0.0491315267651256 0.1004126077045365
-0.06747124612627932 0.07921977385504005
-0.08556967825514013 0.07653715460965649
0
0
0
0
0
0
0
0
0
0
0.2171586821391402 0.1820520110021493
0.154485634071171 0.2097951721118016
0.09512345004635316 0.1843966525172163
0.05509472680062746 0.1422972274320116
0.02904458727064675 0.1008478185734232
-0.006549493649740138 0.07112350858237904
-0.03779576655686328 0.04807900080873158
-0.05497176228321064 0.0495528308954118
0
0
0
0
0
0
0
0
0
0
0
0
0
0
0
0
0
0
0
0
0
0
0
0
0
0
