./RotationSim r 52
0
0
0
0
0
0
0
0
0
0
0
0
0
0
0
0
0
0
0
0
0
0
0
0
0
0
-0.04913922637236925 0.08630652811877765
-0.01449285125091443 0.1139307094579242
0.00945945218440879 0.1218012198466944
0.02167477390401321 0.1155136418776264
0.03116440270047257 0.1044123426906865
0.04089337733120896 0.09662087827477767
0.05007362229295538 0.08206238073368755
0.06466088568512048 0.05925767927027462
0
0
0
0
0
0
0
0
0
0
-0.09049260233634583 0.1198233949545767
-0.03938012661316136 0.1634277381733749
0.006340769403234725 0.2016613250757172
0.0380599762472202 0.2490657661633009
0.03664991532260297 0.2465212188224358
0.01383284997050354 0.2172817990351842
0.02335000277048424 0.2012519530985885
0.01539354074883113 0.196582436164649
0.01630425486150781 0.1812731629651491
0.04895472457294682 0.1202637350961372
0.06723104001760827 0.09434123599654076
0.07443901389463205 0.09040470229324446
0
0
0
0
0
0
0
-0.09497997313614331 0.195664629275262
-0.0320059901493381 0.226003946916974
0.04973815527939027 0.2973932235623641
0.0433825959978235 0.2844839443781563
-0.03310282704185084 0.1767637822952253
-0.01316887275682495 0.1652433563826048
0.003162849280111731 0.1598696572184344
0.004583161504797404 0.1432142081009271
0.01898438155746297 0.1206580879710324
0.03095592812578975 0.101404027722581
0.04111463151746885 0.1399827740186167
0.03419015467477154 0.1543053742546433
0.06559694753602785 0.1227676085088696
0.08134586698962223 0.1103902454608501
0
0
0
0
0
-0.1125041690016814 0.2393216084500061
-0.03443550587946206 0.2760651226679077
0.06980710740235513 0.3435304199277665
0.02027519318483308 0.2762722878855352
-0.02719648332884117 0.2398695954868536
0.00298505118611846 0.2542578390336237
0.02011505116448421 0.266874167411513
0.01048264290044841 0.2551065570117976
0.001495815545403465 0.2325602399840596
-0.006595282223774609 0.2101490454436684
0.01601508019109557 0.1588731654762426
0.03284945826266548 0.1242950979036282
0.04068415311348124 0.1181124071931395
0.03627784294167103 0.1705071359268339
0.06767461309814318 0.1385829510068253
0.08514710841343615 0.127929929483166
0
0
0
0
-0.05776179467243168 0.3155510968867178
0.06018794708481535 0.3660863646854344
0.03933075032876828 0.3280873961759925
-0.01599771534461243 0.2971454663991483
0.04036553397084731 0.3252134768137653
0.04058910580344212 0.3145175005987755
-0.01432824451384992 0.2233811407161939
-0.01534886216881934 0.1832377935493053
-0.01128351687386481 0.1569121568278868
-0.001707175978724418 0.1413747615091088
0.008243073324207444 0.1650896634501733
0.001356808145916164 0.1568127184384787
0.04103488981722127 0.1320744490077787
0.04592755619209815 0.1272137058431971
0.01993945793713041 0.1605992132608713
0.07076646481352113 0.1480954546476345
0
0
0
-0.09169574248874347 0.3505553412299341
0.007031578716173352 0.3814673412517573
0.106178524912704 0.4062363362117054
-0.02499465722252935 0.3445057055731717
0.04689647353260075 0.3688526292855368
0.04231043714537122 0.3505901077884553
-0.03450961075079455 0.2663929828025532
-0.009518428648880724 0.2663436110322299
0.003710730195110128 0.2527032886847825
-0.009407751396694702 0.2425992059612338
-0.00995337175477963 0.1865107696906348
0.01529139457880279 0.1425430825582308
0.007055548168575622 0.1396574612941799
0.007574250640092052 0.166696804946716
0.03857306959243331 0.1354839114664808
0.02747341843352209 0.1443500257575453
0.05020308498209561 0.1599115250610601
0.06558393367220303 0.1604035803055966
0
0
-0.04305497589364817 0.4116334776421141
0.07562250776309176 0.4352529563816286
0.04577034214217911 0.4104182124257714
0.01740230803227606 0.4026072629984449
0.08561056102573707 0.4068480911107523
-0.02550896270743998 0.3325134402943788
0.01721307580523994 0.3448533250307758
0.02254479881023803 0.3271384586193883
-0.01254606206133681 0.2191699937025123
-0.01507043131611546 0.1817157450776494
-0.01835822411754053 0.1863287106175081
-0.01544438436753971 0.1778928510976865
0.009506802198722157 0.1457708790497574
-0.009511034630805288 0.1634355839850923
0.01613007297856397 0.1426316545486837
0.02790603181944181 0.1485060337712452
0.01812639962053047 0.1614101599258628
0.04395010437170676 0.1678611783677842
0
0
-0.004341048308347361 0.4600395199423548
0.1121819174094162 0.4700562273024171
0.01128953529733048 0.435420770113288
0.0608450212114763 0.4459656802825311
0.03565354541734367 0.3992963060404636
0.01748716659399049 0.3766055959946258
0.05847562089110647 0.3605289164776163
-0.03049681368479803 0.2502783153194642
-0.01094730691940522 0.2543143466963267
-0.0243290257552486 0.1977366965654557
0.009314515245200362 0.1666536655290161
-0.02934664068904031 0.1694295588062498
-0.01169375988288724 0.1462386288597841
-0.001785867640283107 0.1590515878664105
-0.01073284068880219 0.1346766894748531
0.007116035801486203 0.1551669134199516
0.00604972539352212 0.1848852830827862
0.02160975261342831 0.1774819536249796
0
0
0.02752813809388176 0.50534307002667
0.1318265930709848 0.4953193334005392
0.01611309661907634 0.4685841449742263
0.08607890033267022 0.4693516016537607
0.01523647942655889 0.4172161430261209
0.0334318397467117 0.4075434403191059
0.01736280381272 0.3348398300403007
-0.01237950464859556 0.3295808329690113
0.08290324208433703 0.3185169954199932
-0.07623063810585157 0.2275333539015817
0.005141272629813478 0.1806741328988423
-0.03138042083137688 0.1776657898176716
-0.02780609319853506 0.142477715006258
-0.02207699830177756 0.1604143527647983
-0.01857883939247231 0.1578987796157775
-0.004155653372477406 0.1556585255842607
-0.01869634193068248 0.1611737018728853
0.01138490223482778 0.1770275037870187
0
0
0.05705804964167972 0.5449434079616888
0.1384495064860337 0.52467688361239
0.03632632238129677 0.5030718850846293
0.0881256443476225 0.4926519494130469
0.01647022163409651 0.4470238198718387
0.03797991023354439 0.4100760016849652
0.01054317260425391 0.3641408696218676
-0.0004899326455247158 0.3281224622064002
-0.008243486955085994 0.1916102234906559
-0.06395489447446807 0.2131103398980682
-0.01106259692576441 0.1910789280603996
-0.06530839499053666 0.1733118954252443
-0.01015947184432037 0.1613290766951251
-0.04337997560430532 0.1580529296854709
-0.03096264072620594 0.1359518712180162
-0.02377607816347393 0.1505008817849031
-0.02873492229922452 0.1657866855886321
-0.006438700331643452 0.1698362105941659
0
0
0.08089392531826811 0.5780443156522842
0.1448696900480323 0.559267143682017
0.06325037406599505 0.5356088298735334
0.07534716109187634 0.5223282545386261
0.06168220233550083 0.4763805657948209
0.004553855214241133 0.4211908603476907
0.02123457763637506 0.3713116344269884
-0.03038721339066596 0.3586714639073647
-0.04315790634158697 0.3451815496232733
-0.001257455928503414 0.3391131741520514
-0.04950083953464582 0.1704461699729348
-0.06556643773633612 0.1617179439438703
-0.01362742977133229 0.1715986324612729
-0.05835988150987895 0.1496254106953265
-0.0124531771931585 0.1342899079276479
-0.04102630048455958 0.1412486498255102
-0.02986077607874529 0.1593045459776213
-0.02472456236588351 0.1655036433377312
0
0
0.1102092424610485 0.6098809575733939
0.139108048368683 0.5891810379072877
0.1211963183400973 0.5744523725146999
0.06045538616322792 0.5513783959874409
0.06632077248621335 0.4925473993143834
-0.007350481176370735 0.460399448556146
-0.008786956782360659 0.3921647955456153
-0.01098332587466576 0.31465219914158
-0.03114316844503325 0.2261711102075127
-0.05299313751990378 0.1689870348647695
-0.07622525435757058 0.1742708199074226
-0.004038801394878026 0.2006529037477768
-0.05986515557139362 0.1369238545449083
-0.05383506987176878 0.13035182651443
-0.03168433546541496 0.1434113150963831
-0.05010335372715408 0.127933613527868
-0.03334845778681779 0.1502485708591747
-0.04565033069193872 0.1543613928264658
0
0
0.1697498408942052 0.6065680699907928
0.146790342994565 0.6271892805358577
0.151568017300563 0.5904969004982866
0.06499453068316206 0.5658065776630249
0.04073744761192472 0.5162252767887657
0.02467819413753959 0.4512573373842892
-0.009386342405469069 0.4090306725103481
-0.03743208530255872 0.38782045973406
-0.06000829932551429 0.3601850687473931
-0.04926177574309036 0.3191834137033475
-0.02408288828572269 0.2416448514746204
-0.05928491443618006 0.1437176099303699
-0.068373908087302 0.1190921296729484
-0.009247331594091185 0.1354393324711927
-0.05292761632159894 0.1207844324073864
-0.05461810615554478 0.1331767337828884
-0.05823796260843401 0.1422719648072286
-0.04948085510744214 0.1512868068751825
0
0
0
0.1981200859006153 0.6215821061194814
0.1364765914808037 0.6239253110838516
0.1067461334802218 0.5611185183022772
0.04979821564520953 0.5304328527532783
-0.009223784099013418 0.4804037072245504
-0.007058914854852474 0.3891660505043315
-0.002382722034619651 0.2715118810101118
-0.01646199046952289 0.2137292241068569
-0.03217354939607232 0.1633778225121122
-0.0579315088114829 0.1110162433234465
-0.05551345680761041 0.1186062544332647
-0.007948251162286406 0.1866753892783167
-0.05330962590718223 0.1078499835709362
-0.0554393130141797 0.0972462265369749
-0.03936127172377035 0.1532618977520857
-0.06452978148318617 0.1318459248720125
0
0
0
0
0.2900783716501366 0.5447472207278885
0.1907025680360031 0.6079445284209719
0.09418120192820947 0.6084935595901793
0.08610575869780723 0.4820159660435186
0.06345130643047306 0.4354999260389134
-0.01242519187985809 0.442215374089911
-0.04770481982134903 0.425602470040813
-0.03945955844838875 0.3491865550649442
-0.04047819006135556 0.2991285703565217
0.00924031468369617 0.2673515508247696
-0.006826235287267504 0.1630436381815976
-0.05471443831312203 0.08614213791946598
-0.06011831674143346 0.06906803023049198
-0.000431501144988293 0.124799298229606
-0.07219976785027796 0.1065731732299553
-0.0647056590321884 0.1160676310734685
0
0
0
0
0
0.286817330368118 0.4689410062719962
0.1832713150626 0.5305565895443546
0.04810105772112259 0.5863238797839683
0.02519118808829959 0.4441473764921847
0.06985739914709706 0.2735861658289325
0.04700189737526532 0.2223292124333079
0.02957424522497025 0.1793088266334854
0.01485359355386181 0.1234027126751495
-0.007845140333731118 0.08403254094814036
-0.02768459909536506 0.06547950829509007
-0.0406198234631248 0.07889419264278474
-0.0199161261805796 0.1460238576461836
-0.0650512631143416 0.08740968387944081
-0.07871245306588533 0.09127944022603805
0
0
0
0
0
0
0
0.288018314982615 0.3220060895476753
0.1984159445944256 0.3713239574217704
0.09212819857340848 0.4582299073470789
-0.005312741994188814 0.5152784253848053
-0.0002267453072618272 0.3859219145233113
0.002863302619608627 0.2706597601132066
0.006399610055598475 0.2140902167523779
0.0163414896552085 0.2235862156527392
0.01216314646388316 0.2252611281366119
-0.02489261162224081 0.08856217263708416
-0.04882253041629207 0.06289490266681722
-0.06368001611481999 0.06394299608967889
0
0
0
0
0
0
0
0
0
0
0.2034993869664478 0.1788663335010354
0.141843461353991 0.1939035947594347
0.09385667636206677 0.1584221962885294
0.05828602100552487 0.1116636527106917
0.0293405457567665 0.07566619329094609
0.005755028411338002 0.05336589573213427
-0.01431210191876691 0.0401144780268258
-0.03072450036803257 0.03721686375208377
0
0
0
0
0
0
0
0
0
0
0
0
0
0
0
0
0
0
0
0
0
0
0
0
0
0
