./RotationSim r 42
0
0
0
0
0
0
0
0
0
0
0
0
0
0
0
0
0
0
0
0
0
0
0
0
0
0
0.01667634746453406 0.03359872466230881
0.06208710118391139 0.06418269215416059
0.1000973638097278 0.08918621720208643
0.1268037323375102 0.1072995905116573
0.1479504335519269 0.1196141305897221
0.1729638826207752 0.1223420682059185
0.1874137585378727 0.1243769410275994
0.1999615749544241 0.1089692642814622
0
0
0
0
0
0
0
0
0
0
-0.04008094797241668 0.06508593147317997
0.008705590120948058 0.1079504206507698
0.06748788329181718 0.1690140043390806
0.1159482623587022 0.2348268895078516
0.1250129894546565 0.2703305411865781
0.1306794053540614 0.2868338303709216
0.1267142352190443 0.2843985741493689
0.1444544062215578 0.2757812521206993
0.1564653990729507 0.2589782983767635
0.1843133486683457 0.2145958047490125
0.2048805449453657 0.1789408205744273
0.2047570520234194 0.1692182480628557
0
0
0
0
0
0
0
-0.06455709606705964 0.1240452011245847
-0.003829889482911097 0.1761726710220924
0.08750569818726046 0.268582395885544
0.1403375015801138 0.3230121064839386
0.1153842043768937 0.2657290911115293
0.07157834693094878 0.1892352476836512
0.08588879120153026 0.1798186986475641
0.108039557078466 0.1754989612104256
0.1209208562822591 0.1698443905123115
0.1373831524973243 0.1876723675278066
0.1019743617739279 0.2957355027272612
0.1379290282627342 0.2845012292319901
0.1820904091202888 0.2315108981943124
0.2026466979072009 0.2127778951954621
0
0
0
0
0
-0.101979195843401 0.1717738884839396
-0.02618410252622883 0.2262378031220595
0.08931055185601031 0.3142182745925123
0.1446417683511744 0.3445789975164189
0.0630757412554552 0.2646109392341897
0.06256909777168591 0.2479415077687248
0.08557552009971808 0.2836871302403608
0.1066224705964605 0.306931447529451
0.103145786668533 0.3080292743969137
0.09672491093370421 0.2858067369910888
0.1169796356714052 0.2498401469048919
0.1398399006584473 0.2140256509256449
0.1110926887834616 0.2419582727786482
0.1113543966093144 0.3127013227971486
0.1618318468190853 0.2735301273218753
0.1963601877444893 0.252721145685299
0
0
0
0
-0.06153989929530619 0.2639415066740945
0.05845489931973238 0.3337651119657261
0.1521342857738208 0.3651392258426137
0.06087227201260945 0.3177383491795516
0.06535174710251639 0.3268929696582125
0.09914204883271602 0.3675506972244774
0.1072092690373451 0.3691067476577515
0.07548426381035285 0.3289590272194913
0.08157854001383218 0.2964654428405556
0.08209583631368346 0.3057029024858542
0.04875856607674196 0.3233290689886072
0.0772287445511471 0.3025110140808325
0.1096471914508454 0.2498028320481634
0.1007844571861315 0.2602248544622301
0.08896576004171637 0.3128652392053005
0.1411052055633855 0.2881417155534727
0
0
0
-0.09470756973411235 0.2996093654896835
-0.006774252549462173 0.3509441898376381
0.1369333940074823 0.396298393388934
0.08438110550488515 0.3704842580212199
0.06705906959637961 0.3718448677166976
0.1217536663169479 0.4093953542226308
0.09670721247622205 0.3910240285741307
0.03712228273441646 0.3394394206845864
0.04600996270605592 0.3247065093895516
0.05842833395997559 0.3126098100773779
0.06037225498554844 0.2832852570101135
0.05883762195519072 0.2606629625788749
0.02068905241118652 0.2941263733020857
0.05133675010484797 0.3270589781348594
0.08537618638234541 0.2896495780085349
0.05932011611498783 0.3052397844702656
0.08834037764028581 0.3108193897714126
0.1291035488227635 0.292753328699317
0
0
-0.0539860327123764 0.3758603230609679
0.06616832713881804 0.4215204358091841
0.159199167827854 0.428250596101853
0.06644710118188306 0.4119122836335088
0.1051949230113611 0.4420688206488521
0.1099572828644004 0.4295824080561896
0.04247623668663051 0.3989401969725976
0.06162008123860777 0.4036665857062138
0.053382737523606 0.4080512632959874
0.03952820660464456 0.4009778910797924
0.01215498130976687 0.3714080539969262
0.03698586306220555 0.3318827011228137
0.0529307804422026 0.2842947660849836
-0.009213475006815876 0.3042783686265542
0.05157648972742906 0.3140245226267035
0.06681191872243501 0.2821749490869062
0.04134414336579614 0.323294969034399
0.08466663993654984 0.3185876324512694
0
0
-0.007979938738108422 0.4378634435976997
0.1133463283477046 0.4717705636055838
0.1443215104016311 0.4622596519754537
0.08678601420395797 0.4669097117393947
0.1310036303520818 0.4869619208507931
0.09663929149245565 0.4650010988495973
0.05396356801606082 0.4515501693576465
0.06073512297208558 0.452804462802761
0.02884150137248803 0.3922647425657203
-0.009053179871381751 0.3262430869170404
0.01244908264232168 0.3276753731369936
-0.004077627020493203 0.3464594057101051
0.01069998431809509 0.3311776549523952
0.009869363742089562 0.3114064910194972
0.02187253038218118 0.3186795610052612
0.02989457369993432 0.3065595642372769
-0.004424529746238776 0.3173268975906632
0.04823301244818548 0.3290315368440942
0
0
0.02698105285370189 0.4927849401249641
0.1456053720011774 0.5116661299263272
0.14187389053444 0.5008830493216425
0.1115971644894562 0.521225795579731
0.1428813280240162 0.5291551824313133
0.0777566055512359 0.5038344093384247
0.07066505270182931 0.4939584807704788
0.05981719203293007 0.487568083413913
-0.02263620523846263 0.4034006431699889
0.01168858951645222 0.390766362881622
-0.004485103554561866 0.3745371091325165
-0.04566878687796964 0.3116542509354475
-0.01059156662483223 0.3268139922694865
-0.02498960259759848 0.3169220843971832
-0.006909804946525113 0.2989422278563726
-0.006378586659474258 0.3067533879789441
-0.000914696256267292 0.3079126650522327
0.006183425556886011 0.3300391139209342
0
0
0.06131274985529793 0.5413884379381033
0.1733402523833703 0.5508636749293876
0.170165883716673 0.5457866808559162
0.1242096885123972 0.5631347018353596
0.1413383696067431 0.5525808182971003
0.08076487503963801 0.5492976349065725
0.07473372867830402 0.5346801894177301
0.04287445632042004 0.4900773643220044
-0.02034098606868821 0.4654329328851683
0.01125759588640376 0.4716941641609286
-0.07593403199955026 0.3808471501913329
-0.05287371970789484 0.3219478428144711
-0.04582420429157387 0.3316117172576906
-0.06197565900862139 0.3044713359151731
-0.0145895653829006 0.2993873587337542
-0.03818997487803977 0.3084505868324529
-0.0280003245034182 0.2936987170316493
-0.02266213240521408 0.32177352614439
0
0
0.1021790374000719 0.5847709730372171
0.1865982926695458 0.5946275075756164
0.2051839652566247 0.5774397523614886
0.1365821277004637 0.6057015853520507
0.1392638718371907 0.5895323083612563
0.09027889266246214 0.5869333737218647
0.06940556843218268 0.5802550573669584
0.03267316532900138 0.5246992376503591
0.0001561581175023942 0.5013376821211941
-0.009992721586593874 0.3920336298209479
-0.1001477035692173 0.3308413954022398
-0.02730438767341491 0.3638813615517139
-0.1091279106633573 0.3212702110027983
-0.08614505583063649 0.2794623523049788
-0.06443406584494926 0.3056663187477682
-0.07852121482352559 0.3012698023771864
-0.04480848448126226 0.2919629888436571
-0.05605053916345612 0.3162971453136572
0
0
0.1514634844403988 0.6209737686096916
0.1939263122375475 0.6306033866320746
0.2293924572870249 0.6148939543701747
0.1760469812057268 0.6361504954118532
0.1342578457532969 0.6331811105086311
0.1207469220995848 0.6129810574803138
0.05709031276918164 0.6019470020049106
0.01082672914376391 0.5418079396534008
-0.02292469658386366 0.4891941554388193
-0.05325690047629341 0.4441443385396921
-0.04709611638088108 0.4437692716420819
-0.06795256201980186 0.3828314872490203
-0.1284796291120383 0.2758084765076986
-0.05365575548212932 0.2772831783792638
-0.1049825942499292 0.285673210751604
-0.09329779489967871 0.278756114862127
-0.07699737663361934 0.3014471297499129
-0.08344993223940524 0.3095833000347228
0
0
0.2083663915670515 0.6353648468053601
0.2173862596675754 0.6577369411484005
0.243890400050314 0.6527340106369253
0.2176207382101935 0.6551740594737073
0.1623618016768197 0.6702380523764433
0.1265238529871128 0.6501349049280354
0.07688963252739425 0.6002394115953502
0.01878234407048501 0.5790112218732891
-0.01187692661528659 0.5486941098105569
-0.03313441524796336 0.506170950187962
-0.08608522311276673 0.363614140649953
-0.1399908799579963 0.2700735058758956
-0.08825661466919743 0.2986631884173712
-0.07509341539240338 0.2882952739670627
-0.1398222977082847 0.241390156912003
-0.08190406186636942 0.2807508621131636
-0.1213343929805683 0.2744528229555562
-0.09573634215875496 0.2951052780090079
0
0
0
0.2810339775864744 0.6549933616818361
0.2735937021428658 0.6900826478680451
0.2587906497825772 0.6710778033387513
0.2075258398951809 0.6743674768526643
0.1450816181966346 0.6775417835498397
0.0827502492862672 0.6376464695839104
0.02167758401895555 0.5446853356566655
-0.01641982870129273 0.4632645682517741
-0.05782540046986889 0.3820490776406029
-0.07762276863388153 0.3520362338699433
-0.0618054081451134 0.3782201874931455
-0.06837285267368852 0.3260818939503378
-0.1435774645168061 0.2109404290541035
-0.1036498445267506 0.2234995599264673
-0.06473820500377919 0.2749509451453389
-0.1324956459535705 0.2502528534372586
0
0
0
0
0.3783001634836841 0.6087265941453609
0.3485780201354115 0.655668473342053
0.2885804029681864 0.7152365350818447
0.2297935476418672 0.6735240705596143
0.2102939469430858 0.6292651957679233
0.1236867630609986 0.6344339107326881
0.0401201176676076 0.6217416980786463
-0.01081631245895434 0.58926070250806
-0.02607440808396729 0.5523194190427508
-0.03402955096068174 0.4401224090349808
-0.08751673294556353 0.2738350292327485
-0.1322049745802439 0.1852622228362309
-0.1071041047599731 0.2041621418650476
-0.07909602142323706 0.2789666863860249
-0.1598899401465132 0.205589232603477
-0.1326203488944556 0.2332697534445528
0
0
0
0
0
0.4363228408701542 0.5630566716435698
0.4030428491385862 0.6092226765428607
0.2889012695879491 0.7183776951956624
0.1929766977600436 0.6909629226248249
0.1540641589112345 0.5567493818484183
0.1078740288430882 0.4417431242352366
0.04329164037053844 0.3529620090177384
-0.01334896303694281 0.2589888851972813
-0.0573340376937513 0.1973588402731392
-0.09123757266050167 0.2073632440282813
-0.03134862340367037 0.2897414106192028
-0.06074004246462639 0.264667070468694
-0.1417666881357025 0.1754810566745889
-0.1487760415700482 0.1853219185685582
0
0
0
0
0
0
0
0.4781141886096557 0.4347172395720834
0.4250935608034597 0.4708133244298854
0.3163497864118429 0.5575767451676475
0.1868621191582435 0.6610766390372188
0.07596749634485141 0.63982353487882
0.009959408903901946 0.5977467118249161
-0.0007950276728110865 0.5442529047080986
-0.02634032389629423 0.5096626387973141
-0.02095807306292612 0.3606436572080639
-0.09649307437838366 0.1514298136717305
-0.1293665909796691 0.1282656408836641
-0.1417779513052892 0.1508902389177842
0
0
0
0
0
0
0
0
0
0
0.4016349476760378 0.2810277961533158
0.3024200097960459 0.278922241438797
0.1985772757409362 0.2374953458283347
0.1010617629748411 0.2007886546660294
0.04362221497203838 0.15234936760146
-0.01425302875713153 0.1081496443666062
-0.06757629533913347 0.08388972534246723
-0.09043444479302457 0.10196968289605
0
0
0
0
0
0
0
0
0
0
0
0
0
0
0
0
0
0
0
0
0
0
0
0
0
0
