./RotationSim r 32
0
0
0
0
0
0
0
0
0
0
0
0
0
0
0
0
0
0
0
0
0
0
0
0
0
0
0.1338661769152975 -0.03303703130370185
0.2032187816706554 0.01452066198555847
0.2494187748876638 0.05036304576101691
0.2820756601604973 0.0814618140824268
0.3096177557552053 0.1121782484742162
0.3330647919961598 0.1415654092601779
0.3528280812361452 0.1580419689245441
0.3744942683347745 0.136843766009422
0
0
0
0
0
0
0
0
0
0
0.02955541897125364 -0.02111006616879185
0.105841475680717 0.02238245710348573
0.1861438618333403 0.08436119815803067
0.2425059328458345 0.1775348688216414
0.2597882948991879 0.2385254069714304
0.2835231924323219 0.283256724114704
0.2905287027038096 0.3014153260324214
0.2905380495039154 0.3122366391214113
0.2982949122029467 0.3042228330134278
0.335813916704068 0.2747171825827974
0.3629303829218636 0.2564624477903678
0.3992087000176684 0.2463470618875302
0
0
0
0
0
0
0
-0.02405349526286655 0.0237074998709409
0.06898869410367188 0.07847011938829095
0.1712620534309039 0.1654366257822853
0.2303196000323493 0.2629807199497486
0.2382046160646807 0.2936813920083172
0.2345174239017625 0.2734900670184336
0.2389383978048952 0.2639517666172782
0.2521174013368244 0.270153681564841
0.244917821859143 0.3052534291309816
0.2467803418649541 0.3632110699867009
0.2349254260398498 0.4165156502417633
0.2649125841081407 0.3916247645580561
0.3153953305382873 0.3539449075397425
0.3600276863532894 0.3347370570011282
0
0
0
0
0
-0.0427060197757921 0.06715089195259309
0.02372733746966329 0.1242881846419305
0.1452219611128596 0.2104695884907341
0.2112416230590642 0.2970834200886474
0.1887812287751084 0.2841572186161316
0.1783032408535135 0.2637063698586009
0.1985963493760506 0.291665478140729
0.2159226830739982 0.3205575976731996
0.2155662863811617 0.3369144646480051
0.2164783146358342 0.331143620860269
0.2200695389232984 0.3176959163901715
0.239119746610251 0.3266704633524903
0.1958775386044671 0.4088368391095281
0.2260465542473922 0.4451023821085323
0.2656888987128814 0.4112411564470042
0.3391248378960918 0.3709951113959978
0
0
0
0
-0.02192049027427735 0.1640154898047615
0.08753265298353101 0.235900768960271
0.1855919537864543 0.3067306634047311
0.1691086627542195 0.3188232702674398
0.1598178127963494 0.3133682048564211
0.1893632837285283 0.3634597613557825
0.2060204644036975 0.4011494052244802
0.18916993766228 0.4060996083646637
0.1788071674587942 0.4339065963244952
0.1642125931881495 0.4262765343349115
0.1651117273388217 0.4414554107641808
0.1847124673855712 0.4098274968339559
0.1940222361980532 0.3725643287233188
0.1651418051761932 0.4327542570152742
0.1712414131191135 0.4643722236757001
0.2469610742367962 0.4418768262824414
0
0
0
-0.08081581041401588 0.1943191721970436
0.01526181065190078 0.2502720633033271
0.1379219283235827 0.3272400690921765
0.1852643539833619 0.36236961533064
0.1500277977292062 0.3701395125400678
0.1869272502759053 0.3927732691690456
0.206456071128547 0.4298729879045447
0.1652563624595627 0.4338574619220079
0.1567594107123426 0.4478905740655733
0.1433066905893435 0.450553301520037
0.1361680696146052 0.4205705259637846
0.104752828152437 0.441320633013313
0.1039459492196346 0.4666525702489679
0.1266919444609421 0.4413070188633186
0.1649091374837143 0.4295283366945059
0.09522812058739503 0.4727265496354263
0.1547375889486016 0.4829965987037283
0.2449552479271072 0.4660186514808173
0
0
-0.04332278336281379 0.2790017136855261
0.06495405705670314 0.3334797381235134
0.1658448902839118 0.3922943869239629
0.1672136147139298 0.4046800664566332
0.1611877491201605 0.4399672085947591
0.1972993585107933 0.4589149679065171
0.1847784394692335 0.481571176268238
0.1443509832821122 0.4672437377097637
0.1474500304858328 0.4968740273518558
0.1167888659150614 0.4934000483314422
0.09947546981910117 0.4758147300033929
0.1073126477020833 0.4707602928628744
0.08351344116400497 0.4668366211947244
0.06202679677608957 0.4802639224235436
0.09844100621993557 0.4707013328453352
0.08257685125420369 0.4477697429563766
0.07400480015506831 0.5099249181738559
0.1449814040931533 0.505374477068219
0
0
-0.00638691317536272 0.3496562126864938
0.1072561130673623 0.3960088888985632
0.1746393556501682 0.4401940888048884
0.169306682072336 0.4624418123509067
0.180634550303258 0.4943286473809209
0.1931702378377608 0.5167684340623617
0.1702932434481612 0.5261173079604847
0.126005986302883 0.5497253375016726
0.1207569143915079 0.5509254507446283
0.09579768426380197 0.5528099086397598
0.06992898102612369 0.5329049488492679
0.02808681420030142 0.5119318048197073
0.0459535688076357 0.4869313291938127
0.01868388528227246 0.47774003539587
0.02820625619620577 0.491647751633192
0.05980009853656389 0.47137279576774
0.02986057563314812 0.4924402889549165
0.07874706242629792 0.5224797745213605
0
0
0.02607798183956686 0.4135534367166391
0.1336285996334027 0.4541464492102067
0.186837017880385 0.4825888373443162
0.1778454393030668 0.5203784703282756
0.202160621214262 0.5445978945061314
0.1828064096128505 0.5730736312151236
0.1687122675720383 0.5820500485457284
0.1261281047783844 0.6039074108959983
0.100718493573596 0.5853381252344986
0.0469349987765468 0.6014931886667571
0.01031304021322014 0.5402451245286826
0.002872379907760588 0.5427245293115032
-0.01115931281143482 0.5266421111180523
-0.003077469930283601 0.4754862187868943
-0.03937396525491873 0.5045487801620927
0.005921051149689663 0.4730799391132191
-0.01453466463601833 0.5094208446104163
0.01394018065310926 0.5339530523835612
0
0
0.05483734898489183 0.4723797818368012
0.157811274566824 0.5025409535456418
0.2089915724239805 0.5280121989659248
0.1999821227118848 0.5728920633455257
0.2217955983427383 0.59573140543406
0.1886899493267454 0.6225889010679022
0.158928305134879 0.6503310951966015
0.1247541359997154 0.6270650472896705
0.08420899008654502 0.6489825150132824
0.04331964082255284 0.6150583883144698
-0.007890335520173044 0.5807141503475484
-0.03002358143651959 0.538024716671535
-0.07724243354157291 0.5248087183143924
-0.0546570071230108 0.4692243581782398
-0.07390362387294375 0.4848681739773288
-0.06045762619433594 0.4706482203462143
-0.05434965386630724 0.4867170503778055
-0.04058668276491374 0.5170115028142206
0
0
0.1013102833836632 0.5209043437495267
0.1776583924662919 0.5433481535869369
0.2271461377948553 0.5669397912176172
0.2266689695310861 0.6179593494054362
0.2397550991531103 0.6405079792709549
0.2075971741314264 0.6593962926858336
0.1633695628490063 0.6787994666759884
0.1043824457340254 0.6846918100237793
0.05607479548519873 0.6584756427426794
-0.01567538123686644 0.6473539264842054
-0.02831597867215913 0.6271813765819456
-0.0650872675140227 0.5793968848549755
-0.1211855101122187 0.5258735577903463
-0.08926645737109838 0.4921815427042665
-0.1236700051441043 0.4752901765872163
-0.1031922342765402 0.446894265012195
-0.1154073340984531 0.478704505808683
-0.0861884918676466 0.5033296179693177
0
0
0.1531649998276271 0.5623820976579317
0.1922081349270126 0.5828732548377579
0.2556622724508629 0.6076031499949878
0.2466530696901595 0.6408754779076696
0.2524224197917602 0.690232706421971
0.2225623555797605 0.7042258773576017
0.1729428985666428 0.7106789383976523
0.1264851728336118 0.7163388755740239
0.05262065211774348 0.694303675848297
-0.0007687895379076321 0.7036562877184298
-0.01690353981679606 0.661453803244663
-0.1218579883612493 0.5579538358152679
-0.1243828573757377 0.5123216347153299
-0.1147968130219804 0.4898334809155795
-0.1795673949752284 0.4601264495709191
-0.116267204524486 0.4337620188400109
-0.1607536694608773 0.4793572795357297
-0.1293279972957203 0.4877656299098995
0
0
0.2005303895946867 0.5863763632924239
0.2320987147206423 0.6174685490811334
0.2741371773839933 0.640730569227749
0.2835451694755169 0.6608627001527412
0.2792929179018211 0.6999991133262988
0.2347144362214045 0.732983904498685
0.1829050117358542 0.7333746353400259
0.1360880000748655 0.7493703345406091
0.05791661461803573 0.7375223541445283
-0.0007141550284488206 0.6634200018888394
-0.07564358074883476 0.5904670411884909
-0.1351760094515243 0.5597056065589988
-0.1099385029168786 0.5699825329197943
-0.1890768569933813 0.4593765156588344
-0.1886295343072851 0.4125701120415046
-0.1206818634186742 0.4270485502338057
-0.2123773752790231 0.4410939402798006
-0.1218133845988737 0.4738356692127706
0
0
0
0.2966941697318625 0.6261054395837103
0.3073564343459192 0.6578801100091681
0.3101818328595261 0.6885707632617323
0.3037876133435899 0.694723013360716
0.275907682047494 0.7312427918228138
0.2183138993144721 0.7579875779192343
0.1333041891797667 0.7695402261021885
0.04548797666360892 0.7219510968012907
-0.03552335941994466 0.69377999241229
-0.07515788737267247 0.6795143155711973
-0.1056702697196893 0.6405871823421883
-0.1889672249213377 0.4896961339214821
-0.2256516363677601 0.3847555607814543
-0.1529038098276753 0.4275766106825221
-0.2179348176994967 0.405415985013472
-0.2090690533829111 0.4110294867092548
0
0
0
0
0.3632316614171786 0.6030111396458423
0.386791588242196 0.6340623330523323
0.3628178175053811 0.6899755153921951
0.3368927874349529 0.728704856161753
0.3020979462568113 0.7145965204916542
0.2469015275009057 0.7159767191279732
0.1629123779680421 0.7316597908330355
0.08751005710245888 0.7276943408353866
-0.003031823175275862 0.6785390044682458
-0.06952669605592532 0.593664523141394
-0.1505391999822606 0.444910483407617
-0.1924767891179351 0.3818171095101995
-0.1586421244545778 0.4353532694261488
-0.201469345140177 0.4228977511378068
-0.2653191247198809 0.3517689290970293
-0.1824215896712366 0.433883162367464
0
0
0
0
0
0.4736363761049994 0.581633989254982
0.4774082555916087 0.5989836831396862
0.4323095159064235 0.6800571519947672
0.3538162588993348 0.7391487033355175
0.2724108426818963 0.710689834431429
0.2072844888162047 0.6671052758220472
0.112055822381114 0.5850480618790199
-0.009167868885625104 0.5213828497130307
-0.09718097039762366 0.4588162913930154
-0.1494457931901232 0.5015190984168253
-0.1321325994940938 0.5237010117165445
-0.222653196705122 0.3604653558198384
-0.275312819492417 0.2954698884292578
-0.227152560587673 0.3587065994554088
0
0
0
0
0
0
0
0.5538679921115001 0.526216723473252
0.5522222733329657 0.500485233766288
0.4990468109791493 0.524096799074686
0.3944833854887171 0.6171858216988392
0.2699625381140799 0.6514183778540472
0.1442250000729803 0.6735996163635749
0.06613074978492044 0.6680049248864377
-0.01355301493004283 0.5840770644089007
-0.1087943287460501 0.4356916309550687
-0.2119913366734897 0.2392757876777513
-0.2494645616178288 0.2400705800365197
-0.2287819378394722 0.3232904050950051
0
0
0
0
0
0
0
0
0
0
0.5622550963693767 0.3531828300146773
0.4883697454573482 0.2990704278216547
0.3946548860894641 0.2747115604781549
0.2609951751770083 0.2392294307618251
0.1109861437138702 0.1996753651592629
-0.01248182944146396 0.1754067490890686
-0.1181257697821999 0.1580800410657323
-0.1777606469601579 0.195309594423149
0
0
0
0
0
0
0
0
0
0
0
0
0
0
0
0
0
0
0
0
0
0
0
0
0
0
