./RotationSim r 54
0
0
0
0
0
0
0
0
0
0
0
0
0
0
0
0
0
0
0
0
0
0
0
0
0
0
-0.03149926569514169 0.07545478520170364
0.002506383058172734 0.1085859336250311
0.02335051096116497 0.1155304022593052
0.03365598402378613 0.1063718695926646
0.04539865107559442 0.1030495210665981
0.05837917261547783 0.0933501167817949
0.06762649909903205 0.09130745234754242
0.07584931526550059 0.07240041000385931
0
0
0
0
0
0
0
0
0
0
-0.06846045671487586 0.1233958736189514
-0.01865798194123443 0.1585202277904378
0.02085977613959569 0.1958016352675485
0.0503041030349259 0.2471889520362096
0.04089980374835171 0.2133489311900949
0.04355472964433207 0.1786718682380277
0.03421228875219818 0.1606768389033592
0.04038435794105979 0.154124847420411
0.05086707737879903 0.1672483119135261
0.06283594593146048 0.123339078887468
0.07662200178220817 0.09706407196170502
0.08571160600720255 0.08944146184767146
0
0
0
0
0
0
0
-0.0741773509524651 0.1826679637278392
-0.01229253465846417 0.2170591899118694
0.0632413932615252 0.2787683883798108
0.03595628051096188 0.2502513627522442
-0.01403884334769285 0.1741007899814774
0.002802641922901461 0.1659634128976221
0.01469847444751729 0.1632179459119498
0.02142396536657173 0.1456546185364687
0.02747720783384401 0.1290658142100175
0.03938525605181147 0.108913521562729
0.03904856000927374 0.1375149231643082
0.03532321555657853 0.1449698237954244
0.07166639533797341 0.1136099236483499
0.07799236764593978 0.1138678538053451
0
0
0
0
0
-0.1015373374445234 0.2269956524180947
-0.02211651975848868 0.26047652144328
0.07191502934743824 0.3150616675480508
-0.01039450611692869 0.2524634810259237
-0.01702164552250088 0.2272298883088599
0.009043999845103295 0.2383520097517004
0.02259132826972757 0.2533489615041086
0.0161821853772123 0.2353300280186743
0.01650873683145097 0.2050156728175409
0.002264974912200056 0.2027808437927977
0.02525146606081069 0.1583692736045562
0.04608479542080665 0.1250789662764373
0.04713104601202072 0.1238813152441563
0.04942009639404121 0.1622153959991298
0.07002824206724442 0.1295564197520043
0.07791415732021563 0.1228311302123506
0
0
0
0
-0.0448092885971432 0.2939804380238306
0.05794452903157282 0.339261213810985
0.005999100528941008 0.3102828097219912
-0.01301197284456644 0.273940058111803
0.0322305880043794 0.3046356207991037
0.01250980208587602 0.2762908419261539
-0.02460839624617851 0.2170115854250306
-0.01628400767505731 0.1918357563751901
-0.005661597983064618 0.1680804174346014
-0.001444246376721644 0.1463958819831681
0.009094628609487683 0.1529613141447272
0.01002266484113547 0.1579949395470982
0.03872470746764541 0.1316977969060983
0.04365109568900652 0.1254127879268401
0.03230754682312093 0.1690979571283883
0.06668803861098532 0.1445459257936629
0
0
0
-0.09380927012696981 0.3304539655159089
0.007235270627270929 0.3565818430954731
0.08452492319062267 0.3752878453694301
-0.02612552247495834 0.3209410079003526
0.03625060759280477 0.3438075953219534
-0.009419346239561021 0.3057104133057279
-0.02740366206413013 0.257741388132879
-0.01020687208284444 0.2546808514933087
-0.007374891822719168 0.2373706556764562
-0.01879334605110379 0.2111654374528227
-0.0065250435274239 0.1834663258348627
0.005364979437843563 0.140195519998339
0.01802088014573586 0.1467929452225864
0.004654953453752348 0.1525590990228912
0.03644407512048716 0.1418174283073945
0.02056305420701132 0.1558907274619643
0.04322852586978506 0.1560891621082904
0.05577740473887012 0.1490631381929211
0
0
-0.05136358707981679 0.3802581606068881
0.06366283377532625 0.4079788690910738
0.00951287354947185 0.3770795821833617
0.005621491039377438 0.3738252090399337
0.05304931595961074 0.3697032700876388
-0.04324229303630998 0.2946773213624757
0.001620835693522915 0.3155028356880398
0.0006569549825893793 0.2786313479753214
-0.03543442351042149 0.2133834908459052
-0.03102566528810696 0.1829654582420971
-0.01785959554233079 0.1724473587388356
-0.01935697772599559 0.150503240690076
0.00732399287410935 0.1366340818084598
-0.002230588737583678 0.1492460882599207
0.01077848094250162 0.1518018981047075
0.02966962298996276 0.1508599232801774
-0.007772463420854515 0.1629850244064881
0.0410688587689708 0.1614021092336488
0
0
-0.0104285242348817 0.4341189694519593
0.0916737989835605 0.4454333380702838
-0.02152360557132951 0.4103216793525157
0.03477237800627498 0.4135237249206502
-0.01786153146609672 0.3574443451739986
-0.01715064802976806 0.3496487511441082
0.02276270169157998 0.3230542805504395
-0.05468094651420512 0.2407546440024068
-0.01681260915329619 0.2437263624430697
-0.02181999074793888 0.1889371631167775
-0.009503896713026823 0.1501688935109098
-0.03136372970051909 0.155862712512901
-0.002553950655240663 0.1484939723135174
-0.002831425771462707 0.151740992262692
-0.02256867673857058 0.1325657778413601
0.01576182623223722 0.1463941339525916
0.002051526832743645 0.172201042562812
0.0272598826106544 0.16520836693032
0
0
0.01933107467281307 0.4781678277356703
0.1056767418648994 0.4790497650577731
-0.01708425489206676 0.4492847719244327
0.04656209258811692 0.440125335455092
-0.03689344231185117 0.4052969050564872
-0.003780583078735482 0.3723233227862044
-0.0507779235909679 0.3209152565437773
-0.05325520778948221 0.2871775707544891
0.0385602467955511 0.2768934760325416
-0.06951417746424204 0.177798229004337
0.01004759551838975 0.1461463997052914
-0.03273490146259205 0.1567931569153342
-0.0255512499835641 0.1218567973255613
-0.01854887531060288 0.1446759748237011
-0.03183302770279136 0.1354780671678529
-0.002171658154870355 0.1474841423808438
-0.01365262075074136 0.159994435224398
0.004782282122800212 0.1620168107675461
0
0
0.03913638853353799 0.5186961256533281
0.109949147273508 0.5078722712880384
0.001959677526236926 0.4882550736749048
0.04747568422068708 0.4762706520230124
-0.03542385067096768 0.4417776139048653
-0.01721632691085484 0.3839115020578918
-0.0216558062289741 0.3309911281449444
-0.04346846465759051 0.3003690855701311
-0.03481619258201343 0.1740813618737009
-0.06044712614973678 0.180212709378332
0.006325241495157935 0.158475188879082
-0.04966490248111127 0.1499378408653289
-0.02713963676305188 0.131099992812246
-0.03013194339169641 0.1370249573842781
-0.03542185988937825 0.130869282634933
-0.01601313557926635 0.1463471675990478
-0.04131302454846993 0.1403822166458405
-0.003935133308433088 0.1635702373300532
0
0
0.05994150370215586 0.5566043607676201
0.1060571935683551 0.5420941478875917
0.01083010038340292 0.5311370254253993
0.02996835349761296 0.4962752652033667
-0.01160108209319185 0.4661044488798344
-0.04102304972746789 0.4178967245096667
-0.01475319810608538 0.3385673166682796
-0.05995848625898462 0.3131503519682585
-0.0521433048908063 0.2918097963486224
-0.01833865852008267 0.2945339458070878
-0.07404275421145781 0.1466832025168243
-0.06820304315002056 0.1293008652072468
-0.02828138891117156 0.1493696172712252
-0.04875030468643964 0.1249399670166535
-0.0455749922562169 0.1305607752533154
-0.02994958391267408 0.1346589712294357
-0.06274273182971075 0.1341274431617004
-0.02473076440486205 0.1582634974953398
0
0
0.08869929935367915 0.5843597319273183
0.1002537850407999 0.5820085428543755
0.0553515570841745 0.5597067026969952
0.01682776884960119 0.5324831240926807
0.01679492138331362 0.4665848939200574
-0.03454449082678612 0.437712828608498
-0.04668837879215641 0.3715272191809603
-0.05208214826586813 0.269421237975523
-0.06452876097687144 0.1858320777133237
-0.06719678156535916 0.1525105161656415
-0.06675560684307211 0.1372920485004801
-0.02959713511546481 0.1219123061700012
-0.04927767052839108 0.1260458113665777
-0.06510595614792355 0.1003143264434905
-0.04387666661874711 0.1263092498644327
-0.05015641907497293 0.1204509717544209
-0.07136620822020386 0.1129131511072567
-0.03812021503946265 0.1416579314126122
0
0
0.1461097236475641 0.5782538010646894
0.09867936925844029 0.6127233847040616
0.1043327841204166 0.5728929491862511
0.03221142022913279 0.559345428855702
-0.001328834781315552 0.5028174984620229
-0.01061209729598859 0.4303539230217905
-0.03027413138488625 0.3697857871641037
-0.04962295669415106 0.3422084352148954
-0.06843824908252194 0.3180402541204823
-0.0551767641137614 0.2741694911498808
-0.02064764668037191 0.1880444355738918
-0.06837461695407085 0.1006212157795877
-0.05477162250103636 0.09804040595560776
-0.04748834476276122 0.09114758920844258
-0.05461550468109207 0.1109153924214392
-0.05088919212910381 0.106380188659279
-0.0562091432376125 0.1247382857832369
-0.04293884794988875 0.1314366854736087
0
0
0
0.1522740180788982 0.6008329554305423
0.08947091453469623 0.6117041863430879
0.07546443454274887 0.5363491405307902
0.01760371871423828 0.5085511926943503
-0.03424440923149601 0.4579729219686128
-0.01958515132790517 0.3223707152254626
-0.01238527078890535 0.2251242582743932
-0.01562700831620837 0.1641717741730918
-0.0326592346839905 0.1170531874493077
-0.04487522191893244 0.09033498900601088
-0.05763399380555969 0.0846855839986746
-0.04251932401663584 0.1152299884669917
-0.05742433267712967 0.0938540248862646
-0.06311299339315181 0.08734068890627551
-0.05288817554383184 0.09082725867289787
-0.06197432056141811 0.1149963586672714
0
0
0
0
0.2564472625756184 0.511360705487521
0.1492475233466732 0.5869646196192561
0.05463548522533588 0.5898064285032484
0.0675377977084563 0.4502848449530475
0.04430626301808814 0.398169395106249
-0.01401362000190238 0.4084066229628344
-0.05977543531344021 0.3768743354833596
-0.03463955131771649 0.2813338436272333
-0.03570437287870793 0.2103437957528413
-0.02206906933757088 0.1828372853797799
-0.02062211965682261 0.1175781862709152
-0.04340731396232868 0.06253861951964047
-0.05299981942436432 0.06338054819218097
-0.03434402134082008 0.0779233193655535
-0.0645895993185136 0.09579876349588756
-0.06579948684274066 0.1087386206208541
0
0
0
0
0
0.2587621149251992 0.4480732943806532
0.1550959900688211 0.5116792823778034
0.01797400815557906 0.5573488488374501
0.02048903423760014 0.3735827802251582
0.08164917695034027 0.2348376015521556
0.06018029039914142 0.1780951861779853
0.04337660565803077 0.1334165060444905
0.02043046610827559 0.09284683818278566
-0.003603375042887363 0.06602224153372181
-0.02454163072321617 0.04273707776853865
-0.02744090949492951 0.04814141743731547
-0.02619866523936558 0.07641064131340625
-0.06068704523411431 0.07284574665102266
-0.06456764357663794 0.07918924088557365
0
0
0
0
0
0
0
0.2592437464869032 0.311235591976625
0.1726177678898861 0.3495518091372199
0.08777747471857215 0.41584473558369
-0.0260339298550318 0.4625446066907389
0.02064135448699897 0.3387946703019971
0.04257597072614721 0.2208888078289305
0.03007782438370074 0.1494372313488236
-0.003349127750912772 0.1375516955198486
0.00487833924643007 0.1619738582340302
-0.01961120278598004 0.06621326748596104
-0.04550497975246504 0.05096799502545352
-0.05196157180146962 0.05153918757585378
0
0
0
0
0
0
0
0
0
0
0.1919691601639881 0.1605957539280326
0.1428754317671322 0.1626245305659809
0.1098765857896623 0.1227618561615504
0.07813584237626039 0.08936911634462945
0.04999027719573082 0.0580127557653224
0.02665106148759725 0.03591102694944467
0.002208380805261243 0.0311941661433906
-0.01829321517757792 0.03310944318146358
0
0
0
0
0
0
0
0
0
0
0
0
0
0
0
0
0
0
0
0
0
0
0
0
0
0
