./RotationSim r 48
0
0
0
0
0
0
0
0
0
0
0
0
0
0
0
0
0
0
0
0
0
0
0
0
0
0
0.0319172092560898 0.1556814115510761
0.0884228351499301 0.3460883713737089
0.1170185587993988 0.388358414407652
0.1312115936269191 0.3671624915474569
0.1358921670639528 0.3303025911097091
0.1434648266617765 0.2938916326318408
0.1500536178673756 0.2584747127043492
0.1592866685686856 0.2097825313975444
0
0
0
0
0
0
0
0
0
0
-0.07033408660945083 0.1834789719316531
0.04831491249258276 0.3985475735093397
0.1190502932093718 0.4961767026259968
0.1456273804510932 0.5001352427571318
0.1698069424085241 0.4963046011537005
0.1574586531307003 0.4537056408000264
0.1536826315400273 0.4018490066511334
0.1519599918255761 0.3735184203161477
0.1431181838365713 0.369848185671081
0.1560064015524078 0.2713394791317417
0.161557933915587 0.2355412726202964
0.167863072889211 0.2117283511849528
0
0
0
0
0
0
0
-0.1641257216255579 0.2497100910082813
0.03837743247710323 0.4830283231169591
0.1385208814366904 0.5820389440122907
0.1855639357352423 0.6029447749511269
0.1474996248537419 0.5215652408150865
0.09366865336550177 0.4126376204622184
0.09384399426642613 0.3791404014720355
0.09858057059657277 0.3423340226503341
0.1088491055618249 0.2941194989071105
0.1243864076816116 0.2549816610787916
0.1490176762550925 0.2737990708897668
0.1285638475071609 0.3091777780177082
0.1592257637561753 0.2443791700008345
0.1613328395227796 0.2355713697810908
0
0
0
0
0
-0.1289675028834884 0.3518953250318506
-0.03153634774833882 0.5018486595198169
0.1192535657057723 0.6309677878097923
0.1919578996722328 0.659014446918939
0.08499972874104884 0.5401554201328598
0.09357264641854804 0.5150917125513446
0.1136923313337556 0.5054208801952002
0.1168573157887215 0.4778270820764903
0.1167134834608436 0.4451700889361728
0.1122981862291446 0.3818896506388599
0.1149508940578406 0.2933680601036234
0.1258250267407405 0.2605861109660559
0.1321950542174328 0.2435136411923261
0.1023395424935435 0.2707741653221452
0.1439394320488755 0.2521632008252017
0.1385207468542804 0.2449022440188526
0
0
0
0
-0.1172377565569832 0.5026573243390146
0.03810485441648525 0.6400030960068213
0.1671987234534429 0.706530143682656
0.1107096764441951 0.6275015543034235
0.1000216481688238 0.5919137498837703
0.147928169114521 0.6089690486714883
0.1280032592817404 0.5308412347870137
0.04702386547708939 0.3929279934832156
0.04941215479355007 0.3332847675766455
0.07442205874199403 0.311364143240393
0.08944490507733968 0.3314771155133502
0.09613540072093052 0.3157142719360905
0.1233762456869158 0.2577018554770136
0.1108495227245785 0.256489934036772
0.07341020643447453 0.2637149382962726
0.1174465035560606 0.2539420223893495
0
0
0
-0.1669333559261793 0.4408500816463609
-0.08425353647978116 0.6395275994658914
0.07557940204088905 0.7270195690815591
0.1832140750635513 0.7437915565610198
0.05024099833011882 0.630854436936482
0.145911004587904 0.6601655295072762
0.1237794072837095 0.5875359547132064
0.04095118503640359 0.4956903227250935
0.05397634969401333 0.4659647185293603
0.04636957233177554 0.3954430417928154
0.05303002692008171 0.3123225370495614
0.07336710385332984 0.2667796413148559
0.06362900094853542 0.2883810750465141
0.07215730991200084 0.2886450018261691
0.10312006340557 0.2682554042699931
0.05272269587458934 0.2730719068715019
0.0979703549981147 0.2604588369757764
0.08903158207748957 0.2530150444776391
0
0
-0.1842299262801899 0.6121241667667572
-0.05111302680954933 0.7395082037926266
0.09406922649717109 0.7944838997403182
0.1108652069212124 0.7485280806892661
0.05587093388261836 0.6776775594049951
0.170896850697411 0.7128730109422908
0.03487439814667282 0.5950402474164203
0.09457512125192609 0.569710698633218
0.08497195534339043 0.5032586258284576
0.03128685356817741 0.3970142158402085
0.006411439283402942 0.3965427571028461
0.04965764241825311 0.3378402890764293
0.0667931868617493 0.2689105018385118
0.01689655092178154 0.2727315575299744
0.08921234872903784 0.277302626210161
0.06626826903538612 0.2736847752821038
0.006791393821977113 0.2541348477148881
0.06589375330020097 0.2553998355204815
0
0
-0.2262661520534157 0.7351183627783086
-0.03243684076494262 0.8296376908537811
0.0978115022426468 0.857805312892041
0.01360943380347095 0.7621779398845216
0.05654284721452568 0.7362944239968673
0.1244973509496076 0.7385879045660203
0.02623543646025 0.6034214193688098
0.1192237349907792 0.578008410983525
-0.01964249675461201 0.4741693877688819
-0.01622621286614084 0.3463175545883589
0.01510564292068799 0.3064991827368469
-0.03273264382465473 0.3177245494501964
0.0505509339646795 0.300122187591584
0.02367002172141228 0.2881077295179273
0.01250367904870911 0.2307733318759786
0.04197744811869755 0.2793181276282323
-0.01783831826711153 0.2464197020221221
0.03656735392355218 0.2518681675275861
0
0
-0.2111585290837794 0.8457317409003529
-0.02732937807087445 0.9049202067258766
0.1133037682889949 0.9234143326350825
-0.01902571823165018 0.8237294457418955
0.04685650284473761 0.782865634604851
0.07342536464151866 0.7514084538412731
-0.02552886831959188 0.6242407546297712
0.1150261756290062 0.6492992688833531
0.05278851360374356 0.5567339713458107
-0.03480679829415052 0.4655373111012351
0.02043940704228613 0.3129661164241813
-0.04399217003989848 0.2961597229918744
-0.01884679676054581 0.2554362662545638
-0.007272069302171029 0.2996202546504245
-0.03962979908661452 0.2309410730445266
0.0113773518609047 0.2770075834260119
-0.03307094915658882 0.2298182436167411
0.01303758377787284 0.2441735753790907
0
0
-0.1749688319690468 0.9374057784967316
-0.03238846272998339 0.9778029886830738
0.1003515758353235 0.9760610654767324
-0.01585858053127487 0.8949553142989598
0.02133387203715617 0.8259057303052723
0.03805965956838894 0.7635365159656059
-0.03092309058511639 0.6945822170400334
0.02227877107720663 0.5733300422601412
-0.07090591721956836 0.4339837161705291
-0.07061110924594996 0.3562046194680159
-0.1195961323880901 0.4118576065925782
-0.08467202965877031 0.3282439676790549
-0.01845627097752244 0.2293480066406921
-0.04797808278441582 0.2878939519827847
-0.04862872281743634 0.2307275820533445
-0.02172542958975696 0.2679746149339638
-0.04930165558210737 0.2099106758038178
-0.008552638590064266 0.2338114120221713
0
0
-0.1279384252405548 1.010980133657104
-0.04176031951716276 1.050222169603286
0.08059390222545318 1.03810394905098
0.005849609198163791 0.9561643167804226
0.00290090287717134 0.8835778279107295
0.02419558259943406 0.7884702610928297
-0.0238521008514935 0.7209268189487409
-0.04055255885745355 0.6078961322269325
-0.1003030461358568 0.6071410005068604
-0.02950596506446777 0.4561820852138893
-0.1278362905086874 0.316731306337293
-0.08844995912552207 0.2610296714833217
-0.06421482930616348 0.295877774054094
-0.08946185392162839 0.2608869513332642
-0.02193144655429401 0.2221347719144421
-0.05037011123676154 0.2543401712473094
-0.05415313504685683 0.1980918542187796
-0.02732735958763532 0.2231729002582385
0
0
-0.05369744279553251 1.018207993520055
-0.04941924418928534 1.130408061242754
0.05307263674024587 1.100229837784598
0.05709834784039664 1.024358057769065
0.005587180804511262 0.9512161445070134
-0.01323604817708106 0.805778830954094
-0.06268931872871696 0.7389171657932765
-0.03390051382593707 0.5746717389006115
-0.1013019856944475 0.4866872110886657
-0.07055976007604343 0.4672148531621343
-0.08072240674595213 0.3470416626455805
-0.01853682866437593 0.3451831962906632
-0.109035872940965 0.2583216394749085
-0.09235415978170507 0.2143826051371676
-0.05798646774419653 0.2653931068031135
-0.07806128449263036 0.2206280842321144
-0.05020888321491207 0.193081180348513
-0.04884711269044841 0.2067784872836097
0
0
0.1254949269988067 0.8537173946289178
-0.05608924909931081 1.211844221515945
0.03491307010467879 1.155847081111683
0.08615528524814535 1.091037848774624
-0.005292370533198987 1.000679201904973
-0.0132010518141679 0.861233910319718
-0.05320830829983311 0.76973500063065
-0.05421440703110895 0.6958169241868771
-0.08075381948598892 0.5545193019386147
-0.09230418362104312 0.5360010050969216
-0.0735459274134353 0.3671055084093147
-0.1040155684873798 0.2453036668925984
-0.1084003133263034 0.2171295720223504
-0.01697812112163648 0.278645245052726
-0.09090939224882445 0.2205304551273771
-0.07129595492544347 0.1545642442323864
-0.0610187235615032 0.1910259300270493
-0.06365596415638136 0.188069369996183
0
0
0
0.003276020490762729 1.142694146646847
0.01190738282046564 1.228099971673691
0.06419299566355784 1.137826502617158
0.01301965443030515 1.024732697812563
-0.005301853237837286 0.9189821055747652
-0.05405102197300733 0.7398876763727579
-0.06665580960280551 0.5935735968115983
-0.05102191407824538 0.4334473057601004
-0.05577648918777812 0.2930590767299327
-0.0826621873829548 0.255932944513198
-0.07676039910323404 0.2713094823756828
-0.02995867475729672 0.311107386218081
-0.09417344100784719 0.2094677692137635
-0.096360029681809 0.1685662107013308
-0.02383775642574822 0.2131213334816694
-0.07847884685219089 0.1707811389756968
0
0
0
0
0.2076377224192581 0.768628249778432
0.05140657820168248 1.184836502710345
0.03571428122436312 1.200992668186488
0.02667187588378589 1.052829119106204
0.01391714318867966 0.8761633174620184
-0.004766443230259158 0.7930367089584749
-0.07330840889311951 0.7004193761932476
-0.07242835373718079 0.6354086358934733
-0.06436336431040018 0.5745448144892535
-0.03667377248658062 0.470516290446966
-0.06075873521575532 0.2493382273541958
-0.08864741886706011 0.1784667911417094
-0.08742151683809908 0.1545032021128779
-0.02299512456834475 0.1947049553835007
-0.0769505160012789 0.1628447895640167
-0.08463512241213435 0.1552707899236858
0
0
0
0
0
0.2602463108848952 0.714018431163595
0.1202604548679726 1.086565523327579
0.0158106525461436 1.142976522024612
-0.02472745191320716 0.9344183980877755
-0.004895483662362978 0.6435888562137171
0.03787241268653194 0.4444589718063653
0.02116999645208321 0.3607234146943499
-0.01225100732390765 0.2677831520497794
-0.04005914290533819 0.1797112282039527
-0.06537253258019468 0.1425930133297663
-0.04626118050736844 0.1887429318347076
-0.01295091886721416 0.2863791831625232
-0.07843437738321125 0.137747796153921
-0.09122090851743693 0.1268462343100944
0
0
0
0
0
0
0
0.3225878973315154 0.5020829424479231
0.2090219803339488 0.7903721257085495
0.07673354833017396 0.9371184249107262
-0.02507104360930507 0.9052026767069304
-0.09213022372061679 0.7331896008894372
-0.09268403305782624 0.5898460922869484
-0.06126820071387887 0.5020980451297525
-0.03360217312486357 0.448535103143337
0.001380073089388578 0.3855590179970155
-0.04557270624409943 0.1610253758512424
-0.07293273567522632 0.1071009714471351
-0.08801283350589256 0.1022507763784798
0
0
0
0
0
0
0
0
0
0
0.2519048656856819 0.3759963025760268
0.1763672461287203 0.4346280015853333
0.1088185896780052 0.3590461722581951
0.06434693276142298 0.2601091028668575
0.02727353810667572 0.1772040289595254
-0.003017339982807085 0.127657539470934
-0.03201919116612244 0.09011830301881836
-0.06179771615936019 0.07347768766231952
0
0
0
0
0
0
0
0
0
0
0
0
0
0
0
0
0
0
0
0
0
0
0
0
0
0
