./RotationSim r 34
0
0
0
0
0
0
0
0
0
0
0
0
0
0
0
0
0
0
0
0
0
0
0
0
0
0
0.1173023413172239 -0.03314520930569106
0.1761148624366302 0.01925391796576635
0.2186552511148048 0.05768200867197758
0.2480625421585941 0.09157597688594989
0.2788832853761565 0.1139851423742235
0.3003048567471702 0.1415749327372418
0.3160506214877005 0.1457148734786361
0.3460983799167999 0.1293179911454924
0
0
0
0
0
0
0
0
0
0
0.02811019061821679 0.003789636581623017
0.0814965300143372 0.03261525231748459
0.1516419520227484 0.1013325957110283
0.2120523804738613 0.188809956584945
0.2409841900524869 0.2470388224283732
0.2443134947237167 0.2802939459308768
0.2505267678554497 0.3014637029479154
0.253657652300406 0.3053448264562277
0.2743983404796632 0.298064622638936
0.3036429498634373 0.2725477200078653
0.3286821825270874 0.2552270446259767
0.3612254551200051 0.2441123921659663
0
0
0
0
0
0
0
-0.01333553074404838 0.04825370061506919
0.04666549170443693 0.09541225915428227
0.1389187240827024 0.1816169206843015
0.2131001090262211 0.2653950801883614
0.2274854930139321 0.2879525332874813
0.2005998362397207 0.2571687883957277
0.1949039923813943 0.2413074013132941
0.208180607558101 0.2454028604661137
0.213750336772338 0.2632908185965467
0.2255617258528458 0.3094365938232205
0.2205241673967545 0.3829059711133758
0.2442657689928358 0.3677948816157364
0.2929644354030416 0.3309742451644598
0.3289920662288125 0.3176711933664829
0
0
0
0
0
-0.05646111078301685 0.1000273926159669
0.005712664710016208 0.1481121996963918
0.1181385403594121 0.2222557986348268
0.2001431881306582 0.293259908088996
0.1759962683870057 0.2613958209642758
0.1579192986607696 0.254740623616228
0.1699202051593063 0.2829231438259954
0.1817925728967598 0.3172505465717024
0.1834463743551693 0.3266020761932664
0.192905503438927 0.3336279478213671
0.212743393632169 0.3028835477580518
0.2149850234832749 0.3046669706404574
0.1884972844101591 0.3852177280140499
0.1838588713889268 0.4096451721932196
0.2489580758322907 0.3852562880285131
0.307814759450626 0.350173173795736
0
0
0
0
-0.04054457316521205 0.1825511230844797
0.071808336963763 0.25813081485334
0.1862048668021223 0.3170321965219326
0.1512933760048009 0.3127842683944065
0.1294546229979384 0.3180072587803317
0.1631023434236411 0.3498252538834422
0.182300091907898 0.3943263758811372
0.1730481029954603 0.4031468488872028
0.1414754239611038 0.3954971378550917
0.1350982614971938 0.4057113853037161
0.1449188622389971 0.4133094601793825
0.1606496142750138 0.3828773910419377
0.1853847641166821 0.3583909743621532
0.1492243805743924 0.398667632378448
0.1560032685544424 0.4405820072182613
0.225421448520419 0.4188360192338633
0
0
0
-0.08358317185138088 0.2206231141805218
0.002502670770313469 0.2725974150510856
0.1383486848633724 0.3346862214422618
0.1576527075165623 0.3537328009095132
0.130360149821736 0.3699956355268377
0.1682093535299543 0.4002363848850057
0.1731204428808857 0.421590590992574
0.1582266829872924 0.4234705721061573
0.1442568848827552 0.4067771585655585
0.1300129990444589 0.3967546524007283
0.1325458410471855 0.3849306511731178
0.1188326239023621 0.4026612791755973
0.08032524752256864 0.4221876490212585
0.1224229628032394 0.4221346470433014
0.1544496627443511 0.3915403459671794
0.09020141845261549 0.4600683172201289
0.1354933209841012 0.4628534452170499
0.2073439934354345 0.4379912798749346
0
0
-0.04875857039084972 0.2980606559174218
0.06484586351789645 0.3654530748986728
0.1696980845681175 0.3813964640628081
0.1511591901509726 0.408462115956041
0.1508147897424968 0.4415300200157773
0.1739071373140332 0.4608653743476883
0.1624487588070831 0.4654811037437712
0.1401831021022993 0.4708681874729884
0.1288546244936822 0.4724421829737542
0.1125146082373372 0.4746756322139912
0.08389223392243396 0.4537501413529416
0.09232540694907876 0.4202854413944068
0.07901250766651066 0.42161727923048
0.0429010715727321 0.4573734159137641
0.08466599991377531 0.4462634067801597
0.09156891527110664 0.4199089208421529
0.06290029612725467 0.4695477202424179
0.1346063094749183 0.4719427965293021
0
0
-0.01625409533510307 0.3712744200309496
0.1130637704217482 0.4190189518439757
0.1872968549122744 0.4324550138652483
0.155588586561498 0.4710440865213429
0.1718936895311264 0.499027111068486
0.1737010089582075 0.5003804136226152
0.1470896679427673 0.5246174361226958
0.1188187134122181 0.5306115621755654
0.1053301013424833 0.5198076709673839
0.07402666919024876 0.5044233400297086
0.04775029704166157 0.4883422894371238
0.03703459035573334 0.4744769296617785
0.0379325411254326 0.440298295706308
0.003807728590810898 0.4319655267447043
0.0207204905747904 0.4735348500236742
0.05154759750124147 0.4311446531402579
0.009911500836701424 0.4881587225180592
0.07822707125041466 0.4871862866395425
0
0
0.02355997521330062 0.4369189504141875
0.1425243844450814 0.4692113727718359
0.1972642906323125 0.4907461471145391
0.170786766307027 0.5306429315059884
0.1965039285031591 0.5497335916934128
0.1678384391355471 0.5507412443222844
0.1348164529451047 0.5553432335373996
0.1150519532434866 0.5728934080633715
0.06665621354755046 0.5574852152353711
0.05392961345895729 0.5316334850459422
0.002678284406752504 0.5092366200647868
-0.01033606464697977 0.4952990637244324
-0.02883796006325589 0.4835360320350492
-0.006748543571089825 0.4370620390574616
-0.04141809694624483 0.4531017885259941
0.004554673241939654 0.442426625870537
-0.023664113939324 0.4786116196858465
0.01956402686711701 0.4880778976565679
0
0
0.059251216032182 0.4866701967136453
0.1641813411061029 0.5170583991214072
0.21091122779389 0.5355428802178182
0.1986513481631337 0.5846004900062218
0.2099467984089936 0.5948665228511936
0.1839943208285306 0.6083149426124967
0.1441641864602261 0.6212519939935064
0.1089338031768069 0.6121344471386376
0.06705716650254491 0.6232841522388669
0.01581257663452595 0.5903185455689409
-0.02746819835895163 0.5357186498618723
-0.02664891810631882 0.4986872847931144
-0.07990543588946518 0.4888135453535906
-0.04387643872642793 0.449170046073044
-0.08255386340242414 0.4297226051007392
-0.05147760568642608 0.444909002014991
-0.05967955948009393 0.4491599315938886
-0.02990392080286277 0.4855610696943007
0
0
0.09920009230883163 0.5364219181063755
0.1862545729135849 0.5561787501507699
0.2453659028918661 0.5798051662793916
0.2292326858254663 0.6174975081548651
0.216806984925534 0.645914344532817
0.1923352045889912 0.6566378449070456
0.1401867240277249 0.6619399674234666
0.105641335237182 0.6537012552722677
0.06443585873615947 0.6355792417718343
-0.006939318409523886 0.5779117764741334
-0.04441618047326172 0.5668256402373421
-0.04371722275568575 0.5290616727163896
-0.116878124522665 0.4803347889792708
-0.09133353290432866 0.4307513472011743
-0.1079749746990214 0.453493701398835
-0.08485402658124498 0.4265697232284579
-0.1074875203603775 0.4372683083447916
-0.08163691731245143 0.4700457769508339
0
0
0.1466253953857992 0.5730039446270973
0.2037779343460099 0.5974234723136472
0.2707251025653135 0.6144301824336075
0.2562264573942959 0.6474596086321827
0.2453821155228539 0.6860356888392426
0.2072001655814348 0.6999289632811829
0.1704686806472129 0.6984064549164659
0.1013985229029472 0.6969855279790627
0.01343902810700272 0.6688875630892492
-0.01282044895350814 0.6368698005137352
-0.01811860279246268 0.622888031282102
-0.1254110390809525 0.5185736597056052
-0.1429530482536572 0.4675479712186184
-0.1043998070085671 0.4716012269936702
-0.1626521897792795 0.4100875016011057
-0.1112177299599969 0.4025319208753318
-0.1488633182216778 0.4284764314924853
-0.1169732090003439 0.4467293329810662
0
0
0.2063525448374567 0.5972186537519133
0.2376356499788751 0.6203097319763795
0.2808041806728483 0.6478108729089285
0.2893227380007009 0.6741789547308069
0.2812352040373862 0.7068894320272768
0.2352188195429643 0.7331372718461409
0.1928541150505793 0.7344925662311436
0.1207543524489803 0.7078278373479722
0.03974128470166141 0.6837505697087719
-0.004575409701287858 0.6479830798213385
-0.09589002289640404 0.5415977206503328
-0.1574308519853103 0.4778180733486212
-0.09941147140338034 0.5089819431928928
-0.1561003640227927 0.4233875189980003
-0.1839021533411378 0.3629198636856637
-0.107417459707108 0.3892587154685067
-0.20078820269754 0.3983368143625594
-0.117569919068876 0.4386359847266308
0
0
0
0.3121019242030242 0.6178614860046333
0.3140330012053322 0.6674558673888186
0.3137290793790845 0.6918993440604687
0.3059763696613933 0.7142001031256101
0.2715246594256577 0.7405237374830627
0.2074398572817452 0.7413569625561691
0.104272262685061 0.7307612238873169
0.04610059109477977 0.683161222831096
-0.03926531413783623 0.636166243706992
-0.0869473360105662 0.6212309083171768
-0.07821838154670289 0.5849001018396528
-0.1556191099684694 0.4571750033481539
-0.2074380586733952 0.3574978903910735
-0.1134045741218205 0.3742239271083702
-0.1900554944306064 0.3871551502196591
-0.2081282478764496 0.3865550872835913
0
0
0
0
0.3742727499983837 0.6069655912619698
0.4042789381133904 0.6288352590391153
0.3612043967070867 0.6932947084641963
0.341108410339402 0.7177706606379658
0.2956805440200266 0.6987070794807714
0.2502982748366159 0.7217262102715606
0.1648318211036442 0.7250277640716237
0.05881214118950256 0.7093678530440785
0.008950626290403453 0.6561029925918666
-0.0753269487698366 0.5520149912373127
-0.1339535646480835 0.4070942766647564
-0.1856317326393943 0.3394948616770636
-0.1261094023618545 0.3968667225493043
-0.1457280631550026 0.3949985964173717
-0.2408343082061692 0.3147852763529698
-0.1740031586171546 0.3875687512138691
0
0
0
0
0
0.4904069446128954 0.5844012341744607
0.4745878639255191 0.6067458820565637
0.4068134868660139 0.690140189626134
0.3380048688491341 0.731637223728693
0.2703205318750101 0.7145142866893773
0.1927490625807874 0.6367624051873028
0.08816430064732923 0.5470406785446128
-0.004013597251545292 0.4572012277097613
-0.09334009987154521 0.3978513029941169
-0.1152593232615515 0.432141313696328
-0.1005218530855617 0.4726864757141884
-0.1646544114942872 0.3516781432818473
-0.2494932915479428 0.2569700623345399
-0.2150247046393817 0.3124662648816735
0
0
0
0
0
0
0
0.5587752547055617 0.5245344582030866
0.5333623551089413 0.5032580576687725
0.4778899806675911 0.538690382267478
0.3466938076120468 0.6273715125095172
0.229447508964458 0.6697380303781438
0.1420240941571926 0.6670335249257919
0.04847131614889343 0.6435267962046585
-0.01902252438116771 0.5837107367669356
-0.09727057966042309 0.4284788539974934
-0.182965188581924 0.2375478916612682
-0.2212960946203208 0.2153905873607192
-0.2032971998490124 0.2901070193167092
0
0
0
0
0
0
0
0
0
0
0.5328812317218381 0.3314977887874495
0.4693690794232457 0.3000348579393627
0.3586060709382266 0.2656817666568458
0.225539397818309 0.2388034062390253
0.0922264153356126 0.1882072921458764
-0.03613099859678975 0.1554151088972558
-0.1290642518642328 0.1459248208312481
-0.1571297640764143 0.1903758704142768
0
0
0
0
0
0
0
0
0
0
0
0
0
0
0
0
0
0
0
0
0
0
0
0
0
0
