./RotationSim r 30
0
0
0
0
0
0
0
0
0
0
0
0
0
0
0
0
0
0
0
0
0
0
0
0
0
0
0.8193500845003403 -0.1321826469497682
1.125327513612801 0.02369874951450419
1.252660817761273 0.1674725293420529
1.312687319901847 0.3085112086367066
1.35597075994378 0.4229553694026894
1.378836405489726 0.5148732958943905
1.379162825992424 0.581594391396941
1.328614390450526 0.6049235929521227
0
0
0
0
0
0
0
0
0
0
0.4559541446935673 -0.2917968162969194
0.7782376684293689 -0.01897851211487105
1.070295300911705 0.1429323105126442
1.233462634248065 0.3295396338590583
1.317698004376345 0.4994109709616629
1.354925183083937 0.6468266321756032
1.370055295926863 0.7824514339022218
1.319811765114004 0.8659303731389402
1.305206621895178 0.9033937600875215
1.308366034469448 0.8997871089456588
1.253213675011364 0.9079016649372703
1.183364473555353 0.8935920550020126
0
0
0
0
0
0
0
0.3678521143040611 -0.0539413915399277
0.5968397528066468 0.03072152912568173
0.9717795042650331 0.2407354847269927
1.181605802628321 0.4199130957182692
1.307230210480285 0.5865132809764341
1.350180029227749 0.7150291657950725
1.367453727362334 0.7909574202544308
1.340743017438317 0.7951621417811995
1.322778647618297 0.8484725619716368
1.251961902173561 0.9735757211035427
1.136401198533829 1.141081286291304
1.121444569056957 1.178421940291419
1.134698679174268 1.11864336565659
1.0601148148354 1.109052592483249
0
0
0
0
0
0.02470882094707034 0.06961001071051
0.3850587036060547 0.1206700991935677
0.7706121250642959 0.3247024581869571
1.078455986960149 0.4514290025281176
1.236172536455004 0.5956659877185554
1.328157022870224 0.6868985419198427
1.309899466545759 0.7234734823091319
1.273067788484454 0.7250823331571739
1.268879110124967 0.7990006300810583
1.256116316710164 0.8701371404282656
1.254071081006978 0.9516548528180405
1.227329915161757 1.027919686147826
1.079828033993919 1.157801734630268
0.949006529741376 1.319643501428993
0.9649054390741511 1.269822971242476
0.8950710662215929 1.234915528196088
0
0
0
0
0.0621081568479131 0.1895072486076409
0.5183053318670071 0.3360127611479106
0.8803362606156767 0.4973647783690435
1.090036199675643 0.5965643174025649
1.228751977967716 0.6897809054755586
1.238264762323541 0.7286773629866242
1.203699921442156 0.7960998237580905
1.182358482094812 0.8459591733181747
1.219545557101553 0.9467022150928691
1.134017146509339 1.066324713729481
1.088827483016978 1.160627614937563
1.079384449515935 1.229233494444974
1.075634260478014 1.270640082523801
0.9381354775145772 1.312176237385989
0.7804126131100414 1.426725785371575
0.7750540232105126 1.365492923595668
0
0
0
0.01990383256479174 0.3214649856530959
0.1718867009851647 0.3521596190480227
0.5618928480058188 0.5126685982217623
0.8690419451770258 0.6180775689769288
1.055216758225501 0.6908156487229045
1.161135028474517 0.7665275334581099
1.118468027583053 0.8150464993639963
1.093719800124166 0.8520007019030866
1.070203859625699 0.9078039222111152
1.061101568120364 0.9678983394141968
0.9949419647640934 1.016233730857191
0.9639113942981716 1.084644745837411
0.825707195202884 1.234867479359693
0.853942306202744 1.401142391330395
0.8557838928168244 1.464647189469682
0.674907096296864 1.395338255997637
0.6434359222061442 1.454304208886207
0.5891890853386722 1.400276072343021
0
0
-0.1621752586161086 0.4718673027162993
0.1642940833378236 0.5536142799115965
0.5151336027297513 0.6396931586924316
0.8080276557241408 0.7335911547140046
0.9747090771905321 0.7691196997494221
1.030481914697007 0.8430315112879309
0.9609608732735063 0.8642461263227095
0.9586711306330133 0.9372490638022558
0.9329297233275506 0.99668417745592
0.8673297931320477 1.036461322275108
0.7894421360667725 1.104281261438744
0.7742192887530543 1.170131675338612
0.7439887348281569 1.253334597141611
0.6049247871196624 1.363948706492029
0.6475410955651207 1.58994472002009
0.566972036669525 1.551217598356475
0.4911928341445962 1.499355883114015
0.4428107857743593 1.473910066711577
0
0
-0.1213567052657866 0.5042614628838037
0.07665232181289439 0.6902701383886606
0.4619510064441236 0.7786546146423119
0.686193650326223 0.857537335654897
0.8755455839782246 0.8967302317554717
0.8440024774914422 0.9386057991278217
0.8076648216090628 0.9735169876607919
0.8293303879687269 1.033128259296886
0.743525968961213 1.068836781955148
0.6917195762522133 1.097574384453186
0.6518414216046124 1.237828383509691
0.5195876649226492 1.265903958291823
0.5370160340690592 1.401608630247126
0.4364591747070274 1.411034594401223
0.4551606347984722 1.580331010883331
0.3924537503334699 1.662596483246331
0.3408826694048666 1.477151680721212
0.2717037588459277 1.505134352513215
0
0
-0.326519877755052 0.6906602508695542
0.0375845799081796 0.8694425513004216
0.3490685648984775 0.9164578809375153
0.5474335838337541 0.9785778342752072
0.6771998919832599 0.9850361540575996
0.6541520409890784 1.043853763483203
0.6509228078453307 1.071384460878653
0.6441775087099511 1.128489460064253
0.4698591683109565 1.110342652700484
0.5060208303744422 1.168585365775309
0.4210414958550572 1.28608749944465
0.2886382276110221 1.239790769324246
0.2702510713000951 1.449937057604262
0.2060066263543278 1.478587906260354
0.300672880260164 1.522095170156116
0.1505228043668825 1.705761072102927
0.2175179565185685 1.493254711468383
0.1277726005922171 1.511979368726588
0
0
-0.2045611254053315 0.8523393701437798
-0.09583837925905696 1.021899113665459
0.2161615240460701 1.050754760971849
0.336617780918659 1.102856547644438
0.4787553710992279 1.132606346045447
0.5204008898953939 1.202097867217707
0.4389530831216987 1.187650284597312
0.3953971282818213 1.225358016751744
0.2645251999414402 1.279818228792401
0.2577000623934498 1.286907322718602
0.0334143991857776 1.302620501130027
0.08695674311807089 1.333350579247187
0.005985420959366727 1.45079146551303
-0.04479298904991032 1.464789577542877
0.06557646816688292 1.580116582425213
-0.07720419348540757 1.690357377685799
0.07869970808094881 1.522202183277447
-0.05585073626696858 1.501929688323426
0
0
0.06246012269916237 0.9170712220581333
-0.1284343314695121 1.167029678506145
-0.06030730845976461 1.20890320969987
0.1432762518023634 1.266452159914397
0.287859538793168 1.261838693719171
0.2545420257456851 1.313178263240573
0.2354438161840765 1.322275244707951
0.1375379428926962 1.329946341663675
0.03519158193069329 1.357812285493797
-0.006215864711426666 1.335016576759459
-0.1900876405810546 1.378832515971807
-0.04546978513755606 1.527621743883447
-0.2561214260541208 1.425606160809826
-0.2304159409833552 1.439982900461978
-0.1793930235324643 1.63016712781986
-0.3053370238176108 1.634141858279719
-0.0309068230075927 1.493672167075338
-0.2129790498865528 1.469268986180241
0
0
-0.09984372954977641 1.047875234796811
-0.1463686308262646 1.191357930073451
-0.1876756954318491 1.36079972636813
-0.1193766258883548 1.430655282553865
0.03101014220182127 1.437381711441456
0.0383600728354996 1.473117305512301
-0.02190166554395208 1.460697978868257
-0.1107563484852136 1.450187500076731
-0.2250648882186613 1.439399225748631
-0.2659983629598876 1.451917668267225
-0.3230385823650349 1.456712191905195
-0.3715589083790079 1.429227832991429
-0.4737125956999347 1.369214598644118
-0.2926243125398735 1.488833303325032
-0.5032703545574051 1.588342388498086
-0.439610650637478 1.548771440073856
-0.2296006775171278 1.483949660166071
-0.3682035322732892 1.432728047637842
0
0
-0.02406513284050826 0.9573855213302077
0.00706063568740219 1.139305303987427
-0.3522168859582903 1.471504175501199
-0.2782679605961324 1.594531067076704
-0.2366746957611527 1.600229177108549
-0.3095520524880828 1.588456227617783
-0.3160842826790775 1.572770151930742
-0.3755277733537378 1.569009828269878
-0.4597332839681173 1.527799749413392
-0.5487844488675605 1.444429908866038
-0.5751651459624589 1.363978807864275
-0.6447426609214408 1.350156066403043
-0.5314794258728863 1.477865276634307
-0.6375895953631088 1.49022306630978
-0.709112305026365 1.46423105006027
-0.39142938913341 1.450261888554474
-0.5478987395163568 1.375041984157328
-0.483472334225807 1.375687002316528
0
0
0
0.1246282871442872 0.9129042687509108
-0.2740581613736459 1.441555276246568
-0.3921390231223323 1.672279402502288
-0.4059230303483977 1.697621015493862
-0.5547535474655084 1.686844824227264
-0.6259835275110349 1.64846091802952
-0.7203000868302293 1.616439716527395
-0.7830848752111104 1.511237335104254
-0.7573720178236268 1.540737779601575
-0.7765937723783748 1.506775604017732
-0.7907043247660552 1.475904823949558
-0.8181709387446272 1.368533874831843
-0.9021091099666119 1.29881430861531
-0.6817842425743094 1.366641327783399
-0.5609851705063217 1.398545081250737
-0.6773314366251781 1.277982745421721
0
0
0
0
0.1292837142151969 0.7962656483490154
0.1422711929681721 0.9660721100850871
-0.2701449878967367 1.479797795602506
-0.5083754083832028 1.664205432538299
-0.714154115953863 1.758445743990308
-0.8244562964588316 1.64494682547842
-0.9631141955753283 1.604984983275843
-1.01225913822245 1.445733403701896
-1.030141065546333 1.371080082199404
-1.04213113501049 1.272066291055662
-1.033366484931064 1.155650443930437
-1.052324717709592 1.16170850006363
-0.8336875700900983 1.285326608871963
-0.7012243905158975 1.327848195041537
-0.8343099184304122 1.16839066394737
-0.7301647526221129 1.224888535375587
0
0
0
0
0
0.2365681561151773 0.7955348341058897
0.1167711358392272 0.8995108919400775
-0.319827585066642 1.338967148265048
-0.7175565169783843 1.553568285488188
-0.8980019958347659 1.678602696439031
-1.135109840956764 1.510133265632448
-1.165047231702828 1.388269233749983
-1.161987378884183 1.263186325455156
-1.209762764688109 1.170373410431656
-1.080666041052062 1.234331015950272
-0.9197016367740353 1.251600068657926
-0.9216269104779408 1.099515030576621
-0.9704552554956264 1.011645935084605
-0.9050293489686014 1.059747626017429
0
0
0
0
0
0
0
0.1489733289061704 0.6397130703743115
0.05593848126837377 0.6474226161021002
-0.3397260862586343 0.7776728699344031
-0.7596930177488553 1.06897774168599
-1.029840538171532 1.229215714260145
-1.171495586202917 1.231469114136088
-1.174536141534918 1.186688124499998
-1.159739086579023 1.067342136118848
-1.133471497510068 0.9385902471795635
-1.126827836977245 0.7722948080459611
-1.091116061053566 0.8020961071069231
-0.9833679834940423 0.9351178811010095
0
0
0
0
0
0
0
0
0
0
-0.2217597659070905 0.2925115279572402
-0.5330696139848012 0.383596932884572
-0.7736916919542408 0.3994594196109045
-0.9323203314941103 0.4214762340220718
-1.024849971956975 0.4807989551946452
-1.120076865969369 0.4948520800845734
-1.131511610057953 0.5432797275411911
-1.074043560611606 0.6845821978541751
0
0
0
0
0
0
0
0
0
0
0
0
0
0
0
0
0
0
0
0
0
0
0
0
0
0
