./RotationSim r 28
0
0
0
0
0
0
0
0
0
0
0
0
0
0
0
0
0
0
0
0
0
0
0
0
0
0
0.5870829372974499 -0.1179769102095903
0.6772544362714474 0.02967745578760035
0.7295038407328919 0.1456879282250136
0.755363790562812 0.2298085793921774
0.7651119520522067 0.2871720279980658
0.7707574086000369 0.3314039808504212
0.767239653979965 0.3596113315860202
0.7713900651002756 0.3589785057621261
0
0
0
0
0
0
0
0
0
0
0.2536217412054549 -0.1300215216912267
0.5260104379276603 0.0005969591190119346
0.6388161591560518 0.1505508851043497
0.7048228073575604 0.2969008439856224
0.7374866749567001 0.406122366905228
0.7400664113139105 0.4803293333546292
0.7214903271712514 0.5304193454197038
0.6969695006653271 0.5456795166070828
0.6942583327171744 0.5437299352909014
0.6925816578724838 0.5098647114609521
0.6756176128759755 0.5049489959210137
0.6607063605415708 0.4945138374041362
0
0
0
0
0
0
0
0.1525861662574009 0.006748734220972144
0.435719782928598 0.07301033002251596
0.6037337616832448 0.2374668095509566
0.700211332650057 0.3823786782183492
0.7479920516042011 0.4827235102676453
0.7401815275285738 0.5258633614892204
0.7128327077106654 0.5117401217379722
0.6705344241201324 0.5029543057231712
0.668142296808849 0.5395956667923074
0.6054923384116081 0.6145277738057064
0.5692284979178662 0.6466241999298481
0.5781657317683034 0.6302245741321209
0.585271944650436 0.5858481397750042
0.5615684885276597 0.5727009815709311
0
0
0
0
0
-0.02049510383562473 0.0636835398314398
0.312820785795032 0.123216870212762
0.5329112487492782 0.2762143556326224
0.6758933213263227 0.4054536393365318
0.7446638961519553 0.4972444578137276
0.7110509948988872 0.4918787683291356
0.6484138350272511 0.4660540413678794
0.6364604757758949 0.4935655872954047
0.6425859340482365 0.5300243844039593
0.6336341593151651 0.5555073420879948
0.6357259972570998 0.5738866367462835
0.6041440950148601 0.6103707015938878
0.4802987509550253 0.661448632621884
0.4862447875230361 0.6689714815340662
0.4860748811719222 0.6368440642873057
0.4632217301000989 0.61296560929912
0
0
0
0
0.09797678857258878 0.1996224027046864
0.4154118836168537 0.2823125359232558
0.5960366219595499 0.4076028750050497
0.7157004302194763 0.4942074706174961
0.7049469461274999 0.5144895626006735
0.6228688207869355 0.5121401537503008
0.6406889753087958 0.5605807218961711
0.6504950085546569 0.6214355299696744
0.623196127967201 0.6636942258656178
0.5752865285433584 0.6953477304727212
0.5457548332926059 0.7025022011914716
0.5434801341364398 0.6898564803094195
0.5252014083637767 0.6989028674591634
0.398035711595443 0.6722276180699543
0.4225798916182852 0.6863760224644463
0.3830966239692913 0.6549375703347379
0
0
0
-0.1103229859265238 0.2666455647116907
0.1842066078477617 0.3066950282351746
0.4777214876119354 0.4135711329885455
0.6445540269860351 0.5073393927523965
0.7115807438549383 0.5461675133581024
0.6324200116924591 0.5579234188626416
0.6355245333184151 0.5923278670095793
0.6547737896766641 0.6436727549376086
0.6189795894508787 0.6607057668937452
0.5520522051496499 0.6571755006855229
0.5265057352897629 0.6640460656336572
0.4673535948522053 0.7124196826904119
0.4304847660152985 0.7376887614743181
0.4494613246535169 0.7626302174427945
0.4044322473445091 0.7489626676299496
0.3397229715434812 0.6660384753960006
0.3122209015524748 0.6839577386822532
0.2846774014270612 0.6322910230177974
0
0
-0.06572694250258543 0.41267339084944
0.2618786771177282 0.4325706876495052
0.5075406684938459 0.5101497472736796
0.6576413580813647 0.57510917483546
0.6745312801857271 0.5982096578454253
0.6077167951698608 0.6239713475487358
0.643963123867212 0.6616492335892322
0.6152876345032952 0.6842230669750515
0.5398966692180563 0.693874275002732
0.5063178960668611 0.7125062802950068
0.4804048050842206 0.7231714214543008
0.4556279352016829 0.745050486210814
0.3847163715348608 0.7517843523105969
0.3670440571439509 0.742046231509184
0.3389156960555834 0.7977198685492224
0.2760876971898487 0.6978241653925763
0.2703124638391073 0.7016807060423993
0.2152951597306242 0.6506098904599177
0
0
-0.01553585328689572 0.5156721376580542
0.2765887805915104 0.5325041798968912
0.5202851056264645 0.5971047955546434
0.6532563505673975 0.6362799140028903
0.6566642328694281 0.6597547710032265
0.5901961160445017 0.6920214444948555
0.6357828634777946 0.7165433513768587
0.5673307418197097 0.7392224456372866
0.50559858357105 0.7669601910454561
0.5067575955008299 0.8134263123673098
0.4244763087219275 0.8238101911550798
0.4077617082529519 0.8078318366357796
0.3367543340217388 0.8243003768724083
0.3065184440819818 0.7495898035170181
0.2693891847286237 0.8061679647571721
0.2077097683974268 0.756586630258644
0.2222870955124359 0.6712151648416453
0.1523986859957524 0.6518296161176774
0
0
0.002951484917000339 0.6106107755594793
0.2799010333085401 0.6390205179057162
0.5143956172845092 0.6711172086941677
0.6368753281144867 0.7034805569847871
0.6445566793949034 0.7210543779308168
0.581110351871358 0.7570966577848574
0.6157884001748187 0.7825317167532035
0.5462663359042742 0.7963905928691849
0.4956194121455085 0.8274237128362321
0.4975056211592365 0.8553349635268591
0.3644586376602544 0.8171269494502947
0.3661823685946103 0.806891676778666
0.2550442714475388 0.8541034693864444
0.2588548402408105 0.7948550295778981
0.2199114157344528 0.8104784606442403
0.1334528324716228 0.7655140669250414
0.2162583468340644 0.6706181071828871
0.08446660796377613 0.637013978412498
0
0
0.03361499110393321 0.7121894204668157
0.2544025782536383 0.7395349533761729
0.4847674201296915 0.7560439244768637
0.617048758201026 0.7738864985931839
0.6426537705073009 0.7909265576503149
0.5938992440322046 0.8349380085276258
0.5786356059054346 0.846810796695503
0.5403457708561217 0.8692625480092447
0.4964289048940848 0.902107515509931
0.4321185225317329 0.8911352856016946
0.3247584185756117 0.8925713369789799
0.3807288428835667 0.9039463873000451
0.1880349489546625 0.8560224240501195
0.2138195088589197 0.8081761200547428
0.1611649511639563 0.8132510405797173
0.07346019354040831 0.7368797821559312
0.1912093202688306 0.6676331626966873
0.01459115813245085 0.6147794590945994
0
0
0.035127669343051 0.7877267665579764
0.209213110465685 0.847136595808626
0.4395544608538694 0.8465439888415521
0.5901487239344848 0.851489002367441
0.6337771260179605 0.8719335470927098
0.6051243852508879 0.9017966728939508
0.58495465445852 0.936360426608647
0.5193759279837142 0.9482421629983481
0.4923657079165905 0.9674279509506059
0.4158581136857568 0.9479625780275835
0.3511533434566335 0.9937629403083457
0.3330924846689812 0.9571382438125282
0.1610786701722563 0.8398372440830373
0.2527960389515862 0.8571105157558967
0.08429003965945812 0.7923964989411675
0.04343139020794074 0.6915475088545499
0.1328481814242744 0.6754432097937122
-0.02760063669025109 0.584470375711145
0
0
0.145651532368606 0.7554362431940527
0.18643945585469 0.9391542002341443
0.3881424847903172 0.9526721751218049
0.5449034957206137 0.9491705573576191
0.6215663479621546 0.9529722821161312
0.6205363147570678 0.9771706359192233
0.6026913827490274 0.999094949414767
0.5263706896697756 1.020293520696596
0.5011069307374116 1.043991274619006
0.4330538331236736 1.024584854218697
0.3562193119986343 1.000979926574666
0.2476442427011345 0.9178339550353914
0.1976543466197395 0.9086267381241653
0.2120560117050031 0.9096308623184115
-0.001489312713712251 0.7293501924080971
0.1273805388529549 0.6999457037810012
0.03060936946906875 0.6501311106522307
-0.07976744404944383 0.5255364459962157
0
0
0.1411753684453539 0.7825188614755643
0.2078000120911133 0.9447374811757895
0.3270216552089121 1.064660685712411
0.4887459889629378 1.057552220127687
0.5914660651456356 1.052042809597758
0.6237695943813339 1.063276673003514
0.6132304036449687 1.083090270778756
0.5687919760275441 1.104075752942847
0.5114673951296526 1.112437737509917
0.4261178923379417 1.077297049894085
0.3593266063235031 1.026570453572688
0.2914030702837776 1.006448961444647
0.2706297721151047 1.007901075002796
0.0947741921062886 0.7934926326639554
0.02588127282366594 0.6880692098644183
0.1628538176331432 0.751216396122936
-0.09839786427092194 0.5292118727442987
-0.05109746828344747 0.4961339399007378
0
0
0
0.2747400575010874 0.8219500281989782
0.3094271208011117 1.0871929958837
0.4409015093462005 1.177809600406217
0.5485353735544337 1.172717555684839
0.6178011934461441 1.166084492291219
0.6324332452014662 1.176259914345494
0.6102843331754044 1.171980037029446
0.5548069576046015 1.16643550822339
0.4818343038790506 1.156589309019073
0.4164429334258827 1.130394247751252
0.3300944253303907 1.056208365478029
0.1758510257212528 0.868318130199079
0.06926499244657824 0.7270334981867972
0.1929705466421013 0.8376997820940753
0.01464210033672903 0.6295719632805357
-0.12477036017976 0.4359877129205612
0
0
0
0
0.339585456776368 0.6927421270652142
0.3538385883087854 0.9152177701770325
0.4130902114155375 1.179404611917079
0.4898962710860798 1.281030183036022
0.6037516052604625 1.276651647940878
0.6329876651072425 1.257378249354684
0.6265235326525963 1.244270187968164
0.6056752358886193 1.226489713826722
0.5220324709384851 1.15672151131839
0.4218586036954431 1.061948927005202
0.2958437906678306 0.9279744399762353
0.2025237782463945 0.875457519832495
0.2485325693717566 0.9385689945563911
0.1088728838165986 0.7125015384638422
-0.1004076206002955 0.4027203152191822
-0.03455355888734743 0.4367304022555675
0
0
0
0
0
0.4259445241276601 0.6373380266140847
0.4672458765941362 0.8146406493397955
0.4897513568870667 1.17407299927183
0.5639119321750624 1.312982685409577
0.6225896408178829 1.356679951964044
0.642376531234355 1.30798910751145
0.6258330290138268 1.269662851719209
0.5645127306221088 1.227815050284764
0.5042213116295573 1.161641993640869
0.4459328094241884 1.10764581127026
0.352873187862742 0.9726260708690055
0.163649773646143 0.6506283089829594
-0.04910549320212687 0.3608883670029905
-0.03336068390115044 0.3642673382449127
0
0
0
0
0
0
0
0.4725933591598234 0.5828263457710983
0.5138461041033475 0.6470720344520011
0.5567979320410792 0.8352499006875496
0.6003249821045922 1.054527696494727
0.6270575227620619 1.185982825381401
0.6349381306297085 1.185018587090715
0.5875161029404333 1.102295713104617
0.5143381840521886 0.9793476788604835
0.3908772875732074 0.7628679517444953
0.1911569474687347 0.4365053559068569
0.04105324505634322 0.2914301149765455
0.06757590192450572 0.3598754805797426
0
0
0
0
0
0
0
0
0
0
0.4872357283671116 0.4549606166521998
0.5449714756528992 0.4433295534702141
0.5380871259265433 0.4962429312137731
0.4927654364298729 0.4817519924050041
0.4276874829098822 0.4175690771573244
0.3311173539815239 0.3131511824196246
0.2460345523890414 0.2953723615724907
0.1912067275853007 0.3003148931984416
0
0
0
0
0
0
0
0
0
0
0
0
0
0
0
0
0
0
0
0
0
0
0
0
0
0
