./RotationSim r 36
0
0
0
0
0
0
0
0
0
0
0
0
0
0
0
0
0
0
0
0
0
0
0
0
0
0
0.08641084771871613 -0.0162865817883058
0.1374460998553968 0.03349190232009722
0.1737382664333839 0.07577358915725282
0.2031486609967743 0.09172334489330337
0.2423489618913088 0.1098546769477243
0.2718973475511147 0.1208946492691317
0.293424815739709 0.1370490293306385
0.3101674270481639 0.138374886254063
0
0
0
0
0
0
0
0
0
0
0.0009308723355928479 0.00873787570934899
0.06167800394830849 0.05729330061062626
0.1313852561007678 0.1212457548778556
0.1768767109195255 0.2050639510126179
0.1908266870925216 0.2481433835020126
0.2025208578721013 0.2702171146423659
0.2092145403262424 0.2867083518631726
0.2206131206987287 0.2966547148439734
0.2350057956545651 0.2858787112998203
0.2677505903273434 0.2565548249845012
0.2926806341011771 0.240018797859357
0.323474030120546 0.2246774598250593
0
0
0
0
0
0
0
-0.02099603987941506 0.07684930318479508
0.03378989054616769 0.1144110774443591
0.1262649737468778 0.2093644271366945
0.1926187229659147 0.2804012760367804
0.1950598820058013 0.2683031177992993
0.1611246470830799 0.2292548212614917
0.1641609072081886 0.2180438569217072
0.1787713594998374 0.2256021641991484
0.1938832266956644 0.2471104704827172
0.2036343961477813 0.2952363469527348
0.1957470545985261 0.3760930796616231
0.2253562434353173 0.356558370016213
0.2594647110936298 0.3071154694457635
0.2910255254985554 0.282760188111208
0
0
0
0
0
-0.07522618554740894 0.1333263992314388
0.004359155687864573 0.165810066662829
0.1138651743520734 0.2692692543275911
0.1868081738477511 0.3190116964599707
0.1434560449982291 0.2677082910928171
0.1203847346672633 0.253737953040752
0.1494012020476833 0.2728174818775788
0.1567337283824743 0.2980168599439157
0.159102422357022 0.3177834697343793
0.1774749419131548 0.3166272097795142
0.1841342371823607 0.2842767626559978
0.1834023448101262 0.2710804515427173
0.1647689443433098 0.3384268146687749
0.1675425904831503 0.3966101120935041
0.2314754802340732 0.3564466377043286
0.2672462915991577 0.3326783610883637
0
0
0
0
-0.0350020012669827 0.2112908063353774
0.06811382448291715 0.2910687537280169
0.1839229269357815 0.3482774243756668
0.1289912362035466 0.3108602179000134
0.1210512242985184 0.3078109527530536
0.1552951339755602 0.3719155093275319
0.1653054500230111 0.4024679644075792
0.1449257952823359 0.400265515117691
0.1498476291219034 0.3909160195415649
0.1368372974761403 0.4027491937678287
0.1350633410104579 0.3787473924267217
0.1405677031648605 0.3588302926506682
0.1596824140559621 0.3310244662437923
0.1397778273307222 0.3661284905600184
0.1408064073041428 0.4210676966314091
0.2073124285446599 0.3931408144651714
0
0
0
-0.09334366002787696 0.2612591455409582
0.004073503281150149 0.2963407814710982
0.1438053900156912 0.3742908572243594
0.1504530643814425 0.3708570556192625
0.1160290184420331 0.366813523534598
0.1503658035420932 0.4008199679254598
0.1622429447173442 0.4100469628800653
0.1374966742526274 0.4011930022334297
0.1174845511825015 0.3794674588841622
0.1128821199602903 0.3549434668188482
0.1252956725908399 0.3636241901777959
0.1150168969519231 0.3812938569160289
0.05665655477040128 0.3881709648351698
0.1042762385711229 0.389927930967687
0.1390627738672548 0.373406008085764
0.08116372874465995 0.4174625244404777
0.1309305008900534 0.4250315122083731
0.1934998514997263 0.4102936157732119
0
0
-0.05043673364962264 0.327952116156389
0.06385336218046264 0.3782150184707845
0.1861130900538359 0.4151700115919388
0.1272930777987675 0.4161394425034734
0.1396144537489344 0.4211306179087372
0.1724578144397812 0.4535835933561436
0.1284529034691647 0.4397334760411715
0.1011119830567067 0.4439463253018725
0.1001635721248069 0.4578508924701716
0.08502129952783261 0.4570491632536304
0.06535834747001761 0.4329679263863368
0.07816845066047293 0.4110568874549532
0.07240667303185593 0.3882207522112953
0.05193596238076283 0.4163393037284053
0.07183120511315672 0.3942539764768023
0.08180709545113322 0.386131769826387
0.04561706203997241 0.4329771454500621
0.1210236291452472 0.4461250490939845
0
0
-0.01771000252219994 0.394345465673141
0.111212108690613 0.4337898495774123
0.1786293175431499 0.4466782125338937
0.1376016169369648 0.4690893919165561
0.1684560377877133 0.4817312401387194
0.1610646650749202 0.486543736881799
0.1197214555477921 0.5032700418864031
0.1152182415724118 0.5221902748619357
0.09809966696240846 0.4884638890923166
0.06643555866402512 0.482495137327688
0.002700755996566993 0.4464062317821821
0.01345580669577326 0.4543655788454178
0.02630517155053036 0.4078944866144931
0.01582913525483936 0.3974391622740847
-0.006512610712898158 0.4178348671941212
0.05217605163369453 0.4007526668108422
-0.0007270289284493118 0.4272488714384845
0.06202227162950687 0.4481284908231622
0
0
0.009994573686751301 0.4523490855555313
0.1368694916869387 0.4856147985999997
0.1802560426998735 0.4921061127801178
0.1610788614552138 0.5163038326425622
0.1901532529300359 0.5273459947886945
0.1497268981665899 0.5360051792470165
0.125938264910635 0.5538042797137351
0.1022943606328865 0.541010255300811
0.03968141135990247 0.4986474170105636
0.0417535247798584 0.5043514075066986
0.006731725929800907 0.4730335700752157
-0.02885598346195603 0.4426961844411273
-0.03663357780557597 0.4503763014289301
-0.02755177993943109 0.3988281617276765
-0.03975773960551173 0.409695283809901
-0.007225286876135168 0.4049970314056219
-0.01918735127414484 0.4152718514547349
0.01023824212053568 0.4387579082240995
0
0
0.04722404234686342 0.5076342613798727
0.1572164927787788 0.5209836249115158
0.1929386203314031 0.5409620052165032
0.1791816314071807 0.5721999183954267
0.2033609419356552 0.5856744277671039
0.1631316801620533 0.5859054160934618
0.13843184296275 0.6093135388103728
0.07321912990278739 0.570918250948768
0.05272867909827584 0.5669460264272781
0.008663271346999832 0.5678879609109063
-0.05409908622528164 0.5126268025002214
-0.01982182829067657 0.4630351235221711
-0.08101325186090172 0.453511249608082
-0.05165463459009277 0.3997760995496356
-0.05665506102340238 0.4206592339198431
-0.05260465006519693 0.4075226797546407
-0.05155488264806459 0.3893814810171478
-0.0327695764322538 0.4397638298766362
0
0
0.08964038975533477 0.5561067682292427
0.1734238810644906 0.5652983682278937
0.2208975939812972 0.5764744786392714
0.2025695019949406 0.6140777110603526
0.2138069482302783 0.6343485222817
0.1706956477792031 0.6333789217386084
0.133340917050196 0.6333054871674548
0.07409542173193022 0.6310470902931163
0.0615453235194152 0.605915620696444
-0.01364260668896603 0.5316390800557981
-0.0750208869513313 0.5279438508970065
-0.04119338398105882 0.5010526202574375
-0.1280763883414927 0.4307309263900703
-0.07291736637833957 0.3954762055329352
-0.1123382558250253 0.4119765382098756
-0.08548143822929258 0.3913489850285483
-0.0853737086260706 0.4199333906035814
-0.08202091513554864 0.4327185114030517
0
0
0.1469486425693737 0.6013245070493317
0.1897643443692686 0.6061987211541683
0.2574254452193372 0.6116595376997223
0.2323957550437676 0.6360999745261313
0.228071983339724 0.6696803048465603
0.1816404473409941 0.6662774526905633
0.1356415345361726 0.6711664723657741
0.0587583154161475 0.6589503185993213
0.001791982247204483 0.6247183102181867
-0.03434642718657391 0.5982224744610318
-0.02122762782640626 0.5982834915642015
-0.09943007636523005 0.4717037945370012
-0.132917803126297 0.4240628744133014
-0.08349010230468414 0.412824214971203
-0.1495755398101331 0.3866080048491042
-0.1090226369616525 0.3689954673095907
-0.1264457768371665 0.4072194434796281
-0.1193801199501357 0.4161414746104958
0
0
0.2160860238343653 0.6324688074767657
0.235393924432555 0.6384096344380872
0.2774582997481757 0.6543098218654427
0.2640614439374317 0.6546402343933281
0.2459740216050001 0.6913467152013097
0.2031407138870941 0.6962124452478092
0.1466500433053647 0.6914774323241175
0.0863970016568692 0.675264582325954
0.02861098469459781 0.6580732714824399
-0.03009383526545511 0.609679570101084
-0.08526183040245303 0.4905858223653691
-0.1399430036832632 0.4176135717151692
-0.09531707082372037 0.4488773467051662
-0.1566255627779944 0.3954893662211003
-0.1681543253816416 0.3452771233514214
-0.09023260791718637 0.373698489747427
-0.1659690625050194 0.3779069836876804
-0.1299242357054297 0.3939862618902394
0
0
0
0.3106638758030333 0.6493566618056668
0.3118783902047577 0.6730330690588855
0.3068706837015835 0.6838307586682181
0.2809610871552891 0.6904557435480352
0.2331751199157738 0.7163701710352589
0.1556689207371007 0.7379523747957921
0.08890781237446566 0.7013326024443246
0.01844804711912879 0.6261238175815557
-0.04281322477431072 0.5600835192871889
-0.08817723306489463 0.5487928185850858
-0.08687611415365523 0.5682502956301828
-0.1485824186531435 0.4314879977285292
-0.1861682543810759 0.3179373208444917
-0.1399951557012328 0.3567703729345613
-0.1671374841114243 0.3610963451709414
-0.1834391035810488 0.3411512010302698
0
0
0
0
0.3814983795288603 0.6388505847558624
0.3930328197413742 0.6483744496560014
0.347773143898338 0.6981479266121607
0.3193908873183195 0.7120800646622392
0.2711522460278131 0.695595680525541
0.2022367939104744 0.6966669877272469
0.1217464228934286 0.6965654898801074
0.03455136158273228 0.6911019404603244
-0.0253631633307939 0.6558412095107372
-0.0700010345094897 0.5157533466837071
-0.1382580475600299 0.3653767072645667
-0.198610950914426 0.2793859626181016
-0.1319395890646589 0.3412341987838687
-0.1399861756052277 0.3627794870455436
-0.2115514006614345 0.2990102813129265
-0.1654721607751027 0.3394382307587416
0
0
0
0
0
0.4817657415634929 0.5905044239905491
0.4667057562541455 0.6112744142128549
0.3827795857423427 0.6876336156776645
0.3007565542398473 0.7243731784788382
0.2338212477926203 0.6809204835880733
0.1571914166127583 0.5753611648935552
0.07329526478340152 0.4877245059141239
-0.01329315210428413 0.4197890907351415
-0.0925977218951832 0.3555694142638351
-0.1058962568965151 0.3782668507210392
-0.08883818254035378 0.4657516002829875
-0.1413556280972546 0.3551686018526873
-0.2170801281228414 0.2486751733878813
-0.2023941890092007 0.279101311212073
0
0
0
0
0
0
0
0.5547655334209914 0.4971117417310218
0.5127222619889412 0.4860597940652041
0.4396288190098471 0.5208180908113206
0.324614581502492 0.6289311725402382
0.1864586056254593 0.6670375173556108
0.08574771494356724 0.6592909677712768
0.02183045068274174 0.6227304793220551
-0.01857466177532581 0.5691412206485565
-0.07328348818880061 0.4115523869600559
-0.169895333511363 0.2132903411541262
-0.2083446469986825 0.1887261789698613
-0.1976071258122541 0.239198987646548
0
0
0
0
0
0
0
0
0
0
0.5053361099448234 0.3115511506951342
0.429587981472028 0.2831084836316098
0.3119440660209057 0.2613600205757559
0.1888745126087776 0.232794681242761
0.07123529468536464 0.1973475500846633
-0.02828391472761496 0.1465783824762873
-0.1065780851981346 0.117826929750427
-0.128173029560371 0.1599134312099789
0
0
0
0
0
0
0
0
0
0
0
0
0
0
0
0
0
0
0
0
0
0
0
0
0
0
