./RotationSim r 40
0
0
0
0
0
0
0
0
0
0
0
0
0
0
0
0
0
0
0
0
0
0
0
0
0
0
0.04162260841055532 0.02292809674533307
0.07892962438556898 0.06264223931003335
0.1205283046201111 0.07909999512204952
0.1530402873896031 0.09709604039585952
0.1735034841188598 0.1119926874378957
0.192132248579905 0.1225643856925143
0.2131789719904008 0.1289181060639935
0.2385087542372945 0.1174182351983298
0
0
0
0
0
0
0
0
0
0
-0.03310400397337385 0.05805450324728131
0.02321148260433086 0.09505765892747134
0.08122494280566099 0.1507222813292358
0.13775729713223 0.2226526109175668
0.1589093886277403 0.2645348804074085
0.1649388942571701 0.2858738704013031
0.1489249172884452 0.2881353916001972
0.1609812073095128 0.2745098838830252
0.1778309439824265 0.2582789736939385
0.2030531830771019 0.2190803324160723
0.2360458767102947 0.1970376899939666
0.2586618132651719 0.1826979559969397
0
0
0
0
0
0
0
-0.06093146855888287 0.1275193463821458
0.007505563319879334 0.1663010455444156
0.1021644683789548 0.2489216403073592
0.1580145238099304 0.3095967627438088
0.1318580481724599 0.2676882113036749
0.1104916688547031 0.1963648088021124
0.1234636649281073 0.1784920547559859
0.1431128381205689 0.1787043026742247
0.1622866927620062 0.2023692768374354
0.1595971503244324 0.242247079516233
0.1348419924511052 0.3220504417914467
0.1734401239160613 0.3065226705413397
0.2124964686231724 0.2624597997057828
0.2281207277800808 0.241652388844796
0
0
0
0
0
-0.1088100358044453 0.1700442017100894
-0.02148471523195137 0.2140097774324124
0.1044392719898744 0.3024974904665668
0.1591814392051723 0.3236828675464443
0.07154778095613029 0.2610289582922564
0.07514043275287373 0.253280341803181
0.1032212921367509 0.2818268353413247
0.1223046747868953 0.3017844804546685
0.1280400412958531 0.2901016584310558
0.1482463766119348 0.2810108841061256
0.1519559689520991 0.2643921135000359
0.1627427954915271 0.2363996789851248
0.1419946362976935 0.278187471888436
0.1352137767263416 0.3229070316418088
0.1827996055165088 0.3027811714937907
0.2084183636652932 0.2831972186334638
0
0
0
0
-0.05170231047874088 0.254718619151982
0.07396160546416976 0.3250528378739289
0.1519654820169468 0.3596863491240663
0.06519870371962895 0.314740560750517
0.07624659945530388 0.3283152522526475
0.1289790200401884 0.3615630170678746
0.1381318059941953 0.37175506954108
0.1023821188387884 0.3474480680857789
0.09886146066192096 0.3297651048891905
0.0996960620066436 0.339648256079416
0.08991665333385504 0.3445159303111535
0.1133795128361855 0.3271801531848884
0.1400806733264549 0.2897393644807306
0.114155426821749 0.311778908249181
0.1156033481533712 0.3518380467184616
0.1641297636842854 0.3195139793119721
0
0
0
-0.09204371395153256 0.2942101461679811
0.006004802794310299 0.3337438954272262
0.1357550484108825 0.3975163747079514
0.1095841523798659 0.3760244600853363
0.08064920948397319 0.3753376463126338
0.1281117353032202 0.4029045811089524
0.1330441006118095 0.3977418713081506
0.07365833539125471 0.3493745077002181
0.07182594438844152 0.3317841618585854
0.0766348940553689 0.3141149965372959
0.08696593112272252 0.2976939731032432
0.08016810329683077 0.2915960707984308
0.04627032271442459 0.333012429469414
0.07866118585336339 0.3488621415694511
0.1069638612177402 0.3053646927843868
0.07934735605069421 0.3338261495280919
0.09849441278379352 0.3451932221210025
0.1505259050105088 0.3292211871894393
0
0
-0.05180409980185011 0.3565308086049342
0.07332926233490102 0.4136198937078933
0.15888716824451 0.4235409600057623
0.08134419084386034 0.4199828109364108
0.1040897081730593 0.4481481667771497
0.1334758412739774 0.4405052014288593
0.07961690510662173 0.3950535937401177
0.06172488569913544 0.3968422056889249
0.06286573034050602 0.4314263625152367
0.03010797302818203 0.4080300051691255
0.03507393104803177 0.3772030703727191
0.04463880519558882 0.3540411646231064
0.05345283216465956 0.3240816706408323
0.005632123211889041 0.3266503421097606
0.05078358411085594 0.3440807446660317
0.06373036585933788 0.3078874086686874
0.03552369573369941 0.3671485343847358
0.08860322630783332 0.3474022601845693
0
0
-0.01069748038828752 0.4262215345022052
0.1152293550896536 0.4669224973802369
0.1560458545811096 0.4607718763507191
0.09212601986829967 0.4803114298430439
0.1498572172806736 0.4912349376225991
0.1159088187346802 0.4752778695184115
0.05799687315761848 0.4606186756120688
0.0792433852023689 0.4690950672327472
0.05365911477245663 0.4288350526888874
0.02085351482735479 0.3780274911091894
0.003180078316177371 0.3699947202670812
-0.003369117437368487 0.3641498515673402
0.007076664890453351 0.3547930376745022
-0.006466923528751126 0.3319950062940795
0.001907926693305901 0.3597148407181286
0.03345627627934836 0.3513054182618888
0.0210577341988294 0.3492291192523391
0.05116369377361481 0.3584783854792215
0
0
0.0247774857034846 0.4840023837795319
0.1459748636155064 0.5116778274872017
0.1566489838041971 0.5089848097667312
0.1126989293188673 0.5273290608187255
0.1705823336001663 0.5366610409476875
0.1078230030168087 0.5215165326987674
0.08171185421460492 0.5208969433733633
0.07655680287791675 0.5058988554445898
-0.01479563185882072 0.4304179057510829
0.01524963488423942 0.4146960177437075
-0.004480272226161208 0.400218708497562
-0.04572104447473968 0.355982722993648
-0.04892449172474058 0.3761630269710762
-0.03077263812763362 0.3412611142199657
-0.03453215686308279 0.3435443020605503
-0.009152843554054222 0.3495434123013602
-0.001092072770026981 0.3359510509567252
0.009953398882486801 0.3665642535541626
0
0
0.05833333666816804 0.5310651299028704
0.1657769305312993 0.5546400195576183
0.1908216085122991 0.5566099987070706
0.1422425941350025 0.5736339462744672
0.1696474743837935 0.5649505949339604
0.1124276316131045 0.5717823333557641
0.08440522803488458 0.5515702632077306
0.05011094600814392 0.5240661427183385
0.003044054772913643 0.4936019152934932
0.02051446040492511 0.4996445069702939
-0.0794484465145722 0.4437606210197092
-0.04030164773104556 0.3658494089409081
-0.06164340385201059 0.3758321644241331
-0.05821422938380574 0.3406857082684003
-0.05001327686425456 0.3217733942533082
-0.04994733261938639 0.3388557731379199
-0.03505312855540104 0.3330919732080485
-0.02639135980343394 0.3605870102885495
0
0
0.09530526704607209 0.5751194030495975
0.1776349149224971 0.5942542249228483
0.2198592893090309 0.5928228023761161
0.1647800716665222 0.620002878410845
0.172265751272626 0.606230117789929
0.1309913340452119 0.6075689817156443
0.0835469229884556 0.5813024710737896
0.05884087526820347 0.5465922787959027
0.01787983250957158 0.5301883559113788
-0.02970143518920643 0.4420519410489793
-0.10409263853499 0.3848669857749479
-0.03674158560152994 0.4125590906541368
-0.09559408462089672 0.3578008972009282
-0.08277927847695088 0.3246298569490872
-0.07188744174688515 0.3276646195235745
-0.0794887120997578 0.3262738271254069
-0.05930721071377069 0.3293461630090375
-0.06154035826863741 0.3552031271536243
0
0
0.1488143847269933 0.6170355962123083
0.1920772036005445 0.6310223378851951
0.2491667384382824 0.6263682874886437
0.2003091222943606 0.6587036673283295
0.1814857440057484 0.654532636597716
0.1554616897469629 0.644308911799757
0.08938717975607638 0.6408995448537388
0.03266943754788412 0.5806723048158757
-0.0166661041976033 0.5325236675683286
-0.06758523827401705 0.4809546456662726
-0.03927234072331705 0.5129003030389461
-0.075917186187042 0.4086320482186946
-0.1312078636054908 0.312382617753507
-0.06099358796596745 0.3371132459613506
-0.1180988113454271 0.3250939548379274
-0.09910951292071606 0.3038314511724564
-0.09662015650876409 0.3133298202157528
-0.09181635657516461 0.3293503663016866
0
0
0.2201245192765051 0.6395254830548701
0.2265002528339358 0.6615555607719081
0.2669840584277467 0.6670673822960625
0.2588408957298465 0.6590791535642551
0.2025024805747551 0.69714235302392
0.1701766783625601 0.6709716462915459
0.09213888816674783 0.6396545094237692
0.03553057834013981 0.6149076389608951
0.008138273850859686 0.5836364887635899
-0.03985822620444181 0.5202409136713378
-0.09080064508457091 0.4049527487228757
-0.1346684738126858 0.3097487959776453
-0.08505761674793316 0.3351190517849259
-0.1005053321051595 0.3195089713431898
-0.1503456512558203 0.2957531074082733
-0.07011199935693516 0.2984596976796585
-0.14360869061721 0.2945478840151238
-0.1057888807761991 0.3190168107339487
0
0
0
0.2886510458004442 0.6664014858746683
0.2892439826366875 0.6966696114637083
0.2952130254156667 0.6770838263453611
0.2511533010966897 0.6874235158527028
0.1751910775714091 0.7005234178826318
0.1074114604440664 0.667279496465417
0.03020502004275277 0.6180647961016001
-0.02029773340787148 0.5076659524135002
-0.06121059617964531 0.4259500651023969
-0.09390948719686866 0.4064701228163476
-0.0709577476115997 0.4511724212171635
-0.08810663219102341 0.345391755343308
-0.163961614848544 0.2407323065871542
-0.1314722293330506 0.2529170986762264
-0.1145019217521421 0.2933944775234088
-0.1549910904452461 0.2803971242151889
0
0
0
0
0.3665762963292925 0.6258166426390706
0.371912509836741 0.6589024788442049
0.3225240238979713 0.7142827709203834
0.2907571681499136 0.6947907789956121
0.2318420180748544 0.6480603899156727
0.1565215264707006 0.6461351197244387
0.07539390439552783 0.651218285931972
-0.005891569219866334 0.6284978979898295
-0.04148011948134834 0.5871982342646058
-0.08035968226108886 0.4777344096374165
-0.1241883939843731 0.2994944585652428
-0.1524749130896207 0.2069364463911772
-0.123957397655645 0.2423399201656562
-0.09233199371182745 0.3102923160720262
-0.1670063271433382 0.2447382551863506
-0.1424411131380617 0.2615410285355791
0
0
0
0
0
0.4772655349435503 0.5709205204115615
0.4327398492484128 0.613025256606603
0.3354703938050272 0.7087520810486823
0.2439604154918183 0.7066373488376961
0.1565616049385743 0.6153308678287795
0.114960201702387 0.4994267687526125
0.0434198741811758 0.3869817971688659
-0.02353308808095716 0.3067856715487085
-0.06978003208350568 0.2502258492512623
-0.1067151353123187 0.2464240094981269
-0.05262202250758925 0.3527180352547465
-0.1034131566397251 0.2920986690080064
-0.1727509702385122 0.2005821755291627
-0.1720593736056663 0.2213641414504099
0
0
0
0
0
0
0
0.5229160746392865 0.484476517754015
0.4610587561859548 0.4944545897920016
0.3646785309012588 0.5538830312925571
0.2286207099908426 0.6579010043826136
0.1271281844743464 0.674876559823096
0.04525038742841855 0.6321234378202428
-0.0199421161995573 0.5742523428922547
-0.0353144538361472 0.5322001040334458
-0.03918229843319074 0.3874694009864225
-0.1177517104019215 0.1659580241426598
-0.157171189249256 0.1395469272812337
-0.1562563341678355 0.1702789533486766
0
0
0
0
0
0
0
0
0
0
0.4379976705332911 0.2929856232564401
0.3480828941668342 0.2669413326695572
0.2408360188365318 0.2492506352061938
0.144952639705511 0.2117964114722057
0.05294559177394195 0.1655315476933348
-0.02156429363170543 0.1347937049269674
-0.0831231229852519 0.1114427459014008
-0.123282829975071 0.1128307175868775
0
0
0
0
0
0
0
0
0
0
0
0
0
0
0
0
0
0
0
0
0
0
0
0
0
0
